        10
  0.0000000000000000D+00  0.0000000000000000D+00  0.0000000000000000D+00     0.1600000000000000D-01
  0.2000000000000000D+00 -0.1154700543425170D+00 -0.8164966089959040D-01     0.1280000000000000D+00
  0.4000000000000000D+00 -0.2309401086850340D+00 -0.1632993217991808D+00     0.1280000000000000D+00
  0.2000000000000000D+00  0.1154700543425170D+00 -0.1632993076570454D+00     0.9600000000000004D-01
  0.4000000000000000D+00  0.0000000000000000D+00 -0.2449489685566358D+00     0.3840000000000000D+00
  0.6000000000000000D+00 -0.1154700543425170D+00 -0.3265986294562262D+00     0.3840000000000000D+00
  0.8000000000000000D+00 -0.2309401086850340D+00 -0.4082482903558166D+00     0.1920000000000000D+00
  0.4000000000000000D+00  0.2309401086850340D+00 -0.3265986153140908D+00     0.9599999999999996D-01
  0.6000000000000000D+00  0.1154700543425170D+00 -0.4082482762136812D+00     0.1919999999999999D+00
  0.6000000000000000D+00  0.1154700543425170D+00 -0.1632993076570455D+00     0.3839999999999998D+00
