E	P1	E	P2
465.05	0.346050861489108	464.95	0
465.15	0.296124269157138	465.05	0
465.25	0.285032596885187	465.15	0
465.35	0.161859704040979	465.25	0
465.45	0.207210120556734	465.35	0
465.55	0.367491074662389	465.45	0
465.65	0.29032538676463	465.55	0
465.75	0.284955308635588	465.65	0
465.85	0.383637527810835	465.75	0.0138542219798025
465.95	0.354455554405754	465.85	0.00923138871732347
466.05	0.322249961194184	465.95	0.0296506749873665
466.15	0.273086226522481	466.05	-0.0370661511682936
466.25	0.301865589589693	466.15	-0.0284786113628889
466.35	0.289183202255911	466.25	-0.0317819185202416
466.45	0.354006053707249	466.35	-0.0114779776849096
466.55	0.352997102499094	466.45	0.00580201974829348
466.65	0.237629029337197	466.55	-0.037952498215274
466.75	0.228578219589176	466.65	0.038976971019259
466.85	0.202400786464532	466.75	-0.0384810979473646
466.95	0.203924561494283	466.85	-0.0984883170635844
467.05	0.299583160863041	466.95	0.0291177437855441
467.15	0.22931197288767	467.05	-0.0239368247118369
467.25	0.262732834894189	467.15	-0.0507043451058403
467.35	0.357042608785637	467.25	0.0306461109016676
467.45	0.305680524654628	467.35	0.0139731128027016
467.55	0.364874915920733	467.45	0.0747704722104132
467.65	0.313911238164226	467.55	0.0679742357763357
467.75	0.35320730066746	467.65	0.101941300563893
467.85	0.310889235266725	467.75	0.0463151224442323
467.95	0.330612614477156	467.85	0.00977567799533164
468.05	0.25623965178248	467.95	0.0374133104460612
468.15	0.246679839085218	468.05	0.0248947212217953
468.25	0.202948595229472	468.15	-0.0672059613857495
468.35	0.314771433745537	468.25	0.00788216798081319
468.45	0.305167964505614	468.35	0.0389235495592328
468.55	0.373379857194598	468.45	0.0458575909007051
468.65	0.173322295234646	468.55	-0.025047766485654
468.75	0.423869457235991	468.65	0.128882561021585
468.85	0.0914475216019041	468.75	-0.0768070651084071
468.95	0.323676074921095	468.85	-0.0285089316510119
469.05	0.148753363170694	468.95	-0.0689966230578572
469.15	0.256745420913748	469.05	-0.0273572419767544
469.25	0.237082837481244	469.15	0.0283975968364228
469.35	0.211121746779117	469.25	-0.025601873761721
469.45	0.219759597971749	469.35	-0.00404713280767472
469.55	0.2183127878098	469.45	-0.0574482830535257
469.65	0.0268358708025043	469.55	-0.121393289430412
469.75	0.249935323640503	469.65	-0.00505291612189077
469.85	0.246124592538935	469.75	0.0325328670319005
469.95	0.310297446577327	469.85	0.0309703294323368
470.05	0.293288534174988	469.95	0.0427859371616039
470.15	0.159396181507735	470.05	-0.0388938709703294
470.25	0.367455502664666	470.15	0.007617739774924
470.35	0.191974633931805	470.25	-0.0379175256078095
470.45	0.278184987323434	470.35	0.0397996294187007
470.55	0.298734930408237	470.45	0.0236300924849
470.65	0.262905197392249	470.55	0.004191819939199
470.75	0.265524266570083	470.65	-0.00806195605964594
470.85	0.28457436487815	470.75	0.0493753860221868
470.95	0.24197269364102	470.85	0.00317955546286567
471.05	0.365809489315465	470.95	0.0425833206330363
471.15	0.192257916386402	471.05	0.00710529482068518
471.25	0.22152526258602	471.15	-0.0102334501760662
471.35	0.21277907849123	471.25	-0.0345359311456737
471.45	0.11239457753402	471.35	-0.0282381345803688
471.55	0.263289698349459	471.45	-0.00312870079971765
471.65	0.344728229937393	471.55	0.0735570189862757
471.75	0.242587119056243	471.65	0.0281892050148794
471.85	0.143310524137217	471.75	-0.0170667928675132
471.95	0.242755277590935	471.85	0.012550658142762
472.05	0.235556152015315	471.95	0.0601586601320296
472.15	0.26195219123506	472.05	-0.00731675075600189
472.25	0.261319009675583	472.15	0.0459453432689763
472.35	0.264254669633156	472.25	0.00110416703430684
472.45	0.388417110777669	472.35	0.0657289302071886
472.55	0.348812542039634	472.45	0.13291227169545
472.65	0.379899234231904	472.55	0.0804859267339916
472.75	0.316112498059709	472.65	0.0241134524220135
472.85	0.240020761111399	472.75	0.0705379845831763
472.95	0.279160630206447	472.85	0.078568529466026
473.05	0.283870039323227	472.95	0.0279503324804081
473.15	0.307594621513944	473.05	0.0281134845069745
473.25	0.378052724168262	473.15	0.0658699436106811
473.35	0.266226005070627	473.25	0.011329007211095
473.45	0.40177601283179	473.35	0.0406720195076563
473.55	0.232168080923061	473.45	0.0111781116396217
473.65	0.0866857246339318	473.55	-0.0552937779239426
473.75	0.270146362601542	473.65	-0.0122559898611523
473.85	0.294208878770632	473.75	0.0672552118008487
473.95	0.168600597609562	473.85	0.028877267003024
474.05	0.24081531018782	473.95	-0.00538058378586497
474.15	0.158098773736224	474.05	0.00717036312154585
474.25	0.318406891912868	474.15	0.0697458068966624
474.35	0.158708671806281	474.25	-0.028944645421075
474.45	0.134204092720029	474.35	-0.0246733349910563
474.55	0.161477790138149	474.45	-0.032679334878759
474.65	0.332698427070937	474.55	0.00330163873938188
474.75	0.123777293423708	474.65	-0.00191077172352389
474.85	0.447760904434211	474.75	0.0626993077669669
474.95	0.294547782894396	474.85	0.0225523586456938
475.05	0.36262094479226	474.95	0.0928399201084472
475.15	0.0699342241423915	475.05	0.00852790990542958
475.25	0.408094893154654	475.15	0.0548510054624646
475.35	0.129371475138407	475.25	0.0440680522022315
475.45	0.236799878408444	475.35	0.0301826436403597
475.55	0.407933202255911	475.45	0.0640191226367421
475.65	0.121854788637657	475.55	-0.00772653987759587
475.75	0.281403606353806	475.65	0.0260963030103715
475.85	0.18848890153671	475.75	-0.00149717411706198
475.95	0.104657991410979	475.85	0.00550308416687388
476.05	0.204752095514048	475.95	0.0726363410310502
476.15	0.118710547420707	476.05	0.00965025788287385
476.25	0.265185685828116	476.15	0.0616196488301021
476.35	0.226673177420189	476.25	0.00881287248634384
476.45	0.263021938221141	476.35	-0.0574258235808421
476.55	0.271655262068609	476.45	0.0804365158940875
476.65	0.259243545299322	476.55	-0.00926276780915865
476.75	0.0920425441092772	476.65	-0.0138610881614515
476.85	0.244640270088477	476.75	-0.0131634488124554
476.95	0.323273141201428	476.85	0.0651201180726564
477.05	0.340466057846536	476.95	0.0226940137484058
477.15	0.12134255187044	477.05	-0.0796950324459168
477.25	0.0340284964039944	477.15	0.0856073282050871
477.35	0.235246675635122	477.25	-0.116774338448211
477.45	0.24348385678067	477.35	0.00112111431069472
477.55	0.224955373311947	477.45	0.0539035365648237
477.65	0.187661690898743	477.55	-0.0267110508626844
477.75	0.277115563719149	477.65	-0.0288352357041446
477.85	0.309282674496818	477.75	0.178482220920999
477.95	0.231657784446629	477.85	-0.0673768138029502
478.05	0.273040953070834	477.95	0.0545461983331863
478.15	0.283436384332799	478.05	0.0603927199223544
478.25	0.262219304599783	478.15	0.119530276171302
478.35	0.306779052620686	478.25	0.0370234781701947
478.45	0.166392223314534	478.35	0.00775410085907483
478.55	0.181356069229575	478.45	0.0421312435328751
478.65	0.211510128317897	478.55	0.0870894929774042
478.75	0.218108410513789	478.65	0.11655519816474
478.85	0.157401562580845	478.75	-0.038447569163144
478.95	0.0540991876649247	478.85	-0.0742142794118827
479.05	0.171529466549387	478.95	0.0655776496161836
479.15	0.273283489418948	479.05	0.0730447825842832
479.25	0.229694533554095	479.15	0.0123053686160954
479.35	0.178745731360273	479.25	0.0545064129815752
479.45	0.242520179024163	479.35	0.0508694222300652
479.55	0.287164006312413	479.45	0.00443678861625585
479.65	0.288146763594971	479.55	0.0398166344480184
479.75	0.277035365033373	479.65	0.0342585566580305
479.85	0.24430427640089	479.75	0.0118685960423201
479.95	0.217936694779324	479.85	-0.0344698361260618
480.05	0.214290565012677	479.95	0.0216311994160537
480.15	0.185268342215553	480.05	-0.00188309844468152
480.25	0.166718838929994	480.15	-0.00948136264829268
480.35	0.147979833911109	480.25	-0.00109201325108888
480.45	0.155514629792518	480.35	-0.0121582751124979
480.55	0.179020282506338	480.45	0.0322853315579655
480.65	0.188214350390645	480.55	-0.0148896357554805
480.75	0.213149997412946	480.65	0.0950370982361293
480.85	0.203757049723185	480.75	0.032654469034002
480.95	0.211569307186837	480.85	0.0352778958682591
481.05	0.224675648057122	480.95	0.0455009665594494
481.15	0.22229167744606	481.05	0.0871259094081127
481.25	0.217466174263983	481.15	0.0690210076281995
481.35	0.19557354995602	481.25	0.110252588855289
481.45	0.171264293475449	481.35	0.0551397701112546
481.55	0.190689838050396	481.45	0.0434999879681396
481.65	0.21305427640089	481.55	-0.00611398182386961
481.75	0.212323433538573	481.65	-0.00538445002366266
481.85	0.206837584726031	481.75	0.0454026261540559
481.95	0.192135354685156	481.85	0.0975584948944806
482.05	0.164327753919387	481.95	0.0165515083942279
482.15	0.15398406374502	482.05	0.0115569708588342
482.25	0.151163204325555	482.15	-0.0565043435015922
482.35	0.140337028509339	482.25	0.00345930423762122
482.45	0.138910914782429	482.35	0.0241399225148192
482.55	0.124914627205464	482.45	0.0116129912006995
482.65	0.150800693330574	482.55	-0.00165104396441778
482.75	0.15242665700833	482.65	0.0330641939856741
482.85	0.19047834635484	482.75	0.00636880058394629
482.95	0.173482692606199	482.85	-0.01625985609895
483.05	0.208303151032235	482.95	0.0252369073306115
483.15	0.219134824339008	483.05	0.0146454531599676
483.25	0.237387463134475	483.15	0.0104472643560147
483.35	0.224433435090806	483.25	0.0600885544922956
483.45	0.212997361204533	483.35	0.0115638530829637
483.55	0.229724608061261	483.45	-0.0117893782736687
483.65	0.190641007398976	483.55	0.0660188178296128
483.75	0.181824972835929	483.65	-0.00168462087607986
483.85	0.138991113468205	483.75	-0.0581358637672557
483.95	0.145460689708698	483.85	-0.0222327924343662
484.05	0.160811300253531	483.95	-0.0289053413438786
484.15	0.153734412997361	484.05	0.018211103000746
484.25	0.155277590934961	484.15	0.0437038878951464
484.35	0.18413585916076	484.25	0.0194691543206411
484.45	0.20271996429865	484.35	0.022240011550586
484.55	0.246097751849744	484.45	0.0522399313381835
484.65	0.230011447715631	484.55	0.0579558671361766
484.75	0.231232860764733	484.65	0.0499432898314737
484.85	0.196632948724582	484.75	0.0404029871098669
484.95	0.207360493092565	484.85	0.0487221362167018
485.05	0.192913734671703	484.95	0.0286526722761873
485.15	0.173482369224401	485.05	0.0504040298710987
485.25	0.143227091633466	485.15	0.0615639814228076
485.35	0.132394448181301	485.25	0.0342781284842262
485.45	0.128685258964143	485.35	0.0277916723483785
485.55	0.166891848191649	485.45	0.0293580601432594
485.65	0.140386829306152	485.55	0.0196037507319382
485.75	0.121586705127542	485.65	0.0387279917220801
485.85	0.0953487996067677	485.75	0.0258389816233386
485.95	0.12245239819941	485.85	0.011411529730727
486.05	0.113056216691675	485.95	-0.0353555414738227
486.15	0.120028004863662	486.05	-0.0262090816482044
486.25	0.13103527448647	486.15	-0.0190424243396514
486.35	0.114176087856367	486.25	-0.0182629202127233
486.45	0.0955156646142702	486.35	0.0689837890734665
486.55	0.087799128162674	486.45	0.0387682583481058
486.65	0.102824740001035	486.55	0.0361276660597262
486.75	0.124998059709215	486.65	-0.023958802910106
486.85	0.158040888394474	486.75	-0.037409460250744
486.95	0.170696111657267	486.85	-0.0260728809888585
487.05	0.206875743778134	486.95	0.0241121690235744
487.15	0.17046554043566	487.05	-0.00871050541834779
487.25	0.167232692606199	487.15	0.0266685382893903
487.35	0.164569320122109	487.25	0.017685872189558
487.45	0.132252160190407	487.35	0.0349079562681982
487.55	0.123737517462617	487.45	0.0110466755969808
487.65	0.151186811196771	487.55	0.0449422069640408
487.75	0.142150877011435	487.65	0.0370595737512934
487.85	0.151998176126662	487.75	0.012088730959581
487.95	0.1295266984012	487.85	0.0507750924447938
488.05	0.144085993687587	487.95	0.0769779175256078
488.15	0.119379624359704	488.05	0.0060537583521164
488.25	0.134600882185544	488.15	0.0566225765827912
488.35	0.14783689915662	488.25	0.0600187697021714
488.45	0.135140283023749	488.35	-0.00734233851238078
488.55	0.151857505044756	488.45	-0.00272049988369202
488.65	0.125041716251876	488.55	0.0235939969038013
488.75	0.135763116365706	488.65	0.0215872430195157
488.85	0.0999945025094427	488.75	0.0329652118810611
488.95	0.0821464143426295	488.85	0.0527911509677626
489.05	0.0755892016350184	488.95	0.0293994497429193
489.15	0.0794021964091685	489.05	-0.012173226704313
489.25	0.07704733015988	489.15	0.00143438545267869
489.35	0.112431766440731	489.25	0.023586136088362
489.45	0.153880258188027	489.35	0.0226747627718198
489.55	0.195799593832462	489.45	0.004794086741692
489.65	0.179115356754799	489.55	-0.0135444577240533
489.75	0.14894027784964	489.65	0.00196156221674995
489.85	0.108955412117763	489.75	0.0198937987791672
489.95	0.0831547187871889	489.85	0.0450777659241672
490.05	0.0687202488746314	489.95	0.00172771097867152
490.15	0.0742206498680602	490.05	-0.00632266241006184
490.25	0.0394635742743312	490.15	-0.0341841195485646
490.35	0.0702459641951674	490.25	-0.0774721863494534
490.45	0.100579176799296	490.35	0.00925063969390947
490.55	0.135725604077198	490.45	0.0746211167170668
490.65	0.148942218140425	490.55	0.075477464325534
490.75	0.162877709939463	490.65	0.120292454419302
490.85	0.174706045946086	490.75	0.006182194450906
490.95	0.177979963263828	490.85	-0.0614848919940001
491.05	0.154953562373881	490.95	0.00495258644891673
491.15	0.158639791483417	491.05	0.0178520722874171
491.25	0.162185996274642	491.15	0.0246882544979105
491.35	0.14806197288767	491.25	0.0877969663669397
491.45	0.135167447094738	491.35	0.0904138157841966
491.55	0.104806747037823	491.45	0.0212331854751382
491.65	0.0837429502768148	491.55	0.00750497717957151
491.75	0.0364558001759197	491.65	0.0157151497164492
491.85	0.0319631862161743	491.75	0.00722157071926461
491.95	-0.0253063072385782	491.85	-0.00567785094931378
492.05	0.0181993454752419	491.95	0.0765340220904956
492.15	0.0626380840275263	492.05	-0.013505715133674
492.25	0.112553034614788	492.15	-0.0176946955538265
492.35	0.144415196357427	492.25	0.046143628327812
492.45	0.145764021834739	492.35	0.0389548323961851
492.55	0.145676061985823	492.45	0.0263067803543784
492.65	0.150519027784964	492.55	0.0946711692561904
492.75	0.118693084803643	492.65	0.0767510768515028
492.85	0.110356302064469	492.75	0.0120524749536773
492.95	0.0996184094789673	492.85	0.0140986933399642
493.05	0.121190239043825	492.95	-0.0391463796132158
493.15	0.12913831686242	493.05	0.00553818511418235
493.25	0.120752703471827	493.15	0.0366923613729155
493.35	0.10304399285973	493.25	0.00532984142008037
493.45	0.101406064055466	493.35	0.0451562136537551
493.55	0.0941561675376416	493.45	0.0464359223223095
493.65	0.100291366999534	493.55	-0.016779632466772
493.75	0.111988409996378	493.65	0.0335151481122011
493.85	0.142071648471051	493.75	0.0562085201613874
493.95	0.13141977544368	493.85	5.21295590724238E-5
494.05	0.124395922802297	493.95	-0.00763517795121482
494.15	0.0553739587106121	494.05	-0.00911824110243926
494.25	0.0120548002794019	494.15	0.00737520955490138
494.35	-0.00784110311998758	494.25	-0.0126877090535739
494.45	0.0143305350028458	494.35	0.0439016916795675
494.55	0.0515373570652455	494.45	0.047214784750018
494.65	0.0585220805091323	494.55	3.44327779961338E-4
494.75	0.0579907642158638	494.65	0.0288854486680731
494.85	0.0841287447612149	494.75	0.030252268005679
494.95	0.102033748124386	494.85	0.013777956027561
495.05	0.0914106560769907	494.95	0.0269916338464253
495.15	0.108943123609458	495.05	0.0832437895547409
495.25	0.135576201686759	495.15	0.0682357282082956
495.35	0.17954610130905	495.25	0.0893570975944301
495.45	0.191499909453097	495.35	0.0838588582566637
495.55	0.154869159724737	495.45	0.0853812896550065
495.65	0.128934586330005	495.55	0.0354396040715816
495.75	0.0992054509235784	495.65	0.052728745718663
495.85	0.101919917731671	495.75	0.0504645100225397
495.95	0.0741155507838775	495.85	0.0189405545885505
496.05	0.110723017022818	495.95	0.0309169079723107
496.15	0.155685051999793	496.05	0.0514803198870609
496.25	0.167711621048274	496.15	0.0489170523546351
496.35	0.175793255549232	496.25	0.051945070546808
496.45	0.136709331505148	496.35	0.066924736702789
496.55	0.120831608630413	496.45	0.0794442884758841
496.65	0.107743700522585	496.55	0.023566885111776
496.75	0.0750116417447095	496.65	0.0339328943041173
496.85	0.095321635535779	496.75	0.0134023053044462
496.95	0.0898516324313137	496.85	4.72624309170684E-5
497.05	0.131806216691675	496.95	0.0326753242586369
497.15	0.160665131681068	497.05	0.0659352365062686
497.25	0.14291147099912	497.15	0.0219701770287722
497.35	0.125831091219537	497.25	-0.0218752055442813
497.45	0.0867219433952502	497.35	-0.0566100634480103
497.55	0.0652814068401718	497.45	0.0180280582983741
497.65	0.0344624747762198	497.55	-0.0116844444087945
497.75	0.0604151575516117	497.65	-0.0338265326584797
497.85	0.0765806902261086	497.75	0.0477757902926951
497.95	0.0832785740156258	497.85	0.00933754181071477
498.05	0.0931899027267553	497.95	-0.0361942423537527
498.15	0.0749514927303772	498.05	0.0344741675957937
498.25	0.0675492833859368	498.15	0.0217065990743489
498.35	0.0546971206084752	498.25	0.0102482734280374
498.45	0.0663944869871165	498.35	0.0533906584636116
498.55	0.0631561416670978	498.45	0.0670694398767938
498.65	0.0718567289284421	498.55	0.00443638755424364
498.75	0.0941532571014643	498.65	-0.0164509220415661
498.85	0.0912884177575413	498.75	0.0264707345049692
498.95	0.0879181326641486	498.85	0.0399095204100458
499.05	0.0787952087752885	498.95	0.00367019868612085
499.15	0.0731211517566099	499.05	0.0339531078295326
499.25	0.0205101347855332	499.15	0.0403907948246958
499.35	0.0398888213380245	499.25	0.00798628367918248
499.45	0.0352628447249961	499.35	0.0113806639982674
499.55	0.0340883220365292	499.45	0.0117252564791568
499.65	0.0326541237646815	499.55	0.0576011678925795
499.75	0.0641456899674031	499.65	0.0156334614058026
499.85	0.0654282221762301	499.75	0.0115009986444104
499.95	0.0619732110518963	499.85	0.0227798410190184
500.05	0.0301222383194495	499.95	-0.00192452012930239
500.15	0.0305194481813008	500.05	-0.0302612517947525
500.25	0.0323928312723133	500.15	0.0190793220447746
500.35	0.0510784782946138	500.25	-0.00285703743512822
500.45	0.04258744243804	500.35	0.0113820917790309
500.55	0.0559414937651989	500.45	0.0502341400027272
500.65	0.0585463341439437	500.55	0.00866569877034387
500.75	0.0405084208620065	500.65	-0.0174362511931595
500.85	0.0346099368758731	500.75	0.00620104436547979
500.95	-0.0105734529414808	500.85	0.0100532931201822
501.05	-0.00904298390852176	500.95	-0.026949442122741
501.15	-0.0106241268691468	501.05	0.025731176154457
501.25	0.00958034744140322	501.15	0.0588401286606935
501.35	0.0205346147876028	501.25	-0.00193510816642469
501.45	0.0150533256584053	501.35	0.0299428085570591
501.55	0.0397086976768252	501.45	0.00451416149965108
501.65	0.0182829073317121	501.55	-0.00541576494557588
501.75	-0.00310886971594143	501.65	0.0232255011269843
501.85	-0.0161623311947017	501.75	0.00199465785399739
501.95	-0.0527409841154861	501.85	-0.0381589649391589
502.05	-0.0384866378641279	501.95	0.00227633172641154
502.15	-0.0417776944171366	502.05	-0.00750103072937138
502.25	-0.0141844311067419	502.15	0.0115277414593845
502.35	-0.00471468024007865	502.25	-0.0129506132238167
502.45	-0.0230178636104931	502.35	0.0191717267323874
502.55	-0.0166036179955503	502.45	0.0338623073899686
502.65	-0.0253931029130232	502.55	0.0301146235230891
502.75	-0.0343541418740622	502.65	0.034010379484876
502.85	-0.0277024046670461	502.75	-0.00225270115265222
502.95	-0.0284213794173954	502.85	-0.0130177670471408
503.05	0.00838098903088943	502.95	0.0259345948070491
503.15	0.0206401989444818	503.05	-0.0106969816072961
503.25	0.0407008330315103	503.15	0.0397089894039416
503.35	0.0741155507838775	503.25	0.103956877812447
503.45	0.090332177782377	503.35	0.0744460932549391
503.55	0.0776957106638382	503.45	0.0445536580866134
503.65	0.0958141460133492	503.55	0.04334132783611
503.75	0.0506383556682362	503.65	0.0741793068044181
503.85	0.0596995136337766	503.75	0.046361003938429
503.95	0.0368742562218658	503.85	0.034671650530605
504.05	0.01440843767786	503.95	0.0146486295711043
504.15	0.00351228204066849	504.05	0.00575609012665538
504.25	-0.00126938673875925	504.15	-0.0201216020021016
504.35	0.0326722331453407	504.25	0.0466773616536589
504.45	0.0252471283696383	504.35	0.0132786979922836
504.55	0.0361744580121074	504.45	0.0250094249572869
504.65	0.062908431210224	504.55	0.0551631921327676
504.75	0.0661865524913334	504.65	0.0588107709213999
504.85	0.108070639519843	504.75	0.014372634736783
504.95	0.0856104801572929	504.85	0.0241708845021617
505.05	0.0690358695089771	504.95	0.0369119829308008
505.15	0.0516017100429451	505.05	0.029912648693741
505.25	0.0413802581880271	505.15	0.0657465769357258
505.35	0.0735299063486314	505.25	0.046212450569107
505.45	0.0952129792518239	505.35	0.102745028836359
505.55	0.0902380736793088	505.45	0.114919988128564
505.65	0.0916215010089512	505.55	0.0648586256406966
505.75	0.112682387333782	505.65	0.0609527629162021
505.85	0.0752412428209241	505.75	0.0800664158692217
505.95	0.0399893930770425	505.85	0.00465770961506068
506.05	-0.00195814469395147	505.95	0.0415973497822233
506.15	-0.00749020153153619	506.05	0.0549105230650763
506.25	-0.028584751901485	506.15	-0.00648116211728657
506.35	-0.0230356496093548	506.25	0.00487227779159214
506.45	-0.0771977026957107	506.35	0.00944425639092317
506.55	-0.041394163605319	506.45	-0.0230875357947846
506.65	-0.00373700005174109	506.55	0.00687816538193135
506.75	0.0222841426501785	506.65	0.0103634263529827
506.85	0.0114540539142133	506.75	-0.0229601584997072
506.95	0.0368040823718115	506.85	-0.025628023004917
507.05	0.0450719847881203	506.95	0.059496747387081
507.15	0.0592309334092203	507.05	0.0281686706398543
507.25	0.021427859988617	507.15	0.023168069046836
507.35	0.01737782635691	507.25	-1.62471825393642E-4
507.45	0.0108529841672272	507.35	-0.0273679904386816
507.55	0.0265285934185337	507.45	-0.0131756090126655
507.65	0.0304295157034201	507.55	0.0586468167708091
507.75	0.0148863312981839	507.65	0.00918656602683907
507.85	0.0121582824545972	507.75	0.0250358950500926
507.95	0.0237142986495576	507.85	0.0561177197218234
508.05	0.0314782752108449	507.95	0.0207889691904162
508.15	0.0114604892119832	508.05	0.0206274214118987
508.25	0.0298081052413722	508.15	0.0317926669821688
508.35	0.0327679541573964	508.25	0.0345495672540888
508.45	0.0623949009158173	508.35	0.0183391219950429
508.55	0.0440691778341181	508.45	0.0585513640119035
508.65	0.0727909789413773	508.55	0.00300637688599411
508.75	0.0601166761525327	508.65	0.0092998259390867
508.85	0.056980196098722	508.75	0.0521062974757157
508.95	0.0389765612873183	508.85	0.0330637127112594
509.05	0.0310642171573446	508.95	-0.037678973922948
509.15	0.00575519351166762	509.05	0.0144034523418011
509.25	0.0301529272520308	509.15	0.0297101925899783
509.35	0.0397064340042428	509.25	0.0143856933159005
509.45	0.0406442412169504	509.35	0.0145546687628841
509.55	0.0159756428830134	509.45	0.0612859652359448
509.65	0.0315877722874735	509.55	0.00296277342402682
509.75	0.0497936824132043	509.65	-0.00344520289727198
509.85	0.0634795234645832	509.75	0.0504139762090014
509.95	0.0466992419930667	509.85	0.0488228829941686
510.05	0.0500895767579035	509.95	0.0124133505522624
510.15	0.0380132069126093	510.05	0.0347189758480456
510.25	0.0273822566875356	510.15	0.015720235182764
510.35	0.0279450380296994	510.25	0.00686714419783587
510.45	-0.0550424923681896	510.35	0.0155733823163738
510.55	-0.0305827663372484	510.45	-0.0042998981302489
510.65	-0.037510024835722	510.55	-0.0218880395286719
510.75	-0.0157204946447974	510.65	-0.0122340437478443
510.85	-0.0134350261292492	510.75	0.0374242193327932
510.95	0.00616643814352978	510.85	0.059060873192213
511.05	-0.0160533191907694	510.95	0.0237918006882224
511.15	-0.0183383996481606	511.05	-0.0298388532834947
511.25	-0.0373835825529053	511.15	-0.00151141983973562
511.35	-0.059202799192839	511.25	-0.0262592946121329
511.45	-0.0425159750607958	511.35	-0.0161708203322398
511.55	-0.00557603999586071	511.45	0.0273899686369506
511.65	-0.00638239250789052	511.55	0.0296975190303925
511.75	0.0196647500905469	511.65	0.0409222822032743
511.85	0.0052688919646091	511.75	0.0319137877098557
511.95	0.007483410513789	511.85	0.0829617627477561
512.05	0.00229927045066487	511.95	0.0542210172536878
512.15	-0.0171348049360998	512.05	0.00794199039055419
512.25	-0.0242876222383194	512.15	0.0220760573999952
512.35	-0.0165650062089305	512.25	0.0261173186598112
512.45	0.0231657784446629	512.35	0.00626823027376493
512.55	0.0562664924716718	512.45	0.0559197555125974
512.65	0.051968748383091	512.55	0.0825728930207189
512.75	0.0325655171521705	512.65	0.0515329392230627
512.85	0.0186514008899467	512.75	0.028244711997369
512.95	0.0318561791793864	512.85	0.0146320737312403
513.05	0.0259514215863817	512.95	0.00116841235591847
513.15	0.00862523930253014	513.05	0.0171625664760285
513.25	0.025437503233818	513.15	0.0562049908156799
513.35	0.0418000077611631	513.25	0.00184535048809247
513.45	0.04015431779376	513.35	-0.0270051095300355
513.55	0.00566694261913385	513.45	8.43082081351419E-5
513.65	0.0345336187716666	513.55	0.0429680193151465
513.75	0.0139757528328245	513.65	0.0179010018529065
513.85	0.0104182620168676	513.75	-0.00886138494734056
513.95	-0.0301472033942153	513.85	-0.00723326568754061
514.05	-0.0476418999327366	513.95	-0.00155677353632419
514.15	-0.0367374657215295	514.05	-6.42971388236049E-4
514.25	-0.0286425078905159	514.15	-0.00570666324427083
514.35	-0.01969136441248	514.25	0.00337869077316735
514.45	-0.0583212604128939	514.35	-0.0159392631688712
514.55	-0.0608222952346458	514.45	-0.0266216942463644
514.65	-0.0618516194960418	514.55	0.0112214905068622
514.75	-0.0460091452372329	514.65	-0.0161652054640689
514.85	-0.0606302064469395	514.75	-0.0439093920702019
514.95	-0.0480943110674186	514.85	0.00494522295037259
515.05	-0.0445186785326228	514.95	-0.00659851286205873
515.15	-0.0239213276763078	515.05	-0.0109073145689787
515.25	-0.00210865305013711	515.15	0.024705419952033
515.35	0.0118992536348114	515.25	0.0130536861609542
515.45	-0.0165527177006261	515.35	0.0330951559730166
515.55	-0.0241417770476535	515.45	0.0425051937530581
515.65	-0.00463790940135562	515.55	0.0506554155403509
515.75	0.0290693071868371	515.65	0.0382643640359672
515.85	0.0175067263413877	515.75	0.00223951423369081
515.95	0.0303323718114555	515.85	0.0383548436259214
516.05	0.0184814314171884	515.95	0.0475691631440053
516.15	0.00655042168986392	516.05	0.0352109987246228
516.25	-0.0113744696538521	516.15	0.0261680128981543
516.35	-0.0403224763284524	516.25	0.0260852336988345
516.45	-0.0546382651213329	516.35	0.0140361276660597
516.55	-0.0364842577740984	516.45	0.0421939696315844
516.65	-0.017316998240803	516.55	0.0220635442652143
516.75	-0.0268539801831634	516.65	0.00506305496955939
516.85	-0.00421068970869768	516.75	-0.005339980267749
516.95	0.0198632741760232	516.85	0.0562884117142193
517.05	0.00138873079112123	516.95	0.0235370460980677
517.15	-0.0436264681533606	517.05	0.0148464493980059
517.25	-0.0828238992083614	517.15	-0.00597925707272859
517.35	-0.109561752988048	517.25	-0.019331670262856
517.45	-0.0770728773218813	517.35	-0.0049573029381803
517.55	-0.0794484400062089	517.45	-0.0111875285756684
517.65	-0.0467965799141098	517.55	-0.0101014366041277
517.75	-0.0215825011641745	517.65	0.0605221827398952
517.85	0.00460524783980959	517.75	0.0652296882143917
517.95	0.0334735732395095	517.85	-0.00877550954928651
518.05	0.0280246222900605	517.95	0.0429354530797552
518.15	-0.00279915403321778	518.05	0.0241299761769165
518.25	-1.95817379831324E-4	518.15	0.00443321114310695
518.35	-0.0285044885393491	518.25	0.0609657573253977
518.45	-0.0296316357944844	518.35	0.0103007644241953
518.55	-0.0402079991721426	518.45	-0.0429299986363892
518.65	-0.0589172530656594	518.55	-0.00188213589585222
518.75	-0.0771576033528225	518.65	-0.0302073490603117
518.85	-0.0655996145288974	518.75	-0.0461415428053486
518.95	-0.0756609923940601	518.85	0.00224745526153254
519.05	-0.0770408625239303	518.95	-0.0155308055731577
519.15	-0.0593515548196823	519.05	-0.0436092372602652
519.25	-0.0536234930408237	519.15	-0.0164627934771274
519.35	-0.0130070949966368	519.25	-0.0537522559738187
519.45	-0.0232192981321467	519.35	-0.0530263337317216
519.55	-0.0152356806540073	519.45	0.0274602347014895
519.65	0.00412334428519687	519.55	0.0303536564823653
519.75	0.00667068738034873	519.65	-0.00227851350375795
519.85	-0.0193277539193874	519.75	0.0104323448491606
519.95	-0.0315288197857919	519.85	-0.0286302128035037
520.05	-0.0282310045532157	519.95	-0.0469834521813763
520.15	-0.0227638795467481	520.05	0.0448441874082571
520.25	0.0189161212293682	520.15	0.0438848470750547
520.35	-0.00945435789310291	520.25	-0.0124033881718791
520.45	6.96768122315931E-4	520.35	0.0440094971484491
520.55	0.0172781277487453	520.45	0.0762457387161203
520.65	0.0080022766078543	520.55	0.00986569235335168
520.75	0.00256559799761991	520.65	0.00751339948182788
520.85	-0.0320916011279557	520.75	-0.0193376059806367
520.95	-0.0406885445232059	520.85	-0.00601172705323697
521.05	-0.0359180162467015	520.95	0.0119351883788271
521.15	-0.0789843871268174	521.05	-0.0125294660260369
521.25	-0.0904450380296994	521.15	-0.0187408257064707
521.35	-0.0710411600351839	521.25	-0.039587547826645
521.45	-0.0428597299115227	521.35	-0.0150102912512333
521.55	0.00864596807574895	521.45	-0.00942699468191772
521.65	0.00800117710974285	521.55	0.00217528014181553
521.75	0.00132594621513944	521.65	-0.010308641282115
521.85	-0.0295714544419724	521.75	0.0139026381859163
521.95	-0.026398917317742	521.85	-0.0486485012312604
522.05	-0.0998758213897656	521.95	-0.0491933038686442
522.15	-0.10885807419672	522.05	-0.0324059710112378
522.25	-0.123639856159776	522.15	-0.0166909175496715
522.35	-0.0899408858074197	522.25	-0.0134160697527052
522.45	-0.0456434004242769	522.35	-0.0303052081912905
522.55	-0.0263413230196099	522.45	-0.00549162983580521
522.65	-0.0228862795570963	522.55	-0.00672531262783852
522.75	0.00569384798468464	522.65	0.0105812992804948
522.85	0.0178722771252652	522.75	0.0288232038437783
522.95	0.0193439230092617	522.85	0.0155526393891023
523.05	-0.0126405417291871	522.95	-0.0181126021705476
523.15	0.0155677937600248	523.05	0.037746352340999
523.25	-0.00609144590469292	523.15	0.0068149900937683
523.35	0.0128377399492937	523.25	0.0102024721462433
523.45	-0.0124147565581829	523.35	0.00598811252195815
523.55	-0.0191218243907487	523.45	0.0350725521180085
523.65	-0.0296637476069747	523.55	0.057728384762852
523.75	0.0301620142805402	523.65	0.0320108447168101
523.85	0.0167547666476949	523.75	0.0396910218257947
523.95	-9.87966963315569E-4	523.85	0.0500769236939416
524.05	-0.00902797899311844	523.95	-0.0206574208504119
524.15	-0.0264373350752833	524.05	-0.0342085041189069
524.25	-0.0496704739483624	524.15	0.0503802869999759
524.35	-0.0715207352408548	524.25	0.0336959468673046
524.45	-0.113906064055466	524.35	-0.00401139016114672
524.55	-0.0856337636467119	524.45	0.071458181263987
524.65	-0.0517840973767269	524.55	0.074384329705059
524.75	-0.0382647979510529	524.65	0.0144686329400252
524.85	-0.0405485202048947	524.75	0.0909238062389207
524.95	-0.0640173073938014	524.85	0.139087343285019
525.05	-0.0270723275728256	524.95	0.135932108222573
525.15	-0.0734131655197392	525.05	0.189551532457949
525.25	-0.0780019532260568	525.15	0.207897713144406
525.35	-0.0886709654886946	525.25	0.183181063456032
525.45	-0.0307474970248875	525.35	0.234406307903328
525.55	-0.0189108501060692	525.45	0.281353022804386
525.65	-9.45778574015626E-4	525.55	0.353751133000185
525.75	-0.0211456770321312	525.65	0.367587772421372
525.85	0.00649017566099239	525.75	0.447331734432778
525.95	0.0269968179231127	525.85	0.475223191009794
526.05	0.0163491165209293	525.95	0.524646864898251
526.15	0.0226911186423139	526.05	0.534214600261492
526.25	0.0095055815698246	526.15	0.556237717475876
526.35	0.049646220313551	526.25	0.685915504255268
526.45	0.0880436048015729	526.35	0.730131788977212
526.55	0.113114102033425	526.45	0.674780418548316
526.65	0.128966601127956	526.55	0.8075624253022
526.75	0.202564417654059	526.65	0.83834954960736
526.85	0.253966601127956	526.75	0.82065308938068
526.95	0.334383246235836	526.85	0.908591550425527
527.05	0.38605318983805	526.95	0.880671217383632
527.15	0.478996352253324	527.05	0.896485894649031
527.25	0.534301107259275	527.15	1
527.35	0.621743545299322	527.25	0.913856692521798
527.45	0.651530242665701	527.35	0.841623819875029
527.55	0.686196771356134	527.45	0.856868989083092
527.65	0.711640451182284	527.55	0.79210709959974
527.75	0.707552905262069	527.65	0.732995371744379
527.85	0.725135173591349	527.75	0.698842535032767
527.95	0.731515496455735	527.85	0.646255283992011
528.05	0.738668701816112	527.95	0.649643455871147
528.15	0.779382470119522	528.05	0.657096792306026
528.25	0.804441325606664	528.15	0.605478507086766
528.35	0.805589330987737	528.25	0.608807321788095
528.45	0.810465928493817	528.35	0.601548099367124
528.55	0.817059683344544	528.45	0.574521332488429
528.65	0.806300770942205	528.55	0.50691029847035
528.75	0.752816655456098	528.65	0.477725817965974
528.85	0.70961284731205	528.75	0.396916635250142
528.95	0.667430925648057	528.85	0.40693035157096
529.05	0.652008847725979	528.95	0.413389054215563
529.15	0.623593289180939	529.05	0.416729098653234
529.25	0.619279376002484	529.15	0.348288668393907
529.35	0.590478993118435	529.25	0.304539219854174
529.45	0.575807160966524	529.35	0.269680514001075
529.55	0.493532364050292	529.45	0.257241174630421
529.65	0.458687975371242	529.55	0.274175617033906
529.75	0.402351632431314	529.65	0.285167924664512
529.85	0.38905093910074	529.75	0.218557941428904
529.95	0.357889869095048	529.85	0.18938469066087
530.05	0.404198142494955	529.95	0.224052490996158
530.15	0.384455683758473	530.05	0.19797864745847
530.25	0.389594220520515	530.15	0.176730382051673
530.35	0.391282273503389	530.25	0.231783362343486
530.45	0.391793216743416	530.35	0.286223519880644
530.55	0.348340404615305	530.45	0.177025563692658
530.65	0.306949474827961	530.55	0.0934609245281505
530.75	0.268783631706938	530.65	0.12912351907852
530.85	0.249667563512185	530.75	0.135719224506493
530.95	0.251455541470482	530.85	0.120658062549631
531.05	0.219104103068246	530.95	0.155447304462216
531.15	0.199629727841879	531.05	0.135143780731377
531.25	0.209062128110933	531.15	0.127744026181328
531.35	0.246054742070678	531.25	0.178071533420497
531.45	0.260043591866301	531.35	0.142907860013315
531.55	0.273559010710405	531.45	0.146499931819458
531.65	0.276419322709163	531.55	0.183129727518469
531.75	0.280791444611166	531.65	0.198208054929453
531.85	0.278394538728204	531.75	0.174413847869158
531.95	0.253716950380297	531.85	0.144304357939825
532.05	0.21858539866508	531.95	0.140980676832252
532.15	0.194295868474155	532.05	0.191197490956052
532.25	0.181587933978372	532.15	0.231974267861297
532.35	0.174724155326745	532.25	0.23283574906352
532.45	0.202965411082941	532.35	0.234954960736029
532.55	0.25813272882496	532.45	0.245414658014422
532.65	0.301454247943292	532.55	0.240789610889636
532.75	0.300087959848916	532.65	0.236164563764849
532.85	0.316704610130905	532.75	0.267047942952939
532.95	0.297898018316345	532.85	0.259750218578797
533.05	0.292073265380038	532.95	0.287344889266778
533.15	0.277054121177627	533.05	0.308097442026486
533.25	0.289258550214726	533.15	0.305540270636646
533.35	0.28878091529984	533.25	0.326743617098076
533.45	0.313646711853883	533.35	0.316954495504095
533.55	0.319854995602008	533.45	0.321207357081552
533.65	0.354070730066746	533.55	0.346390842952137
533.75	0.361754281574999	533.65	0.395140732660084
533.85	0.351965514565116	533.75	0.408486472178328
533.95	0.332834247425881	533.85	0.400529401856115
534.05	0.350597609561753	533.95	0.373122428189847
534.15	0.324626817405702	534.05	0.411197651380857
534.25	0.364444818130077	534.15	0.420327427026767
534.35	0.377897500905469	534.25	0.453248201236875
534.45	0.422844336937962	534.35	0.507057889290842
534.55	0.457090469291665	534.45	0.489725593371247
534.65	0.478068246494541	534.55	0.50006176354988
534.75	0.451715863817457	534.65	0.477927953220127
534.85	0.450752186060951	534.75	0.484362592143997
534.95	0.471079965850882	534.85	0.508846625865291
535.05	0.465870285093393	534.95	0.525219581451684
535.15	0.475235421948569	535.05	0.522113757229143
535.25	0.513646711853883	535.15	0.583145769998957
535.35	0.538844621513944	535.25	0.562508723098766
535.45	0.566687794277436	535.35	0.57233474239787
535.55	0.592451622083096	535.45	0.598599491453369
535.65	0.576386014384022	535.55	0.595458373773753
535.75	0.612090598644384	535.65	0.564202809038334
535.85	0.600406814301237	535.75	0.612509926284802
535.95	0.620437082837481	535.85	0.640175183886933
536.05	0.592390179541574	535.95	0.561395374952875
536.15	0.593829228540384	536.05	0.575637889130417
536.25	0.586042194856936	536.15	0.648462729307206
536.35	0.636357168727687	536.25	0.642125949514314
536.45	0.650828504165158	536.35	0.648018352597679
536.55	0.678076654421276	536.45	0.699014189573992
536.65	0.72278418792363	536.55	0.697774105832244
536.75	0.763843974750349	536.65	0.70035052819867
536.85	0.772798416722719	536.75	0.697409941525159
536.95	0.798746572152947	536.85	0.753446325870906
537.05	0.746779117297046	536.95	0.737715069504047
537.15	0.709755135302944	537.05	0.696930271358557
537.25	0.688224375226367	537.15	0.727059653963696
537.35	0.681986340352874	537.25	0.700037699829148
537.45	0.657765043721219	537.35	0.708710264781141
537.55	0.691995006985047	537.45	0.782279476052587
537.65	0.737895819320122	537.55	0.784047357402402
537.75	0.785568763905417	537.65	0.786874042464446
537.85	0.774024033735189	537.75	0.774335239714765
537.95	0.812998007968128	537.85	0.766570679158411
538.05	0.823478812024629	537.95	0.811805661391364
538.15	0.853892870078129	538.05	0.839976257128877
538.25	0.872183344543902	538.15	0.912701633926638
538.35	0.895156387437264	538.25	0.911751919081728
538.45	0.933205489729394	538.35	0.903380952762916
538.55	0.995880115900036	538.45	0.882716633645894
538.65	0.971584441454959	538.55	0.869688535241319
538.75	0.962665571480313	538.65	0.868451659995669
538.85	0.930369431365447	538.75	0.928747322911069
538.95	0.923219459823045	538.85	0.962067554885336
539.05	0.926618202514617	538.95	0.935842912031058
539.15	0.889102680188337	539.05	0.895324419061675
539.25	0.864658250116418	539.15	0.889128813097081
539.35	0.880251720391163	539.25	0.867683225180277
539.45	0.91748590055363	539.35	0.920512717676407
539.55	0.911800848553837	539.45	0.952058651308665
539.65	0.916476949345475	539.55	0.9196977596676
539.75	0.937005225849847	539.65	0.907311360482558
539.85	0.939133078077301	539.75	0.894543150261894
539.95	0.956838231489626	539.85	0.910851935926333
540.05	0.970316784808817	539.95	0.934413527019548
540.15	0.963920292854556	540.05	0.906977676888401
540.25	1	540.15	0.95115866815327
540.35	0.998813188803229	540.25	0.977566195285115
540.45	0.97742795053552	540.35	0.973507447721567
540.55	0.930362963729498	540.45	0.924852208648501
540.65	0.911167020230765	540.55	0.929315226720356
540.75	0.89446111657267	540.65	0.907781405160866
540.85	0.908602602576706	540.75	0.893745838981623
540.95	0.925137113882134	540.85	0.883708058940073
541.05	0.935795777927252	540.95	0.891406845326424
541.15	0.94490220934444	541.05	0.844230722954383
541.25	0.944287783929218	541.15	0.858182868235086
541.35	0.940986055776892	541.25	0.8690275850452
541.45	0.922465980234905	541.35	0.868841492271535
541.55	0.917324209654887	541.45	0.855102711981327
541.65	0.949254928338594	541.55	0.860371062573695
541.75	0.952275314327107	541.65	0.861516495680562
541.85	0.948676074921095	541.75	0.788263321274736
541.95	0.922540358048326	541.85	0.805462464606278
542.05	0.925796812749004	541.95	0.845955289606879
542.15	0.917780177989341	542.05	0.783842013652151
542.25	0.881706938479847	542.15	0.747422374447537
542.35	0.838309101257309	542.25	0.726004058747564
542.45	0.809832100170746	542.35	0.708577112193087
542.55	0.805634604439385	542.45	0.688650747178529
542.65	0.813221141408392	542.55	0.724712639068253
542.75	0.803089589693175	542.65	0.722261348049635
542.85	0.772937470895638	542.75	0.680911854590957
542.95	0.766162622238319	542.85	0.712696821182491
543.05	0.746190562425622	542.95	0.74083212346293
543.15	0.707840715061831	543.05	0.680095292334101
543.25	0.662670745589072	543.15	0.660443253735893
543.35	0.651197159414291	543.25	0.628993574986565
543.45	0.670005044756041	543.35	0.587812527573013
543.55	0.668850571739018	543.45	0.642246268117976
543.65	0.670373700005174	543.55	0.63800624052491
543.75	0.650482485641848	543.65	0.62076378249605
543.85	0.662677213225022	543.75	0.601203186036625
543.95	0.665613519946189	543.85	0.656342795723075
544.05	0.651265069591763	543.95	0.600117110107565
544.15	0.619745045790863	544.05	0.568834273155315
544.25	0.632386040254566	544.15	0.589752063464053
544.35	0.580104905055104	544.25	0.595089396722521
544.45	0.596610311998758	544.35	0.58261957663894
544.55	0.545674445076836	544.45	0.59465143700519
544.65	0.515027552129146	544.55	0.516399425679199
544.75	0.529395405391421	544.65	0.575009023895275
544.85	0.578617348786671	544.75	0.632962484659378
544.95	0.537732188130595	544.85	0.563885167924664
545.05	0.536726470740415	544.95	0.574646463836238
545.15	0.510445232058778	545.05	0.605403107428471
545.25	0.507680317690278	545.15	0.53115209073627
545.35	0.502813421638123	545.25	0.513611242570326
545.45	0.510477570238526	545.35	0.540190424243397
545.55	0.502522378020386	545.45	0.521720716457179
545.65	0.530262068608682	545.55	0.608869887461999
545.75	0.520689967403115	545.65	0.651234869935589
545.85	0.491009986029906	545.75	0.59476052587251
545.95	0.45109820458426	545.85	0.584677826885593
546.05	0.441716898639209	545.95	0.571683417690043
546.15	0.439999741294562	546.05	0.500578331421604
546.25	0.442104956796192	546.15	0.597412347897232
546.35	0.425712733481658	546.25	0.58002069479983
546.45	0.444307186837067	546.35	0.532217311440695
546.55	0.48540901329746	546.45	0.570375955530244
546.65	0.49877438298753	546.55	0.535814035566179
546.75	0.492235603042376	546.65	0.48510215049451
546.85	0.496416929683862	546.75	0.565370701617884
546.95	0.489137605422466	546.85	0.571250270716858
547.05	0.491653515806902	546.95	0.549527147887606
547.15	0.499731593108087	547.05	0.608736734873946
547.25	0.495669917731671	547.15	0.593112963126359
547.35	0.50275844673255	547.25	0.522651180325502
547.45	0.513976561287318	547.35	0.536810273604505
547.55	0.532580716096652	547.45	0.565996358356929
547.65	0.524809851503079	547.55	0.562141350295583
547.75	0.492510477570239	547.65	0.574614378875262
547.85	0.491760231800072	547.75	0.55256078094795
547.95	0.475503828840482	547.85	0.514163103899125
548.05	0.479604310032597	547.95	0.560294860791376
548.15	0.491087597661303	548.05	0.583851639140444
548.25	0.517614606509029	548.15	0.607174197274383
548.35	0.537020748176127	548.25	0.602717596194724
548.45	0.57599148859109	548.35	0.588582566636453
548.55	0.559531355099084	548.45	0.536450922041566
548.65	0.506577585760853	548.55	0.488073217880949
548.75	0.480134656180473	548.65	0.496477873408786
548.85	0.45199720598127	548.75	0.523620146146997
548.95	0.437542039633673	548.85	0.524261845366531
549.05	0.425825917110778	548.95	0.500493306275016
549.15	0.443928830134009	549.05	0.527821671786892
549.25	0.502661432193305	549.15	0.526385869783186
549.35	0.521475785171004	549.25	0.557232351266153
549.45	0.518089977751332	549.35	0.575288163055772
549.55	0.487307264448699	549.45	0.563691053910756
549.65	0.457436487814974	549.55	0.54139521452807
549.75	0.41837196667874	549.65	0.534235455486127
549.85	0.420257282558079	549.75	0.514129414690099
549.95	0.41735978165261	549.85	0.482812888528824
550.05	0.413530941170383	549.95	0.48479894761328
550.15	0.434673643089978	550.05	0.487530982040443
550.25	0.448410901847157	550.15	0.46842278353079
550.35	0.440213173280902	550.25	0.497101925899783
550.45	0.435155481968231	550.35	0.538513985032366
550.55	0.445112407512806	550.45	0.476992676607657
550.65	0.447304936099757	550.55	0.541958305593211
550.75	0.443615149790449	550.65	0.529557468175729
550.85	0.430796295338128	550.75	0.414856941180245
550.95	0.432494049774926	550.85	0.570096816369747
551.05	0.406785196874838	550.95	0.582895507303339
551.15	0.427300538107311	551.05	0.472199183437743
551.25	0.392533761059657	551.15	0.538456232102608
551.35	0.379000232834894	551.25	0.540026790942416
551.45	0.360528664562529	551.35	0.455144422430596
551.55	0.395583251409945	551.45	0.493384883170636
551.65	0.408570264396958	551.55	0.481566387794881
551.75	0.419558777875511	551.65	0.450726323304109
551.85	0.42301572929063	551.75	0.458802107981936
551.95	0.430485848812542	551.85	0.492115922964009
552.05	0.452466109587624	551.95	0.48455189341376
552.15	0.448469110570704	552.05	0.484644939800592
552.25	0.411464531484452	552.15	0.529766020422078
552.35	0.429370181611217	552.25	0.511371712294155
552.45	0.426906012314379	552.35	0.545514923517474
552.55	0.446263646711854	552.45	0.50516327234517
552.65	0.428940083820562	552.55	0.481885633156599
552.75	0.428843069281316	552.65	0.554726515813875
552.85	0.40806578879288	552.75	0.540596298999751
552.95	0.422514487504527	552.85	0.535690508466419
553.05	0.411267268587986	552.95	0.603872654789884
553.15	0.416017747193046	553.05	0.531272409339932
553.25	0.413165519739225	553.15	0.491987583120102
553.35	0.405323511150204	553.25	0.548227706968051
553.45	0.385991747296528	553.35	0.566304373982305
553.55	0.369648031251617	553.45	0.517070001363611
553.65	0.361699306669426	553.55	0.565476581989107
553.75	0.363529647643194	553.65	0.544562000176467
553.85	0.404751125368655	553.75	0.471175673182588
553.95	0.407454597195633	553.85	0.505861120246413
554.05	0.394186242044808	553.95	0.540777579029269
554.15	0.418934651006364	554.05	0.496022266962918
554.25	0.433777875510943	554.15	0.590191627429433
554.35	0.441121876131836	554.25	0.591606574208504
554.45	0.489739095565789	554.35	0.561175592970185
554.55	0.454112122936824	554.45	0.558897560740842
554.65	0.45287033683448	554.55	0.582858609598216
554.75	0.446438272882496	554.65	0.586269240950036
554.85	0.430686345526983	554.75	0.575466234589192
554.95	0.402361333885238	554.85	0.531790581459705
555.05	0.378783567030579	554.95	0.593404936271246
555.15	0.390101929942567	555.05	0.554030272160681
555.25	0.430052517203912	555.15	0.531195405433588
555.35	0.443993506493507	555.25	0.566347688679624
555.45	0.442835799658509	555.35	0.568088297812608
555.55	0.441241527396906	555.45	0.561177197218234
555.65	0.440488047808765	555.55	0.564250936479799
555.75	0.388552931132612	555.65	0.543968428398399
555.85	0.34724414032183	555.75	0.534904426922491
555.95	0.352676954519584	555.85	0.557110428414441
556.05	0.371510710405133	555.95	0.565778180622288
556.15	0.40753220882703	556.05	0.599810698730238
556.25	0.425990841827495	556.15	0.547217030697286
556.35	0.434557225642883	556.25	0.559831233105263
556.45	0.439669891861127	556.35	0.579642092260305
556.55	0.476415765509391	556.45	0.578831946995644
556.65	0.448630801469447	556.55	0.557742502145682
556.75	0.417948336524034	556.65	0.627354033480657
556.85	0.425243829875304	556.75	0.621360562770216
556.95	0.441904460081751	556.85	0.583546832011166
557.05	0.469634449216123	556.95	0.586604528792242
557.15	0.469159077973819	557.05	0.632510086709607
557.25	0.481011020851658	557.15	0.607828730478307
557.35	0.491107000569152	557.25	0.597163689449663
557.45	0.485968463807109	557.35	0.652494204653924
557.55	0.473466523516324	557.45	0.662414874587909
557.65	0.428720184198272	557.55	0.648839727598681
557.75	0.42179011227816	557.65	0.668254337485662
557.85	0.42765302426657	557.75	0.637266682174398
557.95	0.411768510374088	557.85	0.599196271727535
558.05	0.421900062089305	557.95	0.615870825947108
558.15	0.447599213535469	558.05	0.617423738058379
558.25	0.484914239147307	558.15	0.64334196953533
558.35	0.510277073524085	558.25	0.697066632442708
558.45	0.521996429864956	558.35	0.674732291106851
558.55	0.477065762922337	558.45	0.673594879240228
558.65	0.486185129611424	558.55	0.648042416318411
558.75	0.458594194649972	558.65	0.591619408192895
558.85	0.429855254307446	558.75	0.612517947525046
558.95	0.382179075904175	558.85	0.610093928723259
559.05	0.375679101774719	558.95	0.620377158716281
559.15	0.347111553784861	559.05	0.67302857967899
559.25	0.404489186112692	559.15	0.638245273484186
559.35	0.42001151239199	559.25	0.591980364003882
559.45	0.452821829564857	559.35	0.635216453167989
559.55	0.469931960469809	559.45	0.671207758143564
559.65	0.500093780721271	559.55	0.692459232046459
559.75	0.476616262223832	559.65	0.672192766445548
559.85	0.47034588917059	559.75	0.653386166569075
559.95	0.424519454648937	559.85	0.640688543262559
560.05	0.397255135302944	559.95	0.615387947284409
560.15	0.411474232938376	560.05	0.695253832147527
560.25	0.383107181662959	560.15	0.715359872943555
560.35	0.389681533605836	560.25	0.618010892844252
560.45	0.414164769493455	560.35	0.685849730085266
560.55	0.441105707041962	560.45	0.680135398535322
560.65	0.445817379831324	560.55	0.648640800840626
560.75	0.462924276918301	560.65	0.764368046587363
560.85	0.44380917886894	560.75	0.78692377415396
560.95	0.443453458891706	560.85	0.71388075624253
561.05	0.458490712474776	560.95	0.714167916643271
561.15	0.444436539556061	561.05	0.674374543791961
561.25	0.441480829927045	561.15	0.682594710794183
561.35	0.478566254462669	561.25	0.697076257931001
561.45	0.515418844104103	561.35	0.724972527252164
561.55	0.54193291767993	561.45	0.738701682054079
561.65	0.516967842914058	561.55	0.730730173499427
561.75	0.531950121591556	561.65	0.767733758993816
561.85	0.517530527241683	561.75	0.730183124914774
561.95	0.519923552543074	561.85	0.779130337132728
562.05	0.500562684327625	561.95	0.755121160833888
562.15	0.485386376571636	562.05	0.713965781389118
562.25	0.491388342732964	562.15	0.774660902068678
562.35	0.482000569151964	562.25	0.783243629129936
562.45	0.500329849433435	562.35	0.696607817500742
562.55	0.496830858384643	562.45	0.724260241118482
562.65	0.490182128628344	562.55	0.730905036536749
562.75	0.486046075438506	562.65	0.732230145425086
562.85	0.504042272468567	562.75	0.753048472354796
562.95	0.497600507062658	562.85	0.780620683570094
563.05	0.467745899518808	562.95	0.720791856836904
563.15	0.463994670667977	563.05	0.683534800150799
563.25	0.473602343871268	563.15	0.719449101220031
563.35	0.422488616960729	563.25	0.706400147590821
563.45	0.451938997257722	563.35	0.737851430588198
563.55	0.438515418844104	563.45	0.793940755119557
563.65	0.475338904123765	563.55	0.732377736245578
563.75	0.490127153722771	563.65	0.781185378883283
563.85	0.520761111398562	563.75	0.752488589785753
563.95	0.511405675997309	563.85	0.751057600526193
564.05	0.508107181662959	563.95	0.808194499033441
564.15	0.473049360997568	564.05	0.776273171357755
564.25	0.446499715424018	564.15	0.728258027256174
564.35	0.428610234387127	564.25	0.74508017229624
564.45	0.431834350908056	564.35	0.717394059469475
564.55	0.464356858281161	564.45	0.774728280486729
564.65	0.501416412272986	564.55	0.781414786354266
564.75	0.54402519790966	564.65	0.765061081744459
564.85	0.562910694882806	564.75	0.781892852272818
564.95	0.5768775547162	564.85	0.754341496282155
565.05	0.544720468774254	564.95	0.823906504423714
565.15	0.52014021834739	565.05	0.783341488260915
565.25	0.496035339162829	565.15	0.74319678508691
565.35	0.482113752781083	565.25	0.797747635739438
565.45	0.450522584984736	565.35	0.809128171397862
565.55	0.459001655714803	565.45	0.754453793645574
565.65	0.453213121539815	565.55	0.771067386439291
565.75	0.467991669684897	565.65	0.740690949634633
565.85	0.442389532777979	565.75	0.731140860999928
565.95	0.45564171883893	565.85	0.778976329320039
566.05	0.450467610079164	565.95	0.812424901138214
566.15	0.45939294768976	566.05	0.77744908517755
566.25	0.465695658922751	566.15	0.820799075953124
566.35	0.517614606509029	566.25	0.864400933672364
566.45	0.517611372691054	566.35	0.786859604232006
566.55	0.53186604232421	566.45	0.741489865162952
566.65	0.49757463651886	566.55	0.792909223624157
566.75	0.489331634500957	566.65	0.781459705299633
566.85	0.441881823355927	566.75	0.763185715775373
566.95	0.432400269053655	566.85	0.74415933391621
567.05	0.430906245149273	566.95	0.719322365624173
567.15	0.424761990997051	567.05	0.727123823885649
567.25	0.444847234438868	567.15	0.77267805148032
567.35	0.470071014642728	567.25	0.802825080813996
