E	P3	E	P4	E	P5
466.1	-0.0494980111305267	466.1	0.11765987927383	462.8	0.00264785325087688
466.2	-0.0739304805391971	466.2	0.113909732080256	462.9	0.0168378703464319
466.3	-0.0931248491958395	466.3	0.110777389931233	463	0.0302973201841343
466.4	-0.107081117100454	466.4	0.108262852826763	463.1	0.0430262027639843
466.5	-0.11579928425304	466.5	0.106366120766845	463.2	0.0550245180859818
466.6	-0.119279350653599	466.6	0.105087193751478	463.3	0.0662922661501268
466.7	-0.117521316302129	466.7	0.104426071780664	463.4	0.0768294469564192
466.8	-0.110525181198631	466.8	0.104382754854402	463.5	0.0866360605048592
466.9	-0.0821080531717011	466.9	0.104957242972692	463.6	0.0957121067954467
467	-0.0468250112055283	467	0.106149536135534	463.7	0.104057585828182
467.1	-0.0236543997861622	467.1	0.107959634342929	463.8	0.111672497603064
467.2	0.0104054787175458	467.2	0.115880580556473	463.9	0.118556842120094
467.3	0.0291724575844561	467.3	0.125196601321155	464	0.124710619379272
467.4	0.0323837750019357	467.4	0.131386066285404	464.1	0.130133829380597
467.5	0.0227242269335414	467.5	0.138252230541947	464.2	0.134826472124069
467.6	0.00937810221920568	467.6	0.140355160787169	464.3	0.138788547609689
467.7	-0.00532434340970556	467.7	0.135739666676596	464.4	0.142382957558146
467.8	0.0119977049429796	467.8	0.134129799437097	464.5	0.146435044939655
467.9	0.0232546036258381	467.9	0.13146787498871	464.6	0.144501164020615
468	0.033182204669166	468	0.131605419365221	464.7	0.140721766740621
468.1	0.0382915722863903	468.1	0.134128644205297	464.8	0.142019906928613
468.2	0.0371132981447376	468.2	0.137781422561201	464.9	0.139315538844726
468.3	0.0386686861639452	468.3	0.144072023952316	465	0.141555701829772
468.4	0.0499272918371879	468.4	0.147054221347392	465.1	0.145183242389043
468.5	0.0442117322264605	468.5	0.142731603137842	465.2	0.1397259143606
468.6	0.0384452244197721	468.6	0.148152487508511	465.3	0.129935068773976
468.7	0.0358224173876579	468.7	0.152543711776787	465.4	0.130420534111602
468.8	0.0443880331026894	468.8	0.149776074264881	465.5	0.127552700453069
468.9	0.0551061569842128	468.9	0.14912301365347	465.6	0.116821773514128
469	0.063776088405613	469	0.153022548882371	465.7	0.111997811506763
469.1	0.0538794832015459	469.1	0.153842282820287	465.8	0.105109227522131
469.2	0.05203756282826	469.2	0.157167565832211	465.9	0.0977967248223493
469.3	0.0263920023448558	469.3	0.160885558742107	466	0.103373639135527
469.4	-0.00262766996946526	469.4	0.15812874539241	466.1	0.113833163096009
469.5	-0.0286084851020137	469.5	0.154493112755042	466.2	0.11219525667224
469.6	-0.0418828749820801	469.6	0.149470692695807	466.3	0.112267549887463
469.7	-0.0423216954807606	469.7	0.142433865445786	466.4	0.114568187893757
469.8	-0.0317731155546788	469.8	0.140013284670035	466.5	0.115251099449694
469.9	-0.0388362694074767	469.9	0.138898450965908	466.6	0.111762724927089
470	-0.0520454759180803	470	0.135831790856374	466.7	0.113146263473473
470.1	-0.0428774438145612	470.1	0.136103083093981	466.8	0.105586569368471
470.2	-0.0258266562907989	470.2	0.135114423727151	466.9	0.0940603107548438
470.3	-0.0147334404140602	470.3	0.128650591130354	467	0.0919338576098801
470.4	-0.00968711762891531	470.4	0.121907416608785	467.1	0.101187742350362
470.5	-0.00747787010377826	470.5	0.117507485170553	467.2	0.109569262401385
470.6	-0.0179966231367455	470.6	0.12146807899705	467.3	0.11723266694693
470.7	-0.0246978327396661	470.7	0.12162636973776	467.4	0.121837493211485
470.8	-0.0222211181980079	470.8	0.123256348883355	467.5	0.123384642575277
470.9	-0.0317802411590682	470.9	0.13115374052009	467.6	0.123814673540861
471	-0.0366874879415994	471	0.133497247587884	467.7	0.133939669055476
471.1	-0.0253716656525898	471.1	0.130130990702536	467.8	0.148982492920129
471.2	-0.0131230215279025	471.2	0.126697939993372	467.9	0.155809708555049
471.3	-0.0202575544043093	471.3	0.129438438751854	468	0.156122783301516
471.4	-0.00657933638612642	471.4	0.130096936707571	468.1	0.153861106557251
471.5	0.0156448125750815	471.5	0.130514080917351	468.2	0.146455373304671
471.6	0.0429815693655422	471.6	0.133528631838161	468.3	0.147417918043264
471.7	0.0722819300378943	471.7	0.131659119336115	468.4	0.153867104342442
471.8	0.110085081455375	471.8	0.131026184061869	468.5	0.153555939465359
471.9	0.131464947075919	471.9	0.127620308561886	468.6	0.147814039005499
472	0.118415755253885	472	0.125176798233701	468.7	0.144933659113629
472.1	0.117049885204026	472.1	0.122470032723472	468.8	0.139355457493874
472.2	0.0974924319241796	472.2	0.120671721674283	468.9	0.136892544725849
472.3	0.0825835255543542	472.3	0.117323949137317	469	0.145685917244623
472.4	0.0567143975322794	472.4	0.121594827672425	469.1	0.147981629486155
472.5	0.0303486388988479	472.5	0.126670766543021	469.2	0.132731189071747
472.6	0.0107234956035231	472.6	0.127426345702223	469.3	0.121281754615793
472.7	-0.0215866484085978	472.7	0.128884597761934	469.4	0.118966569992053
472.8	-0.0271177070793129	472.8	0.135372760899545	469.5	0.115140823078169
472.9	-0.0373227500398007	472.9	0.138211881117281	469.6	0.112638977658147
473	-0.0547471072935084	473	0.14145553057343	469.7	0.113435436079367
473.1	-0.0531386206262983	473.1	0.142803330001314	469.8	0.104991180688961
473.2	-0.0669540052033516	473.2	0.147933519676513	469.9	0.0981392369992056
473.3	-0.0733344313239108	473.3	0.15607471622922	470	0.104030234837779
473.4	-0.0846014960721876	473.4	0.161490832410612	470.1	0.109299130624045
473.5	-0.089836456036381	473.5	0.163405179099072	470.2	0.107813868846317
473.6	-0.0862255947746207	473.6	0.163772687515383	470.3	0.106054366519675
473.7	-0.0460686950823702	473.7	0.159695781593452	470.4	0.10260347513848
473.8	-0.0222935940601245	473.8	0.155917246862318	470.5	0.100278890805437
473.9	-0.00830862071190497	473.9	0.149764517150067	470.6	0.10420776074625
474	0.00945587830898485	474	0.14388062770592	470.7	0.110834031725766
474.1	0.0337299432990046	474.1	0.136257836666817	470.8	0.114021332521907
474.2	0.0525943370173158	474.2	0.13504460311607	470.9	0.110201535718197
474.3	0.0503386621583049	474.3	0.134011613387794	471	0.100555099371067
474.4	0.00981077141310018	474.4	0.1327967126257	471.1	0.0972343839758091
474.5	-0.00602343263790912	474.5	0.129682553221981	471.2	0.0959147928412388
474.6	-0.0379117910778441	474.6	0.130162036138116	471.3	0.0995258878766734
474.7	-0.0566305293787997	474.7	0.127476572622606	471.4	0.102129870185451
474.8	-0.0823054801933024	474.8	0.130682299136541	471.5	0.0931733691012135
474.9	-0.0936489805971869	474.9	0.128560726567987	471.6	0.0813796366943104
475	-0.0986678285960482	475	0.12691452956685	471.7	0.0804764637617489
475.1	-0.0772762867702959	475.1	0.129059121068403	471.8	0.08484085389214
475.2	-0.0705015095839849	475.2	0.133502077016437	471.9	0.0888459111710971
475.3	-0.0636913307542304	475.3	0.138833169416467	472	0.0997114638639771
475.4	-0.050810797178149	475.4	0.143772980248723	472.1	0.102276344555431
475.5	-3.36727147558013E-4	475.5	0.144201149287273	472.2	0.0933555188719561
475.6	0.00996206069409879	475.6	0.142366826504965	472.3	0.0988051653481487
475.7	0.0119248286014146	475.7	0.137958943714179	472.4	0.109565836752775
475.8	0.00607590138700675	475.8	0.136032434073771	472.5	0.109691455842462
475.9	0.00377977233484113	475.9	0.130409284524269	472.6	0.111217554664904
476	-0.0100706930842852	476	0.125290617746638	472.7	0.112641068033462
476.1	-0.0246997798758933	476.1	0.122066845952353	472.8	0.109566140353321
476.2	-0.0365458294608033	476.2	0.127973434861937	472.9	0.110800872006514
476.3	-0.0309235385921206	476.3	0.125993751780506	473	0.121721776235635
476.4	-0.0500149521612104	476.4	0.126057565985693	473.1	0.123335180697234
476.5	-0.0527797353131555	476.5	0.125852032420253	473.2	0.123265048350823
476.6	-0.0373130044883443	476.6	0.124864818172455	473.3	0.124368418788078
476.7	-0.0154982864932881	476.7	0.123409463865812	473.4	0.123142301748966
476.8	0.0186511455512519	476.8	0.125911922514873	473.5	0.123077282438041
476.9	0.0441679342308318	476.9	0.124738355227076	473.6	0.12668167736801
477	0.0482374098159406	477	0.127650241777064	473.7	0.124941937121887
477.1	0.0567081939563232	477.1	0.133503127837668	473.8	0.119185164066972
477.2	0.0453456152908314	477.2	0.132471675327182	473.9	0.107863756136418
477.3	0.0149237784185358	477.3	0.133889404573527	474	0.0978509407881515
477.4	-0.0106859947442623	477.4	0.136226798106665	474.1	0.0883939301902407
477.5	-0.0158783858711193	477.5	0.138661753483674	474.2	0.0785874499636346
477.6	-0.024161429338603	477.6	0.139773517708926	474.3	0.0730331021709741
477.7	-0.010622807958455	477.7	0.144632180262709	474.4	0.0667308514496024
477.8	-0.0168004646141682	477.8	0.147164870008865	474.5	0.057746997765044
477.9	0.00341275745563721	477.9	0.143062940566934	474.6	0.0538369166787623
478	0.0413041129271932	478	0.137975923143293	474.7	0.0605903925657494
478.1	0.0866814915465341	478.1	0.136350411426972	474.8	0.0634832137504776
478.2	0.116638697672291	478.2	0.136210238558341	474.9	0.065530994918928
478.3	0.0970139051406671	478.3	0.131972126234541	475	0.0719305383714657
478.4	0.078980680621489	478.4	0.135596271950418	475.1	0.0724376883103864
478.5	0.0645607331328689	478.5	0.138582968913397	475.2	0.0669642605309235
478.6	0.0447401196499991	478.6	0.144032402459594	475.3	0.0721571441966593
478.7	0.00792723798165563	478.7	0.149640097006277	475.4	0.0703271022421175
478.8	-0.0181620374333642	478.8	0.152594188131304	475.5	0.0659527368375345
478.9	-0.0372984294755736	478.9	0.158248798999834	475.6	0.0657907610545067
479	-0.0620435743003189	479	0.156233720255613	475.7	0.0719654140348888
479.1	-0.092461875138472	479.1	0.15157250912169	475.8	0.0686544117408353
479.2	-0.114037853507586	479.2	0.150496319000571	475.9	0.070830611561164
479.3	-0.123391166779148	479.3	0.153946040064376	476	0.0756096979955704
479.4	-0.131563689127597	479.4	0.157308867070505	476.1	0.0756825902799539
479.5	-0.105865168675783	479.5	0.163989271012902	476.2	0.0743870478085383
479.6	-0.114966576199381	479.6	0.164342484614899	476.3	0.0711994321523249
479.7	-0.125303053698118	479.7	0.161823106976532	476.4	0.0670659141187649
479.8	-0.0809201527625269	479.8	0.150443740683805	476.5	0.0693288465913558
479.9	-0.0300345120624893	479.9	0.1400532791947	476.6	0.0721193884972635
480	0.0155105447503058	480	0.130301441996789	476.7	0.0713727278679358
480.1	0.0347497189098976	480.1	0.122095824122612	476.8	0.0634721065161965
480.2	0.0369503630776437	480.2	0.115675483244935	476.9	0.0579670046692418
480.3	0.0361392448585535	480.3	0.115695341719557	477	0.0594747009527612
480.4	0.0365829941765751	480.4	0.11387004877264	477.1	0.0568031515028359
480.5	0.0249794743086751	480.5	0.115977277919202	477.2	0.0643286605792017
480.6	0.0116589495149425	480.6	0.116201396406146	477.3	0.0748696461208989
480.7	0.00395070855481394	480.7	0.114564274330416	477.4	0.0827947379405917
480.8	-0.0141682222908495	480.8	0.118916230311099	477.5	0.0816251379439913
480.9	-0.0289916665431546	480.9	0.12345049801915	477.6	0.0882978247603554
481	-0.0471567487945433	481	0.120819560005577	477.7	0.103939005660106
481.1	-0.0391294914747267	481.1	0.123616619392689	477.8	0.115814124829415
481.2	-0.0240271476602422	481.2	0.128434424795432	477.9	0.119154950430946
481.3	-0.0282085638537511	481.3	0.131529000581756	478	0.123936845778446
481.4	-0.0188534303482504	481.4	0.133219930716504	478.1	0.118410766644188
481.5	-0.0247074083555165	481.5	0.13595321075525	478.2	0.111770735871415
481.6	-0.0479140135416957	481.6	0.133380821488259	478.3	0.114843867077195
481.7	-0.0423725627656521	481.7	0.13024802983451	478.4	0.112557740235861
481.8	-0.0486475009755326	481.8	0.126021687284111	478.5	0.111316557474314
481.9	-0.0651134266505539	481.9	0.123889342039111	478.6	0.105594059098277
482	-0.0600935607949102	482	0.118642663905755	478.7	0.0928625387683303
482.1	-0.0426591128160323	482.1	0.114730553519012	478.8	0.0751529025236611
482.2	-0.0451083640388659	482.2	0.116447795117311	478.9	0.0768210107872748
482.3	-0.048264516078336	482.3	0.119990542800795	479	0.080227471444812
482.4	-0.0578356525923357	482.4	0.119476345528818	479.1	0.0796892429578679
482.5	-0.0497831456205039	482.5	0.121820007373689	479.2	0.0683258331669504
482.6	-0.0448934252041846	482.6	0.116534808775455	479.3	0.0617956613837709
482.7	-0.0634423027092335	482.7	0.116139373969478	479.4	0.0575703280368122
482.8	-0.0724083338273817	482.8	0.116417926978858	479.5	0.0639715098367757
482.9	-0.0823940635487614	482.9	0.120746984746267	479.6	0.0708319299103025
483	-0.0766036638180519	483	0.11912969636164	479.7	0.0734087840742196
483.1	-0.0838375547850672	483.1	0.118772291146958	479.8	0.0724539414519416
483.2	-0.096548435608588	483.2	0.11988562920565	479.9	0.0789202355904467
483.3	-0.0891794017857804	483.3	0.118870639987497	480	0.0913581760906388
483.4	-0.0595529975490941	483.4	0.122647260791344	480.1	0.100963721132516
483.5	-0.037771814301525	483.5	0.127906712638507	480.2	0.113783713052205
483.6	-0.0254136220509464	483.6	0.127908407831248	480.3	0.120349422784355
483.7	-1.69405100163606E-4	483.7	0.123425322408287	480.4	0.121640418027239
483.8	-0.00367364435467528	483.8	0.114895577350389	480.5	0.126144893917012
483.9	0.0263382032235635	483.9	0.111615876027808	480.6	0.14373825051864
484	0.0207381289757585	484	0.106172451126016	480.7	0.154921695474053
484.1	-0.00912468539552959	484.1	0.107842324223155	480.8	0.159114801232459
484.2	-0.0177393712625347	484.2	0.109691969936107	480.9	0.15872517479976
484.3	-0.0155730403038704	484.3	0.108534458691452	481	0.160018681891452
484.4	-0.00348337745483483	484.4	0.105236137910335	481.1	0.156658618720547
484.5	0.0097889816308554	484.5	0.106130622940688	481.2	0.157339605561178
484.6	0.0247343611328393	484.6	0.105084885849084	481.3	0.159821787406317
484.7	0.0383900145454657	484.7	0.104197080376995	481.4	0.148956611656894
484.8	0.0451724838573952	484.8	0.105016721736473	481.5	0.134338186464351
484.9	0.0366998440808873	484.9	0.11223972870175	481.6	0.121050569880465
485	0.0374762328285181	485	0.110463012252705	481.7	0.10562008425201
485.1	0.0578229298457266	485.1	0.113639874920359	481.8	0.104114030466399
485.2	0.0558381706898389	485.2	0.115716356033576	481.9	0.107763871966462
485.3	0.0522726761178121	485.3	0.12060135963124	482	0.106591763578984
485.4	0.0341921171056925	485.4	0.126913500619074	482.1	0.0977329064531804
485.5	0.0319363341363323	485.5	0.131216994585756	482.2	0.0897295276840691
485.6	0.0186499177505279	485.6	0.129097093097975	482.3	0.0851932118513993
485.7	4.63305791839858E-4	485.7	0.124695849892036	482.4	0.0789953659279459
485.8	0.00297932092901368	485.8	0.120540931046702	482.5	0.0802383582016054
485.9	0.0148352779034904	485.9	0.120418173637237	482.6	0.086061329303296
486	0.0137460763561564	486	0.116430477672968	482.7	0.0851723671535346
486.1	0.00861879977803599	486.1	0.11687651754787	482.8	0.085281962152312
486.2	-0.00214530685770666	486.2	0.113594071970148	482.9	0.0917801251721531
486.3	-0.02020852676818	486.3	0.111379739644458	483	0.10132383679578
486.4	-0.0074796290970133	486.4	0.112482206851988	483.1	0.102682297393005
486.5	0.0021150104376238	486.5	0.118398794072951	483.2	0.105827983138933
486.6	-0.0146963747432759	486.6	0.115943237035518	483.3	0.108193499012865
486.7	-0.0286554375432984	486.7	0.113633565867717	483.4	0.109078835278561
486.8	-0.0265741797987707	486.8	0.113379861614551	483.5	0.110358057546196
486.9	-0.00292471750441513	486.9	0.113791605895145	483.6	0.11030809126903
487	-9.8561313022153E-4	487	0.112357363149854	483.7	0.108600792008304
487.1	-0.010534225350457	487.1	0.114991371121983	483.8	0.107680969490511
487.2	-0.0212901396525698	487.2	0.11754823423347	483.9	0.108071885021536
487.3	-0.00166613038992938	487.3	0.124625879316677	484	0.102481249063421
487.4	0.0102800117140574	487.4	0.123811036126538	484.1	0.0882813061090054
487.5	-0.00326028966482308	487.5	0.123138406208215	484.2	0.0815294916265031
487.6	-0.0268498260523805	487.6	0.119978986901173	484.3	0.0762079528733397
487.7	-0.0104623607326601	487.7	0.115262602615983	484.4	0.0641947286117893
487.8	-0.00888988575216438	487.8	0.109645996635175	484.5	0.0588674663549771
487.9	-0.00559035405891833	487.9	0.106035490249493	484.6	0.0575424082363185
488	-0.0357036944639579	488	0.102882476442957	484.7	0.0525110427389418
488.1	-0.0340861903490886	488.1	0.102803158099625	484.8	0.0532295497874924
488.2	-0.0324819252400883	488.2	0.0977184650023662	484.9	0.0573759212171845
488.3	-0.0244527862986926	488.3	0.0913018873022724	485	0.0609243324624874
488.4	-0.036682521541574	488.4	0.0855107711262768	485.1	0.0556468531690318
488.5	-0.0430933143243961	488.5	0.0789797883826082	485.2	0.0528501372465083
488.6	-0.0528172068169988	488.6	0.0724456331885379	485.3	0.0484272838814571
488.7	-0.0366634128896029	488.7	0.0730602803838879	485.4	0.0457650430320804
488.8	-0.0433408202638372	488.8	0.070957078239472	485.5	0.0554790571829568
488.9	-0.067788515649536	488.9	0.068861784755999	485.6	0.0665610578915471
489	-0.0739190801462315	489	0.0751777709468713	485.7	0.065679771252316
489.1	-0.0654186871541714	489.1	0.078452400202247	485.8	0.067921677242257
489.2	-0.0802757518245079	489.2	0.0833801341852983	485.9	0.0742717094185658
489.3	-0.0734996867690693	489.3	0.0882661415474842	486	0.0789099827091106
489.4	-0.0822039793296973	489.4	0.0870487306625569	486.1	0.0791040336303657
489.5	-0.0740716694473924	489.5	0.0879926512994977	486.2	0.08470813072468
489.6	-0.0737724024639896	489.6	0.0873722201903023	486.3	0.0809546280789091
489.7	-0.0555699239659546	489.7	0.0872738693990607	486.4	0.0740970050784425
489.8	-0.0363778722631104	489.8	0.0857019639559396	486.5	0.0717406043531377
489.9	-0.00534358673245005	489.9	0.086590210734571	486.6	0.0772404514585934
490	3.84946695161343E-4	490	0.0848346873926519	486.7	0.0805619511860111
490.1	0.00435385573029253	490.1	0.0816705999098273	486.8	0.0806872831225397
490.2	0.013417007522781	490.2	0.0751437960992752	486.9	0.0794209702434395
490.3	-0.00266182223483465	490.3	0.0651217436755724	487	0.0730420912291414
490.4	-0.00851658260071496	490.4	0.0598081273344107	487.1	0.0693053831602283
490.5	-0.0438629465824672	490.5	0.0566921307523683	487.2	0.0780316636266653
490.6	-0.0569923550538721	490.6	0.057192810772972	487.3	0.081752641258351
490.7	-0.057116884552649	490.7	0.0555346412532534	487.4	0.0813646279794424
490.8	-0.0503912295690765	490.8	0.0542467846849023	487.5	0.0813862762502455
490.9	-0.0445290599468932	490.9	0.0567172583631504	487.6	0.0834663462541617
491	-0.0323152614855387	491	0.0679604230664477	487.7	0.0811061126905185
491.1	-0.0033493761063383	491.1	0.0742522876175929	487.8	0.0848607796380789
491.2	0.0250325146706814	491.2	0.0840259712162061	487.9	0.0920654524602488
491.3	0.0590146930732969	491.3	0.0860162883462667	488	0.0876793421379532
491.4	0.0675423296018626	491.4	0.0837459511503814	488.1	0.0764806919219641
491.5	0.0675279546307708	491.5	0.0824871078649398	488.2	0.0821783041287869
491.6	0.0757435745175298	491.6	0.0785947556994856	488.3	0.0898061632299574
491.7	0.0882991955273971	491.7	0.0793058242970716	488.4	0.0871852876300509
491.8	0.082807184800755	491.8	0.0790088896230283	488.5	0.0854377093178002
491.9	0.0621928880287904	491.9	0.0793679615693762	488.6	0.0783615282586017
492	0.0452600762870322	492	0.0805934831409045	488.7	0.0646314962857159
492.1	0.0293567458813614	492.1	0.0796473241524102	488.8	0.0594668079489958
492.2	0.0203542512777752	492.2	0.079307480555702	488.9	0.0592645041683001
492.3	-0.0130831424645569	492.3	0.0750310390638172	489	0.0535306021887607
492.4	-0.0216985237578921	492.4	0.072627028389373	489.1	0.0478730043964566
492.5	-0.0368267463055616	492.5	0.0674540881022367	489.2	0.0409454465273819
492.6	-0.0338004498246597	492.6	0.063963795937175	489.3	0.0260841204338186
492.7	-0.0454685079296042	492.7	0.0599379582961448	489.4	0.0157032951000663
492.8	-0.072106046238584	492.8	0.0642792913248189	489.5	0.0151822215730379
492.9	-0.08471523999124	492.9	0.0672259744639664	489.6	0.0179739943416569
493	-0.0683859565662479	493	0.0695297677484094	489.7	0.0165349191244966
493.1	-0.0414693603547131	493.1	0.0704038857942863	489.8	0.0147136647472324
493.2	-0.0181685307303628	493.2	0.0672248661769489	489.9	0.0158741973088581
493.3	0.0224185320080741	493.3	0.0579304636287068	490	0.0119095612729001
493.4	0.0328977198155394	493.4	0.0530124001750011	490.1	0.00916353601579226
493.5	0.0552193082879767	493.5	0.0464176532728655	490.2	0.0169295302555333
493.6	0.0558484238600324	493.6	0.0436084981690951	490.3	0.0193930245026679
493.7	0.045258021273638	493.7	0.0453085311306965	490.4	0.0203030558646745
493.8	0.0469672417240721	493.8	0.0472084270285618	490.5	0.0177485382640337
493.9	0.02554679183936	493.9	0.0531274429544978	490.6	0.0200381054241058
494	0.019818999005174	494	0.0620175786818266	490.7	0.0213538046766488
494.1	-0.0116179889999277	494.1	0.0671879059385613	490.8	0.0310954196416109
494.2	-0.0252430304297173	494.2	0.0723861405256357	490.9	0.0396484647134356
494.3	-0.0265496481821873	494.3	0.0713743944148986	491	0.0435813218302859
494.4	-0.00735307568114152	494.4	0.0743802292436869	491.1	0.0465975554376218
494.5	-0.0033050425196774	494.5	0.0767462954702175	491.2	0.060415689795604
494.6	0.0350144207994026	494.6	0.0793936061963558	491.3	0.0616182393832286
494.7	0.0567611369535324	494.7	0.0819407894247168	491.4	0.0522009748692201
494.8	0.072072205868937	494.8	0.0886935504355153	491.5	0.0554785299479666
494.9	0.0795824033788309	494.9	0.0867377592425904	491.6	0.0568336135317042
495	0.0668838850192691	495	0.0843729876271764	491.7	0.0584639714659539
495.1	0.0671192476222431	495.1	0.0852420475965448	491.8	0.0645327073251906
495.2	0.0688131271294656	495.2	0.0855386473093287	491.9	0.0701375401773937
495.3	0.0702330129557373	495.3	0.078897494290073	492	0.0691674332721012
495.4	0.0531205392861734	495.4	0.0747761152216462	492.1	0.0709661276477238
495.5	0.0227503943336569	495.5	0.0733160853073624	492.2	0.0738616886680608
495.6	0.0207452952752535	495.6	0.0709286856829952	492.3	0.0736846699047733
495.7	0.0175420487129997	495.7	0.0638758895798522	492.4	0.0756190126701005
495.8	0.0182451013825603	495.8	0.065458208418332	492.5	0.0866588503690836
495.9	-0.00320896949515326	495.9	0.0666746851244642	492.6	0.0946901644781284
496	0.00395773669538366	496	0.065920881328691	492.7	0.0927318586952566
496.1	-0.00396751601036173	496.1	0.0639260798845844	492.8	0.0912021928431214
496.2	0.00388316032696121	496.2	0.0585879595819298	492.9	0.0826554894467598
496.3	-0.00665701689032152	496.3	0.055862175086839	493	0.0717892583000896
496.4	-0.00916550041436179	496.4	0.0547590485897195	493.1	0.0689156785261296
496.5	0.0272102677456854	496.5	0.0495955853445929	493.2	0.074275986920752
496.6	0.0490954582601098	496.6	0.0462516074203067	493.3	0.0663760161294701
496.7	0.0604644976090188	496.7	0.0467049328664901	493.4	0.0592223039241168
496.8	0.0468397200905029	496.8	0.0438359065355531	493.5	0.0485077398760522
496.9	0.0399270110601247	496.9	0.0424409094209224	493.6	0.0458713825143845
497	0.0362556950787926	497	0.047276536156935	493.7	0.0461869492507047
497.1	0.0447252609214292	497.1	0.0520951644684647	493.8	0.0559104154289942
497.2	0.0417840795955379	497.2	0.0565687556704393	493.9	0.0575180216260894
497.3	0.0344097846047029	497.3	0.0544034263110309	494	0.0517145980229128
497.4	0.026393969668922	497.4	0.0560580411545181	494.1	0.0424949362034226
497.5	0.0168699999642241	497.5	0.0547838246198937	494.2	0.0396894226331219
497.6	0.0156753579252728	497.6	0.0500389497090406	494.3	0.0382251997228457
497.7	0.0163516807142508	497.7	0.0459793459935855	494.4	0.038459715908107
497.8	0.0233996068035061	497.8	0.0485163823373651	494.5	0.0468680157995433
497.9	0.0584476099387542	497.9	0.0430293449807391	494.6	0.0465320343561812
498	0.0703273587125985	498	0.0434954511920409	494.7	0.0397011269993491
498.1	0.0711089048940688	498.1	0.0440647637177857	494.8	0.0417557124477837
498.2	0.0521643505699998	498.2	0.0418915602024893	494.9	0.043671903654298
498.3	0.0317800185178702	498.3	0.0431903916168488	495	0.0425507344251462
498.4	0.0141743108408439	498.4	0.0411371395848868	495.1	0.0495539409863958
498.5	0.00207919200474694	498.5	0.0371286654375779	495.2	0.0550783115414898
498.6	0.0135863078665875	498.6	0.0394438653289192	495.3	0.0534979364312815
498.7	0.00374141729361831	498.7	0.0437662085693164	495.4	0.0521346655236231
498.8	0.00284684055210416	498.8	0.0430138552170354	495.5	0.0587614254062883
498.9	0.008283622973454	498.9	0.0432699142083613	495.6	0.0549423664052828
499	0.0123077811725148	499	0.0442576602145534	495.7	0.0431564486771102
499.1	0.0290594994387014	499.1	0.0412095465081365	495.8	0.0402995841900365
499.2	0.0509544510607176	499.2	0.0426961821574876	495.9	0.0344008455507527
499.3	0.0777953591352654	499.3	0.039475261161894	496	0.0306063387272581
499.4	0.0759499830319936	499.4	0.0355853548899833	496.1	0.0341033067493142
499.5	0.0901460812465965	499.5	0.0348168168441092	496.2	0.036877453684405
499.6	0.0785080626778734	499.6	0.0325111980216023	496.3	0.0285315110568574
499.7	0.0662876192711577	499.7	0.0275608200402303	496.4	0.0228542734817811
499.8	0.0394962976397861	499.8	0.0290221182343404	496.5	0.0242111061971336
499.9	0.014050656206981	499.9	0.0274998761183781	496.6	0.0341045766677142
500	0.0323163898803219	500	0.0288190441853843	496.7	0.045883107667993
500.1	0.0232696225155223	500.1	0.0317165156106617	496.8	0.0530261709661836
500.2	0.0351173435384988	500.2	0.0350492815985985	496.9	0.0509860150975598
500.3	0.0262037156739659	500.3	0.0341829607198051	497	0.0441648233928802
500.4	0.0132296582607742	500.4	0.0301816110189217	497.1	0.0441465604713028
500.5	0.0339858350367355	500.5	0.0281830130594006	497.2	0.0568720830450358
500.6	0.0562645734475743	500.6	0.032515195852747	497.3	0.0625139228776864
500.7	0.0512997858939137	500.7	0.033156457334278	497.4	0.0619116896545467
500.8	0.0447327276747417	500.8	0.0320073433696472	497.5	0.057522556559648
500.9	0.0601674823682226	500.9	0.0324735486126954	497.6	0.0434660711767162
501	0.0492884773501392	501	0.0329751634356795	497.7	0.0347401904838075
501.1	0.0459599154167881	501.1	0.0334587586572372	497.8	0.0424480101498211
501.2	0.0140939838451291	501.2	0.0361674755258627	497.9	0.0389006495021953
501.3	0.00537718277813795	501.3	0.0389743354409948	498	0.0262494507528159
501.4	0.00815583963905167	501.4	0.040186002091291	498.1	0.0230096748259645
501.5	-0.00413844542013321	501.5	0.0395456553582755	498.2	0.023376411351859
501.6	-0.0157826363886563	501.6	0.0382133775449151	498.3	0.0146238239296301
501.7	-0.0525004775765496	501.7	0.0379185556131523	498.4	0.00968861176066495
501.8	-0.0527938993500794	501.8	0.0404622066687178	498.5	0.0085316525341442
501.9	-0.0340182274144719	501.9	0.0424091881294891	498.6	-0.00202242487728876
502	-0.0263967316655453	502	0.0415650423000556	498.7	-0.00686166026647005
502.1	-0.0445596750281799	502.1	0.0399471964621209	498.8	0.0010216490329002
502.2	-0.0409447093296181	502.2	0.0335565929234747	498.9	0.00649859742561107
502.3	-0.0312095124937168	502.3	0.0223351477676343	499	0.0127657654713326
502.4	-0.0228431560670717	502.4	0.0200208903311846	499.1	0.0197193367603566
502.5	-0.0196749466970779	502.5	0.0230854652161392	499.2	0.0204426356503191
502.6	-0.0244729274564064	502.6	0.0245414350174941	499.3	0.0193871321812821
502.7	-0.00736489720365211	502.7	0.0241736941989243	499.4	0.0317915891028354
502.8	0.0100203769529498	502.8	0.0263633185467874	499.5	0.0492653132824281
502.9	0.0143434718310651	502.9	0.0233468737029875	499.6	0.0570499467574347
503	0.011028540665846	503	0.0211047941916653	499.7	0.0605957858168965
503.1	0.00854092093790655	503.1	0.0252644355366577	499.8	0.0614453492454476
503.2	0.0253159069341905	503.2	0.0255827854021469	499.9	0.0644680143185443
503.3	0.0336803234596487	503.3	0.0276953088025662	500	0.0718089932822135
503.4	0.026082062220325	503.4	0.023879791295711	500.1	0.0892324474227884
503.5	0.0247072261826304	503.5	0.0215273260089036	500.2	0.105593453050471
503.6	0.021777212149527	503.6	0.0208575887782168	500.3	0.106458116595313
503.7	0.0209093486176569	503.7	0.0165150614557175	500.4	0.103336803718685
503.8	0.00919117286105374	503.8	0.0143847805020166	500.5	0.100851003117841
503.9	0.00370721414339549	503.9	0.0111413558723636	500.6	0.0972073414871838
504	0.0169181891342407	504	0.00103262790168067	500.7	0.102740344886802
504.1	0.0269171390152474	504.1	-0.00221358411283271	500.8	0.105659277396324
504.2	0.0360643741948821	504.2	-0.0029427197682877	500.9	0.0974318162754647
504.3	0.0235233786034973	504.3	0.00103158733922806	501	0.0874271765318242
504.4	0.00481471604654651	504.4	0.00776728933383561	501.1	0.0947581655432538
504.5	0.00831618980350588	504.5	0.012403041133564	501.2	0.0964262059618749
504.6	0.0115845446537108	504.6	0.013146988947313	501.3	0.0947222622513153
504.7	-0.00194345924880285	504.7	0.0147428089918363	501.4	0.0916742191559889
504.8	-0.00987238896816378	504.8	0.016303146599272	501.5	0.0736587178640652
504.9	0.00269996030150921	504.9	0.0140786729836799	501.6	0.0455053622291594
505	0.00415598855311203	505	0.0179438079838522	501.7	0.0233156301503317
505.1	2.63078282561772E-4	505.1	0.0216849795381426	501.8	0.00695948829192363
505.2	1.79352702499999E-4	505.2	0.0227922338983388	501.9	-0.0128729953449841
505.3	-2.80686205087487E-4	505.3	0.0220437482013661	502	-0.032006502914729
505.4	0.00390441784661178	505.4	0.0203237829902004	502.1	-0.0463216750487697
505.5	-0.00281642027707426	505.5	0.0178097319729671	502.2	-0.0638037256007116
505.6	-0.0131522967883193	505.6	0.0109736664135609	502.3	-0.080712451962932
505.7	-0.0184772674584559	505.7	0.00712750878272372	502.4	-0.090636001102434
505.8	-0.023367701444606	505.8	0.00631336580696054	502.5	-0.105869363082485
505.9	-0.0238982449740586	505.9	0.00102112836138057	502.6	-0.119144801073883
506	-0.0236993854464081	506	-0.00471180651169196	502.7	-0.120546968554181
506.1	-0.0268575276490342	506.1	-0.00122060093002891	502.8	-0.116721561198497
506.2	-0.0116262229933352	506.2	0.00155242273622244	502.9	-0.114597148096634
506.3	0.0060093448931284	506.3	0.00656881745015737	503	-0.1044725610535
506.4	0.0065091326972205	506.4	0.00773161029468326	503.1	-0.0926078209983602
506.5	-0.00835303467299662	506.5	0.01039276412751	503.2	-0.0899404322420981
506.6	-0.00975986875477065	506.6	0.00969245645418485	503.3	-0.0890461183771228
506.7	-0.01791606359757	506.7	0.0103702824212691	503.4	-0.083631409712453
506.8	-0.021703932405749	506.8	0.00724801680797193	503.5	-0.0759343947160076
506.9	-0.0204286581577907	506.9	0.00690256414115178	503.6	-0.0618224811746851
507	-0.00621994024399686	507	0.00711942558504324	503.7	-0.0425423433187831
507.1	0.00760667771546237	507.1	0.00735663626201565	503.8	-0.0253458037290274
507.2	0.00846935262455959	507.2	0.00550631633020211	503.9	-0.0171589123519173
507.3	0.0204187436928975	507.3	8.21544647440997E-4	504	-0.0102579015687611
507.4	0.0551214573856442	507.4	-0.00156847661760229	504.1	0.00265930557131416
507.5	0.0809940715791771	507.5	-0.00792320490996891	504.2	0.0153697816179934
507.6	0.0962446761602322	507.6	-0.00917096362236779	504.3	0.0216992936686598
507.7	0.0979314768528539	507.7	-0.00328645463500096	504.4	0.0161861678251382
507.8	0.0930780935882657	507.8	-5.50336819303778E-4	504.5	0.00683779949453622
507.9	0.0880504717054661	507.9	-0.00285010946536833	504.6	-0.00122052338251119
508	0.0830976844484899	508	-0.00129618630448987	504.7	0.00285921367306935
508.1	0.0660439260861888	508.1	0.00748250708114323	504.8	0.0111330923297991
508.2	0.0540486616676637	508.2	0.0143191234822539	504.9	0.0159148354945279
508.3	0.059381007479211	508.3	0.024955808407078	505	0.0214524273647833
508.4	0.0522147290664249	508.4	0.0305598440908116	505.1	0.0242494606842256
508.5	0.01956294475534	508.5	0.0363386724858669	505.2	0.0166244365301187
508.6	0.00379530505613369	508.6	0.0373670403595571	505.3	0.01429450198384
508.7	0.00865166826295401	508.7	0.0363315439461633	505.4	0.0229263601592286
508.8	0.0172067420929474	508.8	0.0356481061587959	505.5	0.0269559043477318
508.9	0.0109612217169016	508.9	0.0332523557354962	505.6	0.029569589823406
509	0.00336074828013667	509	0.0233609490437262	505.7	0.0349680712495147
509.1	-0.0124910060941719	509.1	0.0131929274673731	505.8	0.0299996461690452
509.2	0.017969033484214	509.2	0.00186619713707849	505.9	0.0192423206043684
509.3	0.0535752690157304	509.3	-0.00722645302173774	506	0.0193934129214326
509.4	0.0683322333090653	509.4	-0.0173805307759756	506.1	0.0184699666706393
509.5	0.0592074824627732	509.5	-0.0238984973710498	506.2	0.0125309495236347
509.6	0.0569785513475127	509.6	-0.02550104728838	506.3	0.0051549005011272
509.7	0.0498049505308507	509.7	-0.0236514155941062	506.4	-0.00357410133769213
509.8	0.0244642342727152	509.8	-0.0272844309455027	506.5	-0.00880892047537961
509.9	0.00215064420927173	509.9	-0.0281995587969088	506.6	-0.00555522843747193
510	-0.00366872283426015	510	-0.0240439451935713	506.7	-0.0108785278000698
510.1	0.00740338860542153	510.1	-0.0228705073900706	506.8	-0.0176176411889828
510.2	0.00926793782120064	510.2	-0.020056855504545	506.9	-0.0335491542721877
510.3	-0.00442199684175317	510.3	-0.0118073908473557	507	-0.0379849080177671
510.4	-0.0104624482239429	510.4	-0.0109120651640148	507.1	-0.0324203817153666
510.5	0.0102496487252146	510.5	-0.00923515000966343	507.2	-0.0231414852441384
510.6	0.0579279683533904	510.6	-0.0144853212481942	507.3	-0.0209537143936634
510.7	0.0989653222758492	510.7	-0.0148154190016386	507.4	-0.0195478166857484
510.8	0.109605641715179	510.8	-0.0149676139119195	507.5	-0.0214887785762407
510.9	0.0843701146388153	510.9	-0.0187537977445971	507.6	-0.0223637422292566
511	0.072038032099686	511	-0.024671687161233	507.7	-0.0137614940060372
511.1	0.0581350097757693	511.1	-0.0257908417081097	507.8	-0.00982810736288268
511.2	0.0529744735414095	511.2	-0.0243103695050246	507.9	-0.0136712961676837
511.3	0.0435172671441389	511.3	-0.0247173688608722	508	-0.00966310863435522
511.4	0.0362498542227209	511.4	-0.0274697499099355	508.1	-0.00500991470283149
511.5	0.027016762064853	511.5	-0.0264088069618358	508.2	-0.00405603838449769
511.6	0.00516221517259196	511.6	-0.0270972417559217	508.3	-0.00134540950596117
511.7	-0.00906371343286023	511.7	-0.0243822586062127	508.4	0.00623433340289202
511.8	-0.0156525164939755	511.8	-0.0226120770116564	508.5	-0.00443990869695204
511.9	-0.0127623548679651	511.9	-0.0187898360576415	508.6	-0.0115589556308022
512	-0.0232062627180191	512	-0.0201561963110518	508.7	-0.0115422753443595
512.1	-0.0480098423125348	512.1	-0.0231793936582098	508.8	-0.0149800375584586
512.2	-0.0641969432832888	512.2	-0.0183675078646782	508.9	-0.0138838584682679
512.3	-0.0812434097630433	512.3	-0.011280703775975	509	-0.00539654209090238
512.4	-0.0749426117780196	512.4	-0.0105873525727753	509.1	-0.00204701326339413
512.5	-0.0732154894068787	512.5	-0.0135462913462398	509.2	-0.0111756031966404
512.6	-0.0719336697568541	512.6	-0.0177015930170045	509.3	-0.0147290596260623
512.7	-0.0620004184504581	512.7	-0.0213133911117335	509.4	-0.00890167166466838
512.8	-0.0618857800184859	512.8	-0.0246074318829481	509.5	-0.00240431635182846
512.9	-0.0772696968144357	512.9	-0.0245557722272966	509.6	0.00250077078392874
513	-0.0541509258807328	513	-0.025212121220019	509.7	0.00118129904456831
513.1	-0.030410080267103	513.1	-0.0237039122507734	509.8	-0.00577069049022412
513.2	-0.0190629427429447	513.2	-0.0241069868564793	509.9	-0.014505268281424
513.3	0.0103718049550667	513.3	-0.0293468599550096	510	-0.0104197097698275
513.4	0.00206962217054022	513.4	-0.0321787935196865	510.1	-0.00453847320684628
513.5	-0.0117025293509456	513.5	-0.0306992990496341	510.2	-0.00536969093983803
513.6	0.0113058306184097	513.6	-0.0326739424982916	510.3	-0.00781182393796548
513.7	0.0334294682267692	513.7	-0.0291056628633009	510.4	-0.0109792876367686
513.8	0.0423409696602336	513.8	-0.0263717026928249	510.5	-0.0208510632143635
513.9	0.0572025663726312	513.9	-0.024042902397404	510.6	-0.0230563074480409
514	0.057284379825756	514	-0.0190821784078625	510.7	-0.0189900581004446
514.1	0.0742576290226505	514.1	-0.014162450692848	510.8	-0.0233554621193879
514.2	0.0618163111094189	514.2	-0.00980022327840559	510.9	-0.0274930037850441
514.3	0.0421270168992655	514.3	-0.00853752592542028	511	-0.0280875827832474
514.4	0.0312018504070916	514.4	-0.0127607864133113	511.1	-0.0352406282299581
514.5	0.0137593565522442	514.5	-0.0174416942894049	511.2	-0.0472348996595711
514.6	-0.00151204610263549	514.6	-0.0193535350282567	511.3	-0.0512549991508954
514.7	0.00586728093064403	514.7	-0.0220539437895609	511.4	-0.0536906817728226
514.8	-0.0240908956488052	514.8	-0.0216421493183423	511.5	-0.0668554770075195
514.9	-0.0417015665315785	514.9	-0.017225901721938	511.6	-0.0738915797480888
515	-0.0573010904052313	515	-0.0140961927382916	511.7	-0.070006934813016
515.1	-0.0420991727905241	515.1	-0.0136919594790606	511.8	-0.0721873970829059
515.2	-0.0277522399557196	515.2	-0.015978079587713	511.9	-0.0715121762301797
515.3	0.00791395441560423	515.3	-0.0207252008096267	512	-0.0652169030755669
515.4	0.0246983865955816	515.4	-0.0203299634403592	512.1	-0.063522233255849
515.5	0.0596978507553957	515.5	-0.0210551305747791	512.2	-0.0671037360711528
515.6	0.0607350279703786	515.6	-0.0231797081290947	512.3	-0.0648351420836389
515.7	0.0521615190339378	515.7	-0.0197292780487671	512.4	-0.0620220714234224
515.8	0.0263282799232964	515.8	-0.0149556194175512	512.5	-0.0555789508065867
515.9	0.0169830344819788	515.9	-0.0130562938236484	512.6	-0.0455735242097802
516	-0.00175418634448579	516	-0.00847514448268273	512.7	-0.0411248759785759
516.1	-0.00726949164913434	516.1	-0.00895131832726613	512.8	-0.0408017761009267
516.2	-0.0340623020857104	516.2	-0.0128130114641894	512.9	-0.033928176648828
516.3	-0.0584805278742947	516.3	-0.0169734396139768	513	-0.0153373136943492
516.4	-0.0570751792437329	516.4	-0.0165400461759182	513.1	-0.00799413653862227
516.5	-0.0348183100280918	516.5	-0.0184983840113911	513.2	-0.00717629728761967
516.6	-0.0102818201419435	516.6	-0.018836248811948	513.3	-0.00651446593589841
516.7	0.0100074854685892	516.7	-0.0231959747618004	513.4	-0.00788304311595513
516.8	-0.00995880353961811	516.8	-0.0263999492088149	513.5	-0.0144644249351622
516.9	-0.0217627254329972	516.9	-0.0243497167689015	513.6	-0.00659162580458094
517	-0.0450550981256741	517	-0.0287675052766392	513.7	0.00351961307527775
517.1	-0.0499665130740533	517.1	-0.0349217863252914	513.8	0.0035462578438835
517.2	-0.0771878524598626	517.2	-0.0396285357214358	513.9	-0.00257263639604029
517.3	-0.0851125295055487	517.3	-0.0436596730223278	514	-0.00856635253254731
517.4	-0.106798417049831	517.4	-0.0469037297276666	514.1	-0.0131868025726124
517.5	-0.109303030290447	517.5	-0.0477910286406043	514.2	-0.0193667566867913
517.6	-0.0919807477332762	517.6	-0.0437650768754638	514.3	-0.0152948192658164
517.7	-0.0733664582442662	517.7	-0.0358150496400546	514.4	-0.0179772310342356
517.8	-0.0213219230411472	517.8	-0.0263307092436192	514.5	-0.0268748256098989
517.9	0.00787235060168705	517.9	-0.020204266051505	514.6	-0.0324573048245668
518	0.0383417191337526	518	-0.0174214673861778	514.7	-0.0303527711033898
518.1	0.0422231493118119	518.1	-0.016948948742979	514.8	-0.0335774976421842
518.2	0.011001783141979	518.2	-0.0182498101754285	514.9	-0.0311262099272332
518.3	-0.0247097802988158	518.3	-0.0128841223084984	515	-0.0277459495347938
518.4	-0.0496906944859346	518.4	-0.00926751059870015	515.1	-0.0362045953494473
518.5	-0.0521571424574017	518.5	-0.00959078766772514	515.2	-0.0471054786207216
518.6	-0.0704269714702394	518.6	-0.00901337328950485	515.3	-0.0450652933444229
518.7	-0.0770025032473033	518.7	-0.0150356226446533	515.4	-0.0388728765783836
518.8	-0.0818512154228956	518.8	-0.0160191038068575	515.5	-0.0325566605506087
518.9	-0.0793356535697849	518.9	-0.0208530157631547	515.6	-0.0274444492870289
519	-0.050330605236521	519	-0.0233601489517669	515.7	-0.0267797191836216
519.1	-0.0155849986149609	519.1	-0.0242850093192989	515.8	-0.0257815277943542
519.2	0.0297101127018049	519.2	-0.0260798816055773	515.9	-0.0202464357377622
519.3	0.0454855206303103	519.3	-0.0250234557817056	516	-0.011091044002377
519.4	0.0607821025353115	519.4	-0.0238896641081435	516.1	-0.0130763062245168
519.5	0.0727376508945129	519.5	-0.0182839228865489	516.2	-0.0162891606372033
519.6	0.0778302489978271	519.6	-0.0170934034315092	516.3	-0.018341795865676
519.7	0.0579579117801662	519.7	-0.0146355825554715	516.4	-0.0237037418717065
519.8	0.0639045735932334	519.8	-0.0134849790933184	516.5	-0.0297773426795846
519.9	0.0602337046830931	519.9	-0.0191726914941773	516.6	-0.0238626602670827
520	0.0599187015667552	520	-0.0293017095804528	516.7	-0.0260911128016813
520.1	0.057511413661085	520.1	-0.0317215938353723	516.8	-0.0370848949599435
520.2	0.0524325100357836	520.2	-0.0347376686148554	516.9	-0.0505276564005198
520.3	0.0521431357961815	520.3	-0.0347013242373361	517	-0.0535236433263176
520.4	0.081219931453343	520.4	-0.036570471150489	517.1	-0.0560909998928932
520.5	0.105096770431307	520.5	-0.0374457943069982	517.2	-0.0588825270015938
520.6	0.0951131528625717	520.6	-0.0406339345553494	517.3	-0.0541495857745706
520.7	0.0802789232317817	520.7	-0.0452640579218419	517.4	-0.0532432623770933
520.8	0.0791621198457445	520.8	-0.0444277749518081	517.5	-0.0578475422711632
520.9	0.0795930340584175	520.9	-0.0425096436280342	517.6	-0.055729306821959
521	0.0792168496519642	521	-0.0340357941530046	517.7	-0.0487878048828138
521.1	0.0541370393307655	521.1	-0.026959891495129	517.8	-0.0472067564207122
521.2	0.0061749674886354	521.2	-0.0221683151467363	517.9	-0.0437275530748755
521.3	-0.0361357750354118	521.3	-0.0142586922290902	518	-0.0459521354051971
521.4	-0.0390653802328348	521.4	-0.00933427471267352	518.1	-0.053593838613255
521.5	-0.0524811149794531	521.5	-0.00733506370481395	518.2	-0.0586360213060237
521.6	-0.0654109841520354	521.6	-0.00856642269061118	518.3	-0.054226853683313
521.7	-0.0708873572572853	521.7	-0.00874876337472417	518.4	-0.0547008655131179
521.8	-0.049950753811349	521.8	-0.0127682162854365	518.5	-0.0520982498192412
521.9	-0.0522750135629057	521.9	-0.0171053825808815	518.6	-0.0452386092425667
522	-0.055795696834368	522	-0.0186226426657669	518.7	-0.0381699678348803
522.1	-0.0342222958325912	522.1	-0.0193763849024753	518.8	-0.0358787323100298
522.2	-0.0228403113833601	522.2	-0.0213342640989314	518.9	-0.0333342264956619
522.3	-0.012039180027481	522.3	-0.0232861865364796	519	-0.0285928434255415
522.4	-0.00627815718634677	522.4	-0.0281918049410244	519.1	-0.036655820437211
522.5	-0.00918869231868061	522.5	-0.0313325404643043	519.2	-0.0468009125195559
522.6	-0.0321317414668688	522.6	-0.0350709467438316	519.3	-0.0528075288795353
522.7	-0.0179545564782903	522.7	-0.0365467996274458	519.4	-0.0607947844851157
522.8	-0.011248263181445	522.8	-0.0340449538348507	519.5	-0.0675418230423478
522.9	-0.0180426280975875	522.9	-0.0331622512574674	519.6	-0.0665522136766438
523	-0.0325291633201278	523	-0.032794499482983	519.7	-0.0728513524639171
523.1	-0.0336995963709932	523.1	-0.0337895325794467	519.8	-0.0773649955895762
523.2	-0.0249429839593565	523.2	-0.0362919454029808	519.9	-0.0837431635161016
523.3	-0.0342051617620866	523.3	-0.0346409262964206	520	-0.0830987079972242
523.4	-0.0204114672291322	523.4	-0.0380232108597725	520.1	-0.086235221349347
523.5	0.00390368419754746	523.5	-0.044298205828758	520.2	-0.0892662126968504
523.6	0.0162258811480594	523.6	-0.0484969911200282	520.3	-0.0859497890382845
523.7	0.036859838159973	523.7	-0.0518291723128388	520.4	-0.0837868368172565
523.8	0.0303417982815805	523.8	-0.0515206631115598	520.5	-0.0840882941036094
523.9	0.0322678328572155	523.9	-0.0455876514364387	520.6	-0.079291022333745
524	0.0356682824710528	524	-0.0385514159529076	520.7	-0.0746268068498682
524.1	0.0307213946627954	524.1	-0.0351555674971969	520.8	-0.0783658590026868
524.2	0.0102805377478089	524.2	-0.0341122706388993	520.9	-0.0774298884889752
524.3	7.47927488349231E-5	524.3	-0.0371152231603481	521	-0.0788423177803786
524.4	-0.0208094693358227	524.4	-0.0337959831699692	521.1	-0.0773612893891711
524.5	-0.0247280114218448	524.5	-0.0322036215440859	521.2	-0.0742529782295741
524.6	-0.0478773727610345	524.6	-0.0296732327638468	521.3	-0.0621133854113931
524.7	-0.0596295600590763	524.7	-0.0264697720871882	521.4	-0.0523169917918004
524.8	-0.036308070593295	524.8	-0.0248267313935876	521.5	-0.0478343797690332
524.9	-0.0222618331432951	524.9	-0.0240460617349255	521.6	-0.0425080207991398
525	-0.0194161313993213	525	-0.0226615252338545	521.7	-0.0439568590508005
525.1	-0.0169979083258736	525.1	-0.0160000719777367	521.8	-0.0502630715507691
525.2	-0.0379655834272664	525.2	-0.0126078289245256	521.9	-0.0479118465686944
525.3	-0.0307085249186928	525.3	-0.0145131297802323	522	-0.0420955214626109
525.4	-0.00548030994465721	525.4	-0.0188252516176007	522.1	-0.0463940592659188
525.5	-0.0137133327547431	525.5	-0.02605587845186	522.2	-0.043578868790645
525.6	-0.023238623469206	525.6	-0.0297370784441039	522.3	-0.0401914017918128
525.7	-0.0176122452179737	525.7	-0.0339235125166184	522.4	-0.0434563459034019
525.8	0.00431903076268887	525.8	-0.0306006603282586	522.5	-0.0396092464693717
525.9	0.0306619543182426	525.9	-0.0272746492324914	522.6	-0.0267643010039389
526	0.0570338339235934	526	-0.0220071602578119	522.7	-0.0262788327502529
526.1	0.0892998729699403	526.1	-0.0176663958190401	522.8	-0.0252225311028429
526.2	0.122465773307946	526.2	-0.0145214163258915	522.9	-0.0250106360598865
526.3	0.130319664526671	526.3	-0.0116875582809447	523	-0.0249704377442902
526.4	0.125780161270168	526.4	-0.0043431170023772	523.1	-0.0238618138009248
526.5	0.138744671879899	526.5	-0.00199465891488486	523.2	-0.0188249727045753
526.6	0.124890392109162	526.6	0.0059314937485035	523.3	-0.0183316746213984
526.7	0.111020960918133	526.7	0.0135018337062323	523.4	-0.021626945512322
526.8	0.100947808431208	526.8	0.0254672634897413	523.5	-0.0257539005164714
526.9	0.0861069636672563	526.9	0.0392418910414499	523.6	-0.0279040785965664
527	0.0970561048152595	527	0.0538849967030485	523.7	-0.0294977750140963
527.1	0.106245076914388	527.1	0.0721166758407529	523.8	-0.0341687044641402
527.2	0.138226920892037	527.2	0.0865293959108719	523.9	-0.0343402234656307
527.3	0.166561484874326	527.3	0.105882010597532	524	-0.0390359790366615
527.4	0.214699896530937	527.4	0.133289565882901	524.1	-0.0442719000247454
527.5	0.257870546121929	527.5	0.165389400074919	524.2	-0.0437972412208792
527.6	0.291351430091175	527.6	0.206745459977799	524.3	-0.039318008332914
527.7	0.332820758822533	527.7	0.253540897569763	524.4	-0.0374322284222043
527.8	0.37358140273282	527.8	0.315255855902375	524.5	-0.0413680141574124
527.9	0.421963932317587	527.9	0.379358651312459	524.6	-0.0394899471907849
528	0.454724289062254	528	0.453338721579621	524.7	-0.0364455916504678
528.1	0.490316134849142	528.1	0.526654298038155	524.8	-0.03461477814169
528.2	0.534995103810212	528.2	0.596959554938131	524.9	-0.0239013472228431
528.3	0.612374548872075	528.3	0.667186514048133	525	-0.0217698030761746
528.4	0.661272996567812	528.4	0.736241503368043	525.1	-0.027108610722285
528.5	0.704327809489153	528.5	0.800002866733696	525.2	-0.0265293707389738
528.6	0.739695932176017	528.6	0.859495330568253	525.3	-0.027508350233522
528.7	0.77010021984301	528.7	0.913101625674328	525.4	-0.0279292040395382
528.8	0.798140141038886	528.8	0.951279630278624	525.5	-0.0179535150311911
528.9	0.7942527043399	528.9	0.97398636703997	525.6	-0.0117357184453776
529	0.767116217683167	529	0.986400600052821	525.7	-0.009952303308804
529.1	0.757528939522601	529.1	0.985459975943773	525.8	-0.00363139686517677
529.2	0.740979824427132	529.2	0.976089583015189	525.9	0.00189577155598334
529.3	0.728154676282892	529.3	0.957309651668768	526	0.0123828034155586
529.4	0.696033328269337	529.4	0.92930701750362	526.1	0.0254103930054708
529.5	0.656724665603781	529.5	0.891735519507957	526.2	0.042115608551747
529.6	0.617244668877277	529.6	0.841710965036052	526.3	0.0550996910719407
529.7	0.584955193219339	529.7	0.792471850666586	526.4	0.0705074016560139
529.8	0.546306631360095	529.8	0.740151954378229	526.5	0.0959213530019191
529.9	0.526391725975897	529.9	0.683171785691713	526.6	0.129245710009998
530	0.470950609877168	530	0.630151284087955	526.7	0.165626338279547
530.1	0.453440941116163	530.1	0.574674841222263	526.8	0.205146739928456
530.2	0.425482803666623	530.2	0.519819065788619	526.9	0.247158085918191
530.3	0.394627354215055	530.3	0.466506858961366	527	0.292925499618905
530.4	0.36266523171167	530.4	0.422468009269017	527.1	0.343640668764328
530.5	0.343416567175545	530.5	0.383623258753684	527.2	0.405039275662332
530.6	0.314315019598814	530.6	0.352774585131917	527.3	0.465962084931326
530.7	0.286701889121745	530.7	0.324560142853742	527.4	0.524810315054704
530.8	0.260250597841128	530.8	0.298734632157222	527.5	0.586813971981331
530.9	0.247047430496976	530.9	0.27639044454997	527.6	0.647532368131716
531	0.234846092963209	531	0.260651433629313	527.7	0.695513635052839
531.1	0.217950057841992	531.1	0.249034708534114	527.8	0.736638710737556
531.2	0.214425594972666	531.2	0.239969838520612	527.9	0.779898418713826
531.3	0.239136622988531	531.3	0.231960520032368	528	0.810584801101361
531.4	0.241504432252807	531.4	0.22420278592695	528.1	0.834963505147827
531.5	0.265943686598367	531.5	0.215626532595863	528.2	0.857739900286704
531.6	0.279468364442623	531.6	0.211255044643441	528.3	0.869618232202323
531.7	0.289847386326496	531.7	0.206618913312092	528.4	0.875650995041119
531.8	0.291418411935153	531.8	0.196615041950448	528.5	0.87827839244958
531.9	0.281061152030526	531.9	0.190574678797312	528.6	0.872560857382935
532	0.271101403770322	532	0.185298236616285	528.7	0.853732339127634
532.1	0.273093391178732	532.1	0.178785265015667	528.8	0.830563424291665
532.2	0.284740016410924	532.2	0.168873369932154	528.9	0.798911884061167
532.3	0.27580662394937	532.3	0.159952871275395	529	0.761935264730869
532.4	0.258366961630584	532.4	0.157228730918995	529.1	0.719395913095957
532.5	0.24287037752792	532.5	0.155626904732402	529.2	0.676433034129594
532.6	0.238850622322077	532.6	0.153953124633319	529.3	0.626147615625529
532.7	0.254868482937571	532.7	0.153827796613244	529.4	0.573807677769738
532.8	0.250323608182668	532.8	0.152321046243667	529.5	0.530384748843292
532.9	0.243520134302793	532.9	0.151209998981653	529.6	0.488504269662632
533	0.233664520793091	533	0.155480145523519	529.7	0.443249636607335
533.1	0.241394360936072	533.1	0.159456088503221	529.8	0.401104474444513
533.2	0.23964560152988	533.2	0.166478080338414	529.9	0.35743810790945
533.3	0.240225937054318	533.3	0.171776516853771	530	0.313687595598378
533.4	0.225966863004047	533.4	0.177092513372176	530.1	0.274710429984141
533.5	0.231839890888564	533.5	0.187502348218495	530.2	0.248134757214817
533.6	0.244697329672776	533.6	0.196753444955993	530.3	0.227191461721428
533.7	0.249173509556131	533.7	0.201252044062751	530.4	0.204186937949259
533.8	0.239376379768514	533.8	0.20532258733568	530.5	0.184859523124474
533.9	0.242549318379341	533.9	0.212115982861566	530.6	0.160739138906898
534	0.261605795328023	534	0.215970814537186	530.7	0.14062208119654
534.1	0.277073305748398	534.1	0.22309336046648	530.8	0.134192718108886
534.2	0.30824510757946	534.2	0.235131434815213	530.9	0.13546631056445
534.3	0.304603132641512	534.3	0.245455817844802	531	0.12844234283871
534.4	0.305491031808112	534.4	0.25695371427802	531.1	0.121792340701719
534.5	0.314396393519244	534.5	0.264027451863614	531.2	0.1240560483671
534.6	0.311034833093848	534.6	0.267224222093248	531.3	0.12365258172493
534.7	0.314215978125071	534.7	0.276451388184013	531.4	0.128954016192802
534.8	0.304657596364349	534.8	0.285057160445767	531.5	0.132965972261441
534.9	0.305423046066348	534.9	0.299189430687842	531.6	0.133469992542918
535	0.327123645657941	535	0.310591239656764	531.7	0.129749568909449
535.1	0.320753627677987	535.1	0.323415050390916	531.8	0.128042347867508
535.2	0.324426673999878	535.2	0.336173352046927	531.9	0.1261418317182
535.3	0.351303101682567	535.3	0.348193692428294	532	0.125184598897706
535.4	0.377542024883683	535.4	0.363389934836116	532.1	0.124930905505216
535.5	0.413899827623965	535.5	0.374286941565605	532.2	0.127323600642467
535.6	0.440955690696243	535.6	0.381831252791774	532.3	0.127930173991117
535.7	0.442434835125408	535.7	0.390032137653283	532.4	0.132323912311198
535.8	0.43934266256385	535.8	0.398724129701087	532.5	0.139564664879275
535.9	0.44584437041669	535.9	0.410466551371282	532.6	0.140332097440202
536	0.456311533299585	536	0.421189648626119	532.7	0.138055368520285
536.1	0.462622669230948	536.1	0.438891670834522	532.8	0.138875967156764
536.2	0.465124553216293	536.2	0.453972021667275	532.9	0.140256951571956
536.3	0.440613583489619	536.3	0.46332214551428	533	0.146959032719173
536.4	0.428452146644462	536.4	0.467455231358001	533.1	0.161605093243294
536.5	0.416147740290863	536.5	0.471299771477242	533.2	0.179954281240509
536.6	0.423399657624474	536.6	0.474721310321502	533.3	0.191478147444002
536.7	0.43361449999195	536.7	0.48471411272372	533.4	0.196040680454723
536.8	0.426653519123633	536.8	0.494187343187976	533.5	0.208691721820913
536.9	0.429562273669411	536.9	0.498957765859023	533.6	0.221160544817963
537	0.408577026635426	537	0.499179857213957	533.7	0.235734454974184
537.1	0.403604071950991	537.1	0.501490770915505	533.8	0.250710963527633
537.2	0.381102313820211	537.2	0.503147821019606	533.9	0.257919881185166
537.3	0.389969432353746	537.3	0.509383568487176	534	0.257473496336712
537.4	0.387400057100919	537.4	0.513637491577221	534.1	0.268359498586397
537.5	0.412119283232058	537.5	0.515359668133899	534.2	0.285019363048804
537.6	0.43291007346329	537.6	0.518047857356883	534.3	0.298638706584561
537.7	0.429104171356932	537.7	0.525536248168696	534.4	0.313049982059626
537.8	0.41344212970712	537.8	0.530997614100163	534.5	0.322083436216681
537.9	0.43990948213849	537.9	0.537692399839033	534.6	0.328326450243431
538	0.461029516856462	538	0.548529299977865	534.7	0.331970559247293
538.1	0.488890366810477	538.1	0.560298941467577	534.8	0.340469907756381
538.2	0.50810030902726	538.2	0.56843292025991	534.9	0.350588157639646
538.3	0.511092362365575	538.3	0.582112413347202	535	0.357795057937334
538.4	0.516829588063314	538.4	0.599213259162517	535.1	0.366993186863076
538.5	0.520716636657487	538.5	0.619999921364291	535.2	0.38035951238953
538.6	0.518463193097701	538.6	0.63788640331169	535.3	0.391166219432456
538.7	0.535973595903862	538.7	0.658118335194925	535.4	0.402766616299313
538.8	0.553907652647533	538.8	0.676949050051612	535.5	0.410648907819476
538.9	0.589919082222512	538.9	0.689415258901861	535.6	0.417942254962735
539	0.599028708767936	539	0.703154922377386	535.7	0.427040053855603
539.1	0.596970728527997	539.1	0.721596708661616	535.8	0.440457366671305
539.2	0.600963442251409	539.2	0.736688511399146	535.9	0.451598022724838
539.3	0.647106287310768	539.3	0.750660137425512	536	0.456655718951766
539.4	0.683465719132986	539.4	0.763869523122184	536.1	0.463811543599442
539.5	0.72349183108043	539.5	0.774985179495257	536.2	0.466933323528573
539.6	0.754097869365261	539.6	0.787286058925338	536.3	0.466005720786758
539.7	0.754025336887756	539.7	0.800813231701737	536.4	0.472855240360631
539.8	0.78402511392713	539.8	0.804710547286645	536.5	0.481059624631208
539.9	0.79489541868939	539.9	0.813152239377512	536.6	0.48326541718263
540	0.807784500952789	540	0.821974999667781	536.7	0.486580796043763
540.1	0.797369700277033	540.1	0.825553002787303	536.8	0.491693968108927
540.2	0.791211971797333	540.2	0.828359538113159	536.9	0.493966738079375
540.3	0.758430256255227	540.3	0.838619045403455	537	0.493377639158069
540.4	0.72969369490349	540.4	0.851605766366474	537.1	0.504866448591417
540.5	0.713399850558883	540.5	0.859321760228086	537.2	0.518750720989481
540.6	0.725607261054567	540.6	0.86692508980856	537.3	0.528766619302497
540.7	0.747161596239644	540.7	0.878348101798016	537.4	0.540690336388686
540.8	0.766554197192255	540.8	0.885964595424737	537.5	0.548065125920677
540.9	0.785793440843371	540.9	0.88715548031677	537.6	0.551721379699812
541	0.811379316204676	541	0.89124465711888	537.7	0.559969218185922
541.1	0.847933059170556	541.1	0.895178258974346	537.8	0.581580798022898
541.2	0.886488071798177	541.2	0.892143867167217	537.9	0.600350006289929
541.3	0.902323351937662	541.3	0.891636425403	538	0.624795931819669
541.4	0.901302115608854	541.4	0.88862527094363	538.1	0.649116387771772
541.5	0.88073678967875	541.5	0.884818814939427	538.2	0.668230412611789
541.6	0.860587876257236	541.6	0.879724474545374	538.3	0.680219002608603
541.7	0.810111452842103	541.7	0.868228213664556	538.4	0.698413126427101
541.8	0.783191413677695	541.8	0.853801664550397	538.5	0.717179090227583
541.9	0.748552701247838	541.9	0.837274114148309	538.6	0.732439967662983
542	0.730037833671117	542	0.820041040900852	538.7	0.75029519511819
542.1	0.682896051539808	542.1	0.798891391276421	538.8	0.762850977753628
542.2	0.63843214790684	542.2	0.781167892149619	538.9	0.769476977826465
542.3	0.592362020593129	542.3	0.770939484179072	539	0.777313994598035
542.4	0.566129418868781	542.4	0.757266501162749	539.1	0.7911834363357
542.5	0.549097683458263	542.5	0.744202944893242	539.2	0.804409028899792
542.6	0.524232906841812	542.6	0.734772115353456	539.3	0.810162960023203
542.7	0.505448087611132	542.7	0.725494435173268	539.4	0.818144070325165
542.8	0.50795961128955	542.8	0.710706126619875	539.5	0.825108862637002
542.9	0.507860032857624	542.9	0.695959117003746	539.6	0.828492042638826
543	0.51849444463894	543	0.682870935509383	539.7	0.837516112260907
543.1	0.505416684341673	543.1	0.668747277780207	539.8	0.841589428064373
543.2	0.510344521442168	543.2	0.653428125424353	539.9	0.835253483494146
543.3	0.51114374744298	543.3	0.642044237498396	540	0.833951929468599
543.4	0.517736221991609	543.4	0.627642341590487	540.1	0.843229817408171
543.5	0.501998154920964	543.5	0.614939782866852	540.2	0.849520909908745
543.6	0.502761390988097	543.6	0.598516600182904	540.3	0.845613675440527
543.7	0.475186417762538	543.7	0.582952452822456	540.4	0.843373113875808
543.8	0.481225291937871	543.8	0.565733380025058	540.5	0.837785638857822
543.9	0.481942300409353	543.9	0.548340177899206	540.6	0.828371879536427
544	0.477953216983237	544	0.533469689593245	540.7	0.829947234663879
544.1	0.479794371847726	544.1	0.520809384052326	540.8	0.835891984272313
544.2	0.476101691894225	544.2	0.509488850477347	540.9	0.829500529477719
544.3	0.476942967374663	544.3	0.498650210855227	541	0.821622323532015
544.4	0.479925827580012	544.4	0.488242183766795	541.1	0.810120628959114
544.5	0.461372337345432	544.5	0.479543568922982	541.2	0.794143249287936
544.6	0.450645431722045	544.6	0.475552610168385	541.3	0.788094572432481
544.7	0.441722274367041	544.7	0.467195253356717	541.4	0.791608495066953
544.8	0.423112768309795	544.8	0.458137175946308	541.5	0.788688995601632
544.9	0.424727087888907	544.9	0.452573748603067	541.6	0.776493007789483
545	0.420854710614996	545	0.445080565617927	541.7	0.760233244779372
545.1	0.404578120164661	545.1	0.44330673604918	541.8	0.742663666186321
545.2	0.412621400783033	545.2	0.443848326305524	541.9	0.726402469004155
545.3	0.406045456624639	545.3	0.443510007918591	542	0.713584280405144
545.4	0.399303285417455	545.4	0.443452916123173	542.1	0.699674683974939
545.5	0.40136711342269	545.5	0.442272867225481	542.2	0.677218600500875
545.6	0.394397084761069	545.6	0.438774465732914	542.3	0.652413598779317
545.7	0.398773589425865	545.7	0.440496240636681	542.4	0.641327190322382
545.8	0.410666643007712	545.8	0.443097573057215	542.5	0.633561009943567
545.9	0.406111507911461	545.9	0.441527011680324	542.6	0.621376283588843
546	0.399502947935563	546	0.440553516149931	542.7	0.605141708225439
546.1	0.407239866918699	546.1	0.43790649491129	542.8	0.584890400400629
546.2	0.420866811499504	546.2	0.43055963238679	542.9	0.561231471569932
546.3	0.463166732128077	546.3	0.426825782501377	543	0.551869379146796
546.4	0.479441331584743	546.4	0.424270158725764	543.1	0.545462264561086
546.5	0.482626156424575	546.5	0.419395504565989	543.2	0.532258982026928
546.6	0.47096176206102	546.6	0.416914266046085	543.3	0.513278974808627
546.7	0.478555587278288	546.7	0.410755314711053	543.4	0.505232502076644
546.8	0.474330861941503	546.8	0.408899322338468	543.5	0.494755820161948
546.9	0.470216042138408	546.9	0.412050680685842	543.6	0.483829368445593
547	0.450897217834703	547	0.409848592857874	543.7	0.482415898579683
547.1	0.420580100425554	547.1	0.410995710533985	543.8	0.475957194367916
547.2	0.422295298507863	547.2	0.410058441953597	543.9	0.462876886485198
547.3	0.407717408650668	547.3	0.404125310693997	544	0.459543023340813
547.4	0.398445084733982	547.4	0.403018967024215	544.1	0.460659138958346
547.5	0.39412594930757	547.5	0.400286540977586	544.2	0.458101545586031
547.6	0.391374329297384	547.6	0.400217818995944	544.3	0.459921924295393
547.7	0.401509066831202	547.7	0.404621401766134	544.4	0.464075146895773
547.8	0.393969629312946	547.8	0.403496085752475	544.5	0.455532443292068
547.9	0.380297136878914	547.9	0.395161828300323	544.6	0.443081488897518
548	0.378364388319981	548	0.386551278735354	544.7	0.435623644692316
548.1	0.386487053142825	548.1	0.37103035479244	544.8	0.435532748629307
548.2	0.377460824093138	548.2	0.362004169774407	544.9	0.433380834506542
548.3	0.379843390603762	548.3	0.35718726920997	545	0.427951546116186
548.4	0.370656811977368	548.4	0.352240853809583	545.1	0.423029885088149
548.5	0.372058531572374	548.5	0.348059884766963	545.2	0.412938010235553
548.6	0.358017613314467	548.6	0.347967026515323	545.3	0.411602525406912
548.7	0.351767636313271	548.7	0.350168110211014	545.4	0.416719767205733
548.8	0.338047860574607	548.8	0.352942793117912	545.5	0.42035314524515
548.9	0.326844301548049	548.9	0.356006948652924	545.6	0.410887452146632
549	0.310848861252561	549	0.356314488626714	545.7	0.396492326561621
549.1	0.293575398831201	549.1	0.354691259552494	545.8	0.382526251589777
549.2	0.287322141625612	549.2	0.352328633998004	545.9	0.373149440454344
549.3	0.290658509736288	549.3	0.349994173394544	546	0.375001043411363
549.4	0.28707861943036	549.4	0.352031173081899	546.1	0.373713100401109
549.5	0.277481690077319	549.5	0.349502424075252	546.2	0.365953948411945
549.6	0.2753105470981	549.6	0.35085977906893	546.3	0.357754340432715
549.7	0.285730472993399	549.7	0.348269571570607	546.4	0.354810767296057
549.8	0.300416702229632	549.8	0.342683883190386	546.5	0.352088892934192
549.9	0.303871712544595	549.9	0.336304936066922	546.6	0.348537958750553
550	0.275831250237974	550	0.327539278924521	546.7	0.35465949083161
550.1	0.278678410154023	550.1	0.32311774569093	546.8	0.360340645740245
550.2	0.272819050266952	550.2	0.322938147998798	546.9	0.360782008809364
550.3	0.278069709757651	550.3	0.321994796263552	547	0.368252368889586
550.4	0.265314347011574	550.4	0.320341421155672	547.1	0.37102178980276
550.5	0.236084350796155	550.5	0.317709824380159	547.2	0.37039047678816
550.6	0.226069946517559	550.6	0.31519470375099	547.3	0.374390806776005
550.7	0.228310412682869	550.7	0.309446615202724	547.4	0.381192068604546
550.8	0.226137807363041	550.8	0.301065974674131	547.5	0.376985691519445
550.9	0.206624933207641	550.9	0.296952155058861	547.6	0.376593132606709
551	0.20058771079362	551	0.293675729318102	547.7	0.380081232127209
551.1	0.202127110172192	551.1	0.286201104712115	547.8	0.381888012571192
551.2	0.223611781022256	551.2	0.280146664839636	547.9	0.388329427031348
551.3	0.226734520271784	551.3	0.273903635334436	548	0.391653298590346
551.4	0.238787188107472	551.4	0.268272004544741	548.1	0.391714800018242
551.5	0.257263476468518	551.5	0.262226141049192	548.2	0.386837366410701
551.6	0.288275152322355	551.6	0.259165951996571	548.3	0.392422997810557
551.7	0.317605993820477	551.7	0.253902503575027	548.4	0.398389224744366
551.8	0.305215428198118	551.8	0.255484383185582	548.5	0.398002110624109
551.9	0.279481000688175	551.9	0.257727505806463	548.6	0.388722451489777
552	0.278873507409576	552	0.261965124218702	548.7	0.376869015788758
552.1	0.305134898844872	552.1	0.268820898584257	548.8	0.365791323249759
552.2	0.307956177759799	552.2	0.273622744999318	548.9	0.369110314006757
552.3	0.285446244831977	552.3	0.277097186584609	549	0.373349251144058
552.4	0.266030598758525	552.4	0.278400832653347	549.1	0.372178839113213
552.5	0.241919980389687	552.5	0.275335539794627	549.2	0.357486475864258
552.6	0.244563093640652	552.6	0.275615795191962	549.3	0.340285878213777
552.7	0.245064788908035	552.7	0.276691903127733	549.4	0.328850209066383
552.8	0.259316796256408	552.8	0.274754948592913	549.5	0.320998732734162
552.9	0.268281592626277	552.9	0.278051339777163	549.6	0.318127461167783
553	0.278566134785256	553	0.277945921717474	549.7	0.318919122886204
553.1	0.272433550706102	553.1	0.270465088759881	549.8	0.312244299242341
553.2	0.257198249624928	553.2	0.267374475458607	549.9	0.298147450728969
553.3	0.262191037583367	553.3	0.266869221839329	550	0.286472271660993
553.4	0.272069339413024	553.4	0.268414169848454	550.1	0.275030883115036
553.5	0.294419043507859	553.5	0.267174903368937	550.2	0.265847240505445
553.6	0.295187487206915	553.6	0.265529063410376	550.3	0.263613253742557
553.7	0.277597999180731	553.7	0.268613581085086	550.4	0.261269143468012
553.8	0.243247343254847	553.8	0.274019619328049	550.5	0.250336108256703
553.9	0.226566703111253	553.9	0.278415823324934	550.6	0.247626346505559
554	0.233321730969193	554	0.283173704255917	550.7	0.251218385443452
554.1	0.239191316699406	554.1	0.280173300087878	550.8	0.253030133524071
554.2	0.255310727894252	554.2	0.279365668981888	550.9	0.259180889758446
554.3	0.274237368929178	554.3	0.278970665569046	551	0.258085888480123
554.4	0.283153981527361	554.4	0.279570899708709	551.1	0.251111835191561
554.5	0.30982203142301	554.5	0.280775126928436	551.2	0.251885808723582
554.6	0.317539788888869	554.6	0.284022090340889	551.3	0.265815791395683
554.7	0.347477788905224	554.7	0.283447511621028	551.4	0.276922067984404
554.8	0.364274393170173	554.8	0.280385490027001	551.5	0.281264113225439
554.9	0.352367855581311	554.9	0.277380234844762	551.6	0.278385326840902
555	0.32709226922042	555	0.272520104786832	551.7	0.280197287806435
555.1	0.292589795315757	555.1	0.268041327858832	551.8	0.289030437427138
555.2	0.262626982145517	555.2	0.267551031973045	551.9	0.307747020910387
555.3	0.257190874036318	555.3	0.267962005406232	552	0.320638342258109
555.4	0.255273272106258	555.4	0.268786067186245	552.1	0.320183393132619
555.5	0.259366176924176	555.5	0.270294499317493	552.2	0.313353083563195
555.6	0.277783485811144	555.6	0.277763123113865	552.3	0.312536636593054
555.7	0.304344037061806	555.7	0.282256704597215	552.4	0.314992553560979
555.8	0.312401132933853	555.8	0.28354177102094	552.5	0.313898867841882
555.9	0.330526742881295	555.9	0.283243072687686	552.6	0.316202216450745
556	0.324259814483982	556	0.282343593378399	552.7	0.316147879411574
556.1	0.3480859820502	556.1	0.274487178972855	552.8	0.311172522510454
556.2	0.337311106352346	556.2	0.277816116994292	552.9	0.30552683699103
556.3	0.320016057956474	556.3	0.281848513793649	553	0.309166758826806
556.4	0.31493210210089	556.4	0.284480558591239	553.1	0.309931565654188
556.5	0.323895636411399	556.5	0.286210662836207	553.2	0.307576711742557
556.6	0.336101937214799	556.6	0.287443236166496	553.3	0.306549882221721
556.7	0.35410498142591	556.7	0.285143905482538	553.4	0.301556811054834
556.8	0.347063097473786	556.8	0.284136449015298	553.5	0.298784554348466
556.9	0.34774824301916	556.9	0.278160512939804	553.6	0.302775839142207
557	0.360635569707202	557	0.274628766420827	553.7	0.306367449509154
557.1	0.344467534569119	557.1	0.270823864743037	553.8	0.30315401509036
557.2	0.318365779428183	557.2	0.268037881670459	553.9	0.29393119035547
557.3	0.281677112382633	557.3	0.26819378807669	554	0.286306201356351
557.4	0.254844645635709	557.4	0.27260786306982	554.1	0.278117342616442
557.5	0.240959847730031	557.5	0.276119456270239	554.2	0.281356400497159
557.6	0.229287147923451	557.6	0.27906641485822	554.3	0.293885307861014
557.7	0.246937969287397	557.7	0.277292848314568	554.4	0.291114913801056
557.8	0.243855589744271	557.8	0.27606850902885	554.5	0.285714483100604
557.9	0.267640275454118	557.9	0.275077219730856	554.6	0.288964894199485
558	0.287956233979097	558	0.272099226260277	554.7	0.301297379491466
558.1	0.318461034084994	558.1	0.272249458839458	554.8	0.30908396707226
558.2	0.342480786415986	558.2	0.275243507553711	554.9	0.321212266947493
558.3	0.356873323163603	558.3	0.275800355184292	555	0.331048989957585
558.4	0.362661979616927	558.4	0.280552203646712	555.1	0.326492729541945
558.5	0.334121305465768	558.5	0.285074723486794	555.2	0.318996487234517
558.6	0.318521970373963	558.6	0.290116375077553	555.3	0.31796443469242
558.7	0.31364337051814	558.7	0.290753509479486	555.4	0.315533207641637
558.8	0.312481439007044	558.8	0.294577695613606	555.5	0.314964943623944
558.9	0.316982482194454	558.9	0.292824540936586	555.6	0.320318284451796
559	0.320285056118359	559	0.291598941528816	555.7	0.324500207879511
559.1	0.323681574725541	559.1	0.296700976805969	555.8	0.323543657232497
559.2	0.321093329593046	559.2	0.303304894169982	555.9	0.325875302052133
559.3	0.347101648260383	559.3	0.309085210887342	556	0.325725524378619
559.4	0.378351512503555	559.4	0.314515150356601	556.1	0.319216753846333
559.5	0.437417665240656	559.5	0.316641833606683	556.2	0.31235170758271
559.6	0.451943548413888	559.6	0.317010105355398	556.3	0.307557066019485
559.7	0.445244210562226	559.7	0.317663233921621	556.4	0.300305834737234
559.8	0.412636492470319	559.8	0.317750418665998	556.5	0.29312563283506
559.9	0.394136152790764	559.9	0.313227189217786	556.6	0.291502219034785
560	0.391628454260618	560	0.305513491269451	556.7	0.29227620908374
560.1	0.394643905687527	560.1	0.300304132959368	556.8	0.287562185994401
560.2	0.370674453976455	560.2	0.291400175942843	556.9	0.284828913499906
560.3	0.364439992543277	560.3	0.290472908392026	557	0.284143889447555
560.4	0.361933495061773	560.4	0.295479101161993	557.1	0.283529984797396
560.5	0.379155642999279	560.5	0.299747133909477	557.2	0.286888604023245
560.6	0.395936127658182	560.6	0.302695448555714	557.3	0.295329810204296
560.7	0.419916218552011	560.7	0.305969775372204	557.4	0.295552963628277
560.8	0.435739566464882	560.8	0.307281441867563	557.5	0.295440597484161
560.9	0.45948437640149	560.9	0.306137223383563	557.6	0.302874407137077
561	0.451038164087266	561	0.309835036752337	557.7	0.309776337740506
561.1	0.455114188741472	561.1	0.316597112784884	557.8	0.314175415371681
561.2	0.417646791143007	561.2	0.319271663716983	557.9	0.326659874219954
561.3	0.406910724329438	561.3	0.321825393552018	558	0.32760284620941
561.4	0.398207853989283	561.4	0.324082174610388	558.1	0.317154182035791
561.5	0.374310577954829	561.5	0.324609945416313	558.2	0.318826876761931
561.6	0.362546288925795	561.6	0.321572580386301	558.3	0.333029512753979
561.7	0.364837393026814	561.7	0.327097990130272	558.4	0.340503706984235
561.8	0.376506974898339	561.8	0.325187347698577	558.5	0.345955416676495
561.9	0.393767070862125	561.9	0.32311387802283	558.6	0.3509797550737
562	0.413220341700894	562	0.335337290086727	558.7	0.347641055655421
562.1	0.417937059045851	562.1	0.329217286292578	558.8	0.339648388523045
562.2	0.410192514362114	562.2	0.323881290113436	558.9	0.332952488403351
562.3	0.401088562452102	562.3	0.320298086292247	559	0.333673987252841
562.4	0.38600701061037	562.4	0.311627105392568	559.1	0.333263666068983
562.5	0.369509678279955	562.5	0.308771721589699	559.2	0.326559371870071
562.6	0.345641263188856	562.6	0.304948459321232	559.3	0.320173595230004
562.7	0.346325395509151	562.7	0.302230297229438	559.4	0.318795144352961
562.8	0.335462022330816	562.8	0.296669989571687	559.5	0.326771318699891
562.9	0.335189745881106	562.9	0.294236712598582	559.6	0.341502500798208
563	0.345377404940194	563	0.2928720319163	559.7	0.349286803633193
563.1	0.346497586914396	563.1	0.29000567812819	559.8	0.345055541325461
563.2	0.340335124514246	563.2	0.288549814240406	559.9	0.342750009100782
563.3	0.362902735247737	563.3	0.287824850562692	560	0.339163126440285
563.4	0.378580666834984	563.4	0.28726987560683	560.1	0.336342530369823
563.5	0.379002582446239	563.5	0.289836788835247	560.2	0.341971223152659
563.6	0.362899226652445	563.6	0.295810208024405	560.3	0.351871073687533
563.7	0.325603334008817	563.7	0.302209814849696	560.4	0.351195414060066
563.8	0.315234617186188	563.8	0.302860769501517	560.5	0.354346102485573
563.9	0.328848242265311	563.9	0.315387434789783	560.6	0.369729009340212
564	0.334167108541832	564	0.319256641866129	560.7	0.382013453152435
564.1	0.35372014148353	564.1	0.306915172787125	560.8	0.389612880121032
564.2	0.341958045965409	564.2	0.305820385432689	560.9	0.395935636837858
564.3	0.359167651569144	564.3	0.300040775605267	561	0.397703354542093
564.4	0.381513239197526	564.4	0.293885738147607	561.1	0.400666867094143
564.5	0.377714154319929	564.5	0.29859536252796	561.2	0.40705638390193
564.6	0.377926687863046	564.6	0.301209458940767	561.3	0.412988018292831
564.7	0.389780962906251	564.7	0.303560340144948	561.4	0.4087054491753
564.8	0.394584174280335	564.8	0.305180844950738	561.5	0.402985983964976
564.9	0.385176266984936	564.9	0.306073780451489	561.6	0.395047152954727
565	0.366114032349606	565	0.303781147393781	561.7	0.382577648016013
565.1	0.3341647323182	565.1	0.297443766389911	561.8	0.378046701896219
565.2	0.335226546203191	565.2	0.291298386670103	561.9	0.378329594265777
565.3	0.340023020844327	565.3	0.291704758203437	562	0.376344239793186
565.4	0.320321358452456	565.4	0.290530190141129	562.1	0.368976091420528
565.5	0.306690147912974	565.5	0.288873841010898	562.2	0.366459914016258
565.6	0.29724234791466	565.6	0.285486700252792	562.3	0.368772730111805
565.7	0.310120112850019	565.7	0.278032662916797	562.4	0.373199343885062
565.8	0.340916567175545	565.8	0.278170595355256	562.5	0.378787155809846
565.9	0.33570790158403	565.9	0.281026665901458	562.6	0.387911384500056
566	0.334763035658112	566	0.277539672342908	562.7	0.390497309145404
566.1	0.342150100351447	566.1	0.283082127232293	562.8	0.38873376607184
566.2	0.350453190790155	566.2	0.283792790659307	562.9	0.391901928639749
566.3	0.348285986356087	566.3	0.282147691648035	563	0.39802632761606
566.4	0.351035418924489	566.4	0.283331455995049	563.1	0.401876609767457
566.5	0.342447475523523	566.5	0.290603098139177	563.2	0.410857544887737
566.6	0.35345523167845	566.6	0.29597540633176	563.3	0.414468093318939
566.7	0.369523253004474	566.7	0.302609327583956	563.4	0.416113240891707
566.8	0.363960424680578	566.8	0.307099829355235	563.5	0.422943981002518
566.9	0.359469267784528	566.9	0.3094482336465	563.6	0.426079979982575
567	0.372906540910911	567	0.304586189021707	563.7	0.427431165291011
567.1	0.365343364155138	567.1	0.299485817438241	563.8	0.427936454903602
567.2	0.382482515159406	567.2	0.298674500463259	563.9	0.427595848820317
567.3	0.398277912817668	567.3	0.299804301014815	564	0.426409347041329
567.4	0.421933215242994	567.4	0.296906237432907	564.1	0.424376949566579
567.5	0.453865679830586	567.5	0.295658865105736	564.2	0.421498656396011
567.6	0.460833555868055	567.6	0.294112947042066	564.3	0.417774467529682
567.7	0.445531691457248	567.7	0.292268483241827	564.4	0.413204382967535
567.8	0.446742336578836	567.8	0.29012547370499	564.5	0.407788402709571
567.9	0.445284446695268	567.9	0.287683918431668	564.6	0.401526526755845
568	0.441158021804995	568	0.284943817421805	564.7	0.394418755106301
568.1	0.434363061909153	568.1	0.281905170675344	564.8	0.386465087760826
568.2	0.424899567006833	568.2	0.27856797819237	564.9	0.377665524719703
568.3	0.412767537098716	568.3	0.274932239972884	565	0.368020065982762
568.4	0.397966972184122	568.4	0.270997956016771	565.1	0.35752871155006
