% rows 2978 cols 3
-22.88907     0.0000     0.0000
-22.87366     0.0000     0.0000
-22.85825     0.0000     0.0000
-22.84283     0.0000     0.0000
-22.82742     0.0000     0.0000
-22.81201     0.0000     0.0000
-22.79659     0.0000     0.0000
-22.78118     0.0000     0.0000
-22.76577     0.0000     0.0000
-22.75035     0.0000     0.0000
-22.73494     0.0000     0.0000
-22.71953     0.0000     0.0000
-22.70411     0.0000     0.0000
-22.68870     0.0000     0.0000
-22.67329     0.0000     0.0000
-22.65787     0.0000     0.0000
-22.64246     0.0000     0.0000
-22.62705     0.0000     0.0000
-22.61163     0.0000     0.0000
-22.59622     0.0000     0.0000
-22.58081     0.0000     0.0000
-22.56539     0.0000     0.0000
-22.54998     0.0000     0.0000
-22.53457     0.0000     0.0000
-22.51915     0.0000     0.0000
-22.50374     0.0000     0.0000
-22.48833     0.0000     0.0000
-22.47291     0.0000     0.0000
-22.45750     0.0000     0.0000
-22.44209     0.0000     0.0000
-22.42667     0.0000     0.0000
-22.41126     0.0000     0.0000
-22.39585     0.0000     0.0000
-22.38043     0.0000     0.0000
-22.36502     0.0000     0.0000
-22.34961     0.0000     0.0000
-22.33419     0.0000     0.0000
-22.31878     0.0000     0.0000
-22.30337     0.0000     0.0000
-22.28795     0.0000     0.0000
-22.27254     0.0000     0.0000
-22.25713     0.0000     0.0000
-22.24171     0.0000     0.0000
-22.22630     0.0000     0.0000
-22.21089     0.0000     0.0000
-22.19547     0.0000     0.0000
-22.18006     0.0000     0.0000
-22.16465     0.0000     0.0000
-22.14923     0.0000     0.0000
-22.13382     0.0000     0.0000
-22.11841     0.0000     0.0000
-22.10299     0.0000     0.0000
-22.08758     0.0000     0.0000
-22.07217     0.0000     0.0000
-22.05675     0.0000     0.0000
-22.04134     0.0000     0.0000
-22.02593     0.0000     0.0000
-22.01051     0.0000     0.0000
-21.99510     0.0000     0.0000
-21.97969     0.0000     0.0000
-21.96427     0.0000     0.0000
-21.94886     0.0000     0.0000
-21.93345     0.0000     0.0000
-21.91803     0.0000     0.0000
-21.90262     0.0000     0.0000
-21.88721     0.0000     0.0000
-21.87179     0.0000     0.0000
-21.85638     0.0000     0.0000
-21.84097     0.0000     0.0000
-21.82555     0.0000     0.0000
-21.81014     0.0000     0.0000
-21.79473     0.0000     0.0000
-21.77931     0.0000     0.0000
-21.76390     0.0000     0.0000
-21.74849     0.0000     0.0000
-21.73307     0.0000     0.0000
-21.71766     0.0000     0.0000
-21.70225     0.0000     0.0000
-21.68683     0.0000     0.0000
-21.67142     0.0000     0.0000
-21.65601     0.0000     0.0000
-21.64059     0.0000     0.0000
-21.62518     0.0000     0.0000
-21.60977     0.0000     0.0000
-21.59435     0.0000     0.0000
-21.57894     0.0000     0.0000
-21.56353     0.0000     0.0000
-21.54811     0.0000     0.0000
-21.53270     0.0000     0.0000
-21.51729     0.0000     0.0000
-21.50187     0.0000     0.0000
-21.48646     0.0000     0.0000
-21.47105     0.0000     0.0000
-21.45563     0.0000     0.0000
-21.44022     0.0000     0.0000
-21.42481     0.0000     0.0000
-21.40939     0.0000     0.0000
-21.39398     0.0000     0.0000
-21.37857     0.0000     0.0000
-21.36315     0.0000     0.0000
-21.34774     0.0000     0.0000
-21.33233     0.0000     0.0000
-21.31691     0.0000     0.0000
-21.30150     0.0000     0.0000
-21.28609     0.0000     0.0000
-21.27067     0.0000     0.0000
-21.25526     0.0000     0.0000
-21.23985     0.0000     0.0000
-21.22443     0.0000     0.0000
-21.20902     0.0000     0.0000
-21.19361     0.0000     0.0000
-21.17819     0.0000     0.0000
-21.16278     0.0000     0.0000
-21.14737     0.0000     0.0000
-21.13195     0.0000     0.0000
-21.11654     0.0000     0.0000
-21.10113     0.0000     0.0000
-21.08571     0.0000     0.0000
-21.07030     0.0000     0.0000
-21.05489     0.0000     0.0000
-21.03947     0.0000     0.0000
-21.02406     0.0000     0.0000
-21.00865     0.0000     0.0000
-20.99323     0.0000     0.0000
-20.97782     0.0000     0.0000
-20.96241     0.0000     0.0000
-20.94699     0.0000     0.0000
-20.93158     0.0000     0.0000
-20.91617     0.0000     0.0000
-20.90075     0.0000     0.0000
-20.88534     0.0000     0.0000
-20.86993     0.0000     0.0000
-20.85451     0.0000     0.0000
-20.83910     0.0000     0.0000
-20.82369     0.0000     0.0000
-20.80827     0.0000     0.0000
-20.79286     0.0000     0.0000
-20.77745     0.0000     0.0000
-20.76203     0.0000     0.0000
-20.74662     0.0000     0.0000
-20.73121     0.0000     0.0000
-20.71579     0.0000     0.0000
-20.70038     0.0000     0.0000
-20.68497     0.0000     0.0000
-20.66955     0.0000     0.0000
-20.65414     0.0000     0.0000
-20.63873     0.0000     0.0000
-20.62331     0.0000     0.0000
-20.60790     0.0000     0.0000
-20.59249     0.0000     0.0000
-20.57707     0.0000     0.0000
-20.56166     0.0000     0.0000
-20.54625     0.0000     0.0000
-20.53083     0.0000     0.0000
-20.51542     0.0000     0.0000
-20.50001     0.0000     0.0000
-20.48459     0.0000     0.0000
-20.46918     0.0000     0.0000
-20.45377     0.0000     0.0000
-20.43835     0.0000     0.0000
-20.42294     0.0000     0.0000
-20.40753     0.0000     0.0000
-20.39211     0.0000     0.0000
-20.37670     0.0000     0.0000
-20.36129     0.0000     0.0000
-20.34587     0.0000     0.0000
-20.33046     0.0000     0.0000
-20.31505     0.0000     0.0000
-20.29963     0.0000     0.0000
-20.28422     0.0000     0.0000
-20.26881     0.0000     0.0000
-20.25339     0.0000     0.0000
-20.23798     0.0000     0.0000
-20.22257     0.0000     0.0000
-20.20715     0.0000     0.0000
-20.19174     0.0000     0.0000
-20.17633     0.0000     0.0000
-20.16091     0.0000     0.0000
-20.14550     0.0000     0.0000
-20.13009     0.0000     0.0000
-20.11467     0.0000     0.0000
-20.09926     0.0000     0.0000
-20.08385     0.0000     0.0000
-20.06843     0.0000     0.0000
-20.05302     0.0000     0.0000
-20.03761     0.0000     0.0000
-20.02219     0.0000     0.0000
-20.00678     0.0000     0.0000
-19.99137     0.0000     0.0000
-19.97595     0.0000     0.0000
-19.96054     0.0000     0.0000
-19.94513     0.0000     0.0000
-19.92971     0.0000     0.0000
-19.91430     0.0000     0.0000
-19.89889     0.0000     0.0000
-19.88347     0.0000     0.0000
-19.86806     0.0000     0.0000
-19.85265     0.0000     0.0000
-19.83723     0.0000     0.0000
-19.82182     0.0000     0.0000
-19.80641     0.0000     0.0000
-19.79099     0.0000     0.0000
-19.77558     0.0000     0.0000
-19.76017     0.0000     0.0000
-19.74475     0.0000     0.0000
-19.72934     0.0000     0.0000
-19.71393     0.0000     0.0000
-19.69851     0.0000     0.0000
-19.68310     0.0000     0.0000
-19.66769     0.0000     0.0000
-19.65227     0.0000     0.0000
-19.63686     0.0000     0.0000
-19.62145     0.0000     0.0000
-19.60603     0.0000     0.0000
-19.59062     0.0000     0.0000
-19.57521     0.0000     0.0000
-19.55979     0.0000     0.0000
-19.54438     0.0000     0.0000
-19.52897     0.0000     0.0000
-19.51355     0.0000     0.0000
-19.49814     0.0000     0.0000
-19.48273     0.0000     0.0000
-19.46731     0.0000     0.0000
-19.45190     0.0000     0.0000
-19.43649     0.0000     0.0000
-19.42107     0.0000     0.0000
-19.40566     0.0000     0.0000
-19.39025     0.0000     0.0000
-19.37483     0.0000     0.0000
-19.35942     0.0000     0.0000
-19.34401     0.0000     0.0000
-19.32859     0.0000     0.0000
-19.31318     0.0000     0.0000
-19.29777     0.0000     0.0000
-19.28235     0.0000     0.0000
-19.26694     0.0000     0.0000
-19.25153     0.0000     0.0000
-19.23611     0.0000     0.0000
-19.22070     0.0000     0.0000
-19.20529     0.0000     0.0000
-19.18987     0.0000     0.0000
-19.17446     0.0000     0.0000
-19.15905     0.0000     0.0000
-19.14363     0.0000     0.0000
-19.12822     0.0000     0.0000
-19.11281     0.0000     0.0000
-19.09739     0.0000     0.0000
-19.08198     0.0000     0.0000
-19.06657     0.0000     0.0000
-19.05115     0.0000     0.0000
-19.03574     0.0000     0.0000
-19.02033     0.0000     0.0000
-19.00491     0.0000     0.0000
-18.98950     0.0000     0.0000
-18.97409     0.0000     0.0000
-18.95867     0.0000     0.0000
-18.94326     0.0000     0.0000
-18.92785     0.0000     0.0000
-18.91243     0.0000     0.0000
-18.89702     0.0000     0.0000
-18.88161     0.0000     0.0000
-18.86619     0.0000     0.0000
-18.85078     0.0000     0.0000
-18.83537     0.0000     0.0000
-18.81995     0.0000     0.0000
-18.80454     0.0000     0.0000
-18.78913     0.0000     0.0000
-18.77371     0.0000     0.0000
-18.75830     0.0000     0.0000
-18.74289     0.0000     0.0000
-18.72747     0.0000     0.0000
-18.71206     0.0000     0.0000
-18.69665     0.0000     0.0000
-18.68123     0.0000     0.0000
-18.66582     0.0000     0.0000
-18.65041     0.0000     0.0000
-18.63499     0.0000     0.0000
-18.61958     0.0000     0.0000
-18.60417     0.0000     0.0000
-18.58875     0.0000     0.0000
-18.57334     0.0000     0.0000
-18.55793     0.0000     0.0000
-18.54251     0.0000     0.0000
-18.52710     0.0000     0.0000
-18.51169     0.0000     0.0000
-18.49627     0.0000     0.0000
-18.48086     0.0000     0.0000
-18.46545     0.0000     0.0000
-18.45003     0.0000     0.0000
-18.43462     0.0000     0.0000
-18.41921     0.0000     0.0000
-18.40379     0.0000     0.0000
-18.38838     0.0000     0.0000
-18.37297     0.0000     0.0000
-18.35755     0.0000     0.0000
-18.34214     0.0000     0.0000
-18.32673     0.0000     0.0000
-18.31131     0.0000     0.0000
-18.29590     0.0000     0.0000
-18.28049     0.0000     0.0000
-18.26507     0.0000     0.0000
-18.24966     0.0000     0.0000
-18.23425     0.0000     0.0000
-18.21883     0.0000     0.0000
-18.20342     0.0000     0.0000
-18.18801     0.0000     0.0000
-18.17259     0.0015     0.0000
-18.15718     0.0209     0.0000
-18.14177     0.0816     0.0002
-18.12635     0.1923     0.0004
-18.11094     0.3500     0.0007
-18.09553     0.4720     0.0009
-18.08011     0.5730     0.0012
-18.06470     0.7468     0.0016
-18.04929     0.9318     0.0021
-18.03387     1.0356     0.0024
-18.01846     1.1131     0.0026
-18.00305     1.2244     0.0030
-17.98763     1.3403     0.0033
-17.97222     1.4547     0.0037
-17.95681     1.5658     0.0040
-17.94139     1.6738     0.0044
-17.92598     1.7845     0.0048
-17.91057     1.9009     0.0052
-17.89515     2.0182     0.0057
-17.87974     2.1371     0.0062
-17.86433     2.2678     0.0067
-17.84891     2.4127     0.0072
-17.83350     2.5665     0.0078
-17.81809     2.7286     0.0083
-17.80267     2.9227     0.0091
-17.78726     3.2641     0.0103
-17.77185     3.8332     0.0123
-17.75643     4.1749     0.0135
-17.74102     4.0158     0.0132
-17.72561     4.0565     0.0136
-17.71019     4.5194     0.0155
-17.69478     4.6029     0.0159
-17.67937     4.2362     0.0147
-17.66395     4.0343     0.0141
-17.64854     4.0443     0.0142
-17.63313     3.9475     0.0140
-17.61771     3.6962     0.0132
-17.60230     3.4580     0.0125
-17.58689     3.2584     0.0119
-17.57147     2.9383     0.0108
-17.55606     2.4880     0.0092
-17.54065     2.0433     0.0076
-17.52523     1.6083     0.0060
-17.50982     1.1943     0.0045
-17.49441     0.9040     0.0034
-17.47899     0.8337     0.0031
-17.46358     0.8896     0.0032
-17.44817     0.9843     0.0034
-17.43275     1.2200     0.0041
-17.41734     1.6837     0.0057
-17.40193     2.2879     0.0079
-17.38651     3.4058     0.0114
-17.37110     5.3822     0.0174
-17.35569     6.2897     0.0199
-17.34027     5.8286     0.0186
-17.32486     6.0828     0.0197
-17.30945     7.2824     0.0236
-17.29403     7.2830     0.0232
-17.27862     5.9817     0.0188
-17.26321     5.0569     0.0158
-17.24779     4.4270     0.0137
-17.23238     3.9506     0.0121
-17.21697     3.5277     0.0106
-17.20155     3.2158     0.0096
-17.18614     3.0309     0.0089
-17.17073     2.8783     0.0084
-17.15531     2.7152     0.0078
-17.13990     2.5447     0.0072
-17.12449     2.3759     0.0066
-17.10907     2.2110     0.0060
-17.09366     2.1939     0.0056
-17.07825     2.8021     0.0060
-17.06283     4.2747     0.0074
-17.04742     5.8852     0.0090
-17.03201     7.3471     0.0105
-17.01659     7.6955     0.0107
-17.00118     8.2252     0.0111
-16.98577     9.9371     0.0128
-16.97035    11.3519     0.0142
-16.95494    11.0269     0.0135
-16.93953    10.0995     0.0119
-16.92411    10.5259     0.0119
-16.90870    11.3849     0.0122
-16.89329    13.4504     0.0136
-16.87787    14.8229     0.0141
-16.86246    14.3230     0.0128
-16.84705    14.9331     0.0124
-16.83163    18.4464     0.0140
-16.81622    25.9449     0.0174
-16.80081    28.2138     0.0169
-16.78539    23.0186     0.0129
-16.76998    21.6191     0.0116
-16.75457    30.7601     0.0151
-16.73915    38.9761     0.0182
-16.72374    34.5719     0.0149
-16.70833    30.5353     0.0109
-16.69291    37.9712     0.0122
-16.67750    47.4127     0.0154
-16.66209    39.2018     0.0133
-16.64667    24.7348     0.0091
-16.63126    21.2418     0.0080
-16.61585    26.5120     0.0097
-16.60043    27.3644     0.0096
-16.58502    16.5707     0.0056
-16.56961     5.2720     0.0017
-16.55419     0.2484     0.0001
-16.53878     0.0000     0.0000
-16.52337     0.0000     0.0000
-16.50795     0.0000     0.0000
-16.49254     0.0000     0.0000
-16.47713     0.0000     0.0000
-16.46171     0.0000     0.0000
-16.44630     0.0000     0.0000
-16.43089     0.0000     0.0000
-16.41547     0.0000     0.0000
-16.40006     0.0000     0.0000
-16.38465     0.0000     0.0000
-16.36923     0.0000     0.0000
-16.35382     0.0000     0.0000
-16.33841     0.0000     0.0000
-16.32299     0.0000     0.0000
-16.30758     0.0000     0.0000
-16.29217     0.0000     0.0000
-16.27675     0.0000     0.0000
-16.26134     0.0000     0.0000
-16.24593     0.0000     0.0000
-16.23051     0.0000     0.0000
-16.21510     0.0000     0.0000
-16.19969     0.0000     0.0000
-16.18427     0.0000     0.0000
-16.16886     0.0000     0.0000
-16.15345     0.0000     0.0000
-16.13803     0.0000     0.0000
-16.12262     0.0000     0.0000
-16.10721     0.0000     0.0000
-16.09179     0.0000     0.0000
-16.07638     0.0000     0.0000
-16.06097     0.0000     0.0000
-16.04555     0.0000     0.0000
-16.03014     0.0000     0.0000
-16.01473     0.0000     0.0000
-15.99931     0.0000     0.0000
-15.98390     0.0000     0.0000
-15.96849     0.0000     0.0000
-15.95307     0.0000     0.0000
-15.93766     0.0000     0.0000
-15.92225     0.0000     0.0000
-15.90683     0.0000     0.0000
-15.89142     0.0000     0.0000
-15.87601     0.0000     0.0000
-15.86059     0.0000     0.0000
-15.84518     0.0000     0.0000
-15.82977     0.0000     0.0000
-15.81435     0.0000     0.0000
-15.79894     0.0000     0.0000
-15.78353     0.0000     0.0000
-15.76811     0.0000     0.0000
-15.75270     0.0000     0.0000
-15.73729     0.0000     0.0000
-15.72187     0.0000     0.0000
-15.70646     0.0000     0.0000
-15.69105     0.0000     0.0000
-15.67563     0.0000     0.0000
-15.66022     0.0000     0.0000
-15.64481     0.0000     0.0000
-15.62939     0.0000     0.0000
-15.61398     0.0000     0.0000
-15.59857     0.0000     0.0000
-15.58315     0.0000     0.0000
-15.56774     0.0000     0.0000
-15.55233     0.0000     0.0000
-15.53691     0.0000     0.0000
-15.52150     0.0000     0.0000
-15.50609     0.0000     0.0000
-15.49067     0.0000     0.0000
-15.47526     0.0000     0.0000
-15.45985     0.0000     0.0000
-15.44443     0.0000     0.0000
-15.42902     0.0000     0.0000
-15.41361     0.0000     0.0000
-15.39819     0.0000     0.0000
-15.38278     0.0000     0.0000
-15.36737     0.0000     0.0000
-15.35195     0.0000     0.0000
-15.33654     0.0000     0.0000
-15.32113     0.0000     0.0000
-15.30571     0.0000     0.0000
-15.29030     0.0000     0.0000
-15.27489     0.0000     0.0000
-15.25947     0.0000     0.0000
-15.24406     0.0000     0.0000
-15.22865     0.0000     0.0000
-15.21323     0.0000     0.0000
-15.19782     0.0000     0.0000
-15.18241     0.0000     0.0000
-15.16699     0.0000     0.0000
-15.15158     0.0000     0.0000
-15.13617     0.0000     0.0000
-15.12075     0.0000     0.0000
-15.10534     0.0000     0.0000
-15.08993     0.0000     0.0000
-15.07451     0.0000     0.0000
-15.05910     0.0000     0.0000
-15.04369     0.0000     0.0000
-15.02827     0.0000     0.0000
-15.01286     0.0000     0.0000
-14.99745     0.0000     0.0000
-14.98203     0.0000     0.0000
-14.96662     0.0000     0.0000
-14.95121     0.0000     0.0000
-14.93579     0.0000     0.0000
-14.92038     0.0000     0.0000
-14.90497     0.0000     0.0000
-14.88955     0.0000     0.0000
-14.87414     0.0000     0.0000
-14.85873     0.0000     0.0000
-14.84331     0.0000     0.0000
-14.82790     0.0000     0.0000
-14.81249     0.0000     0.0000
-14.79707     0.0000     0.0000
-14.78166     0.0000     0.0000
-14.76625     0.0000     0.0000
-14.75083     0.0000     0.0000
-14.73542     0.0000     0.0000
-14.72001     0.0000     0.0000
-14.70459     0.0000     0.0000
-14.68918     0.0000     0.0000
-14.67377     0.0000     0.0000
-14.65835     0.0000     0.0000
-14.64294     0.0000     0.0000
-14.62753     0.0000     0.0000
-14.61211     0.0000     0.0000
-14.59670     0.0000     0.0000
-14.58129     0.0000     0.0000
-14.56587     0.0000     0.0000
-14.55046     0.0000     0.0000
-14.53505     0.0000     0.0000
-14.51963     0.0000     0.0000
-14.50422     0.0000     0.0000
-14.48881     0.0000     0.0000
-14.47339     0.0000     0.0000
-14.45798     0.0000     0.0000
-14.44257     0.0000     0.0000
-14.42715     0.0000     0.0000
-14.41174     0.0000     0.0000
-14.39633     0.0000     0.0000
-14.38091     0.0000     0.0000
-14.36550     0.0000     0.0000
-14.35009     0.0000     0.0000
-14.33467     0.0000     0.0000
-14.31926     0.0000     0.0000
-14.30385     0.0000     0.0000
-14.28843     0.0000     0.0000
-14.27302     0.0000     0.0000
-14.25761     0.0000     0.0000
-14.24219     0.0000     0.0000
-14.22678     0.0000     0.0000
-14.21137     0.0000     0.0000
-14.19595     0.0000     0.0000
-14.18054     0.0000     0.0000
-14.16513     0.0000     0.0000
-14.14971     0.0000     0.0000
-14.13430     0.0000     0.0000
-14.11889     0.0000     0.0000
-14.10347     0.0000     0.0000
-14.08806     0.0000     0.0000
-14.07265     0.0000     0.0000
-14.05723     0.0000     0.0000
-14.04182     0.0000     0.0000
-14.02641     0.0000     0.0000
-14.01099     0.0000     0.0000
-13.99558     0.0000     0.0000
-13.98017     0.0000     0.0000
-13.96475     0.0000     0.0000
-13.94934     0.0000     0.0000
-13.93393     0.0000     0.0000
-13.91851     0.0000     0.0000
-13.90310     0.0000     0.0000
-13.88769     0.0000     0.0000
-13.87227     0.0000     0.0000
-13.85686     0.0000     0.0000
-13.84145     0.0000     0.0000
-13.82603     0.0000     0.0000
-13.81062     0.0000     0.0000
-13.79521     0.0000     0.0000
-13.77979     0.0000     0.0000
-13.76438     0.0000     0.0000
-13.74897     0.0000     0.0000
-13.73355     0.0000     0.0000
-13.71814     0.0000     0.0000
-13.70273     0.0000     0.0000
-13.68731     0.0000     0.0000
-13.67190     0.0000     0.0000
-13.65649     0.0000     0.0000
-13.64107     0.0000     0.0000
-13.62566     0.0000     0.0000
-13.61025     0.0000     0.0000
-13.59483     0.0000     0.0000
-13.57942     0.0000     0.0000
-13.56401     0.0000     0.0000
-13.54859     0.0000     0.0000
-13.53318     0.0000     0.0000
-13.51777     0.0000     0.0000
-13.50235     0.0000     0.0000
-13.48694     0.0000     0.0000
-13.47153     0.0000     0.0000
-13.45611     0.0000     0.0000
-13.44070     0.0000     0.0000
-13.42529     0.0000     0.0000
-13.40987     0.0000     0.0000
-13.39446     0.0000     0.0000
-13.37905     0.0000     0.0000
-13.36363     0.0000     0.0000
-13.34822     0.0000     0.0000
-13.33281     0.0000     0.0000
-13.31739     0.0000     0.0000
-13.30198     0.0000     0.0000
-13.28657     0.0000     0.0000
-13.27115     0.0000     0.0000
-13.25574     0.0000     0.0000
-13.24033     0.0000     0.0000
-13.22491     0.0000     0.0000
-13.20950     0.0000     0.0000
-13.19409     0.0000     0.0000
-13.17867     0.0000     0.0000
-13.16326     0.0000     0.0000
-13.14785     0.0000     0.0000
-13.13243     0.0000     0.0000
-13.11702     0.0000     0.0000
-13.10161     0.0000     0.0000
-13.08619     0.0000     0.0000
-13.07078     0.0000     0.0000
-13.05537     0.0000     0.0000
-13.03995     0.0000     0.0000
-13.02454     0.0000     0.0000
-13.00913     0.0000     0.0000
-12.99371     0.0000     0.0000
-12.97830     0.0000     0.0000
-12.96289     0.0000     0.0000
-12.94747     0.0000     0.0000
-12.93206     0.0000     0.0000
-12.91665     0.0000     0.0000
-12.90123     0.0000     0.0000
-12.88582     0.0000     0.0000
-12.87041     0.0000     0.0000
-12.85499     0.0000     0.0000
-12.83958     0.0000     0.0000
-12.82417     0.0000     0.0000
-12.80875     0.0000     0.0000
-12.79334     0.0000     0.0000
-12.77793     0.0000     0.0000
-12.76251     0.0000     0.0000
-12.74710     0.0000     0.0000
-12.73169     0.0000     0.0000
-12.71627     0.0000     0.0000
-12.70086     0.0000     0.0000
-12.68545     0.0000     0.0000
-12.67003     0.0000     0.0000
-12.65462     0.0000     0.0000
-12.63921     0.0000     0.0000
-12.62379     0.0000     0.0000
-12.60838     0.0000     0.0000
-12.59297     0.0000     0.0000
-12.57755     0.0000     0.0000
-12.56214     0.0000     0.0000
-12.54673     0.0000     0.0000
-12.53131     0.0000     0.0000
-12.51590     0.0000     0.0000
-12.50049     0.0000     0.0000
-12.48507     0.0000     0.0000
-12.46966     0.0000     0.0000
-12.45425     0.0000     0.0000
-12.43883     0.0000     0.0000
-12.42342     0.0000     0.0000
-12.40801     0.0000     0.0000
-12.39259     0.0000     0.0000
-12.37718     0.0000     0.0000
-12.36177     0.0000     0.0000
-12.34635     0.0000     0.0000
-12.33094     0.0000     0.0000
-12.31553     0.0000     0.0000
-12.30011     0.0000     0.0000
-12.28470     0.0000     0.0000
-12.26929     0.0000     0.0000
-12.25387     0.0000     0.0000
-12.23846     0.0000     0.0000
-12.22305     0.0000     0.0000
-12.20763     0.0000     0.0000
-12.19222     0.0000     0.0000
-12.17681     0.0000     0.0000
-12.16139     0.0000     0.0000
-12.14598     0.0000     0.0000
-12.13057     0.0000     0.0000
-12.11515     0.0000     0.0000
-12.09974     0.0000     0.0000
-12.08433     0.0000     0.0000
-12.06891     0.0000     0.0000
-12.05350     0.0000     0.0000
-12.03809     0.0000     0.0000
-12.02267     0.0000     0.0000
-12.00726     0.0000     0.0000
-11.99185     0.0000     0.0000
-11.97643     0.0000     0.0000
-11.96102     0.0000     0.0000
-11.94561     0.0000     0.0000
-11.93019     0.0000     0.0000
-11.91478     0.0000     0.0000
-11.89937     0.0000     0.0000
-11.88395     0.0000     0.0000
-11.86854     0.0000     0.0000
-11.85313     0.0000     0.0000
-11.83771     0.0000     0.0000
-11.82230     0.0000     0.0000
-11.80689     0.0000     0.0000
-11.79147     0.0000     0.0000
-11.77606     0.0000     0.0000
-11.76065     0.0000     0.0000
-11.74523     0.0000     0.0000
-11.72982     0.0000     0.0000
-11.71441     0.0000     0.0000
-11.69899     0.0000     0.0000
-11.68358     0.0000     0.0000
-11.66817     0.0000     0.0000
-11.65275     0.0000     0.0000
-11.63734     0.0000     0.0000
-11.62193     0.0000     0.0000
-11.60651     0.0000     0.0000
-11.59110     0.0000     0.0000
-11.57569     0.0000     0.0000
-11.56027     0.0000     0.0000
-11.54486     0.0000     0.0000
-11.52945     0.0000     0.0000
-11.51403     0.0000     0.0000
-11.49862     0.0000     0.0000
-11.48321     0.0000     0.0000
-11.46779     0.0000     0.0000
-11.45238     0.0000     0.0000
-11.43697     0.0000     0.0000
-11.42155     0.0000     0.0000
-11.40614     0.0000     0.0000
-11.39073     0.0000     0.0000
-11.37531     0.0000     0.0000
-11.35990     0.0000     0.0000
-11.34449     0.0000     0.0000
-11.32907     0.0000     0.0000
-11.31366     0.0000     0.0000
-11.29825     0.0000     0.0000
-11.28283     0.0000     0.0000
-11.26742     0.0000     0.0000
-11.25201     0.0000     0.0000
-11.23659     0.0000     0.0000
-11.22118     0.0000     0.0000
-11.20577     0.0000     0.0000
-11.19035     0.0000     0.0000
-11.17494     0.0000     0.0000
-11.15953     0.0000     0.0000
-11.14411     0.0000     0.0000
-11.12870     0.0000     0.0000
-11.11329     0.0000     0.0000
-11.09787     0.0000     0.0000
-11.08246     0.0000     0.0000
-11.06705     0.0000     0.0000
-11.05163     0.0000     0.0000
-11.03622     0.0000     0.0000
-11.02081     0.0000     0.0000
-11.00539     0.0000     0.0000
-10.98998     0.0000     0.0000
-10.97457     0.0000     0.0000
-10.95915     0.0000     0.0000
-10.94374     0.0000     0.0000
-10.92833     0.0000     0.0000
-10.91291     0.0000     0.0000
-10.89750     0.0000     0.0000
-10.88209     0.0000     0.0000
-10.86667     0.0000     0.0000
-10.85126     0.0000     0.0000
-10.83585     0.0000     0.0000
-10.82043     0.0000     0.0000
-10.80502     0.0000     0.0000
-10.78961     0.0000     0.0000
-10.77419     0.0000     0.0000
-10.75878     0.0000     0.0000
-10.74337     0.0000     0.0000
-10.72795     0.0000     0.0000
-10.71254     0.0000     0.0000
-10.69713     0.0000     0.0000
-10.68171     0.0000     0.0000
-10.66630     0.0000     0.0000
-10.65089     0.0000     0.0000
-10.63547     0.0000     0.0000
-10.62006     0.0000     0.0000
-10.60465     0.0000     0.0000
-10.58923     0.0000     0.0000
-10.57382     0.0000     0.0000
-10.55841     0.0000     0.0000
-10.54299     0.0000     0.0000
-10.52758     0.0000     0.0000
-10.51217     0.0000     0.0000
-10.49675     0.0000     0.0000
-10.48134     0.0000     0.0000
-10.46593     0.0000     0.0000
-10.45051     0.0000     0.0000
-10.43510     0.0000     0.0000
-10.41969     0.0000     0.0000
-10.40427     0.0000     0.0000
-10.38886     0.0000     0.0000
-10.37345     0.0000     0.0000
-10.35803     0.0000     0.0000
-10.34262     0.0000     0.0000
-10.32721     0.0000     0.0000
-10.31179     0.0000     0.0000
-10.29638     0.0000     0.0000
-10.28097     0.0000     0.0000
-10.26555     0.0000     0.0000
-10.25014     0.0000     0.0000
-10.23473     0.0000     0.0000
-10.21931     0.0000     0.0000
-10.20390     0.0000     0.0000
-10.18849     0.0000     0.0000
-10.17307     0.0000     0.0000
-10.15766     0.0000     0.0000
-10.14225     0.0000     0.0000
-10.12683     0.0000     0.0000
-10.11142     0.0000     0.0000
-10.09601     0.0000     0.0000
-10.08059     0.0000     0.0000
-10.06518     0.0000     0.0000
-10.04977     0.0000     0.0000
-10.03435     0.0000     0.0000
-10.01894     0.0000     0.0000
-10.00353     0.0000     0.0000
 -9.98811     0.0000     0.0000
 -9.97270     0.0000     0.0000
 -9.95729     0.0000     0.0000
 -9.94187     0.0000     0.0000
 -9.92646     0.0000     0.0000
 -9.91105     0.0000     0.0000
 -9.89563     0.0000     0.0000
 -9.88022     0.0000     0.0000
 -9.86481     0.0000     0.0000
 -9.84939     0.0000     0.0000
 -9.83398     0.0000     0.0000
 -9.81857     0.0000     0.0000
 -9.80315     0.0000     0.0000
 -9.78774     0.0000     0.0000
 -9.77233     0.0000     0.0000
 -9.75691     0.0000     0.0000
 -9.74150     0.0000     0.0000
 -9.72609     0.0000     0.0000
 -9.71067     0.0000     0.0000
 -9.69526     0.0000     0.0000
 -9.67985     0.0000     0.0000
 -9.66443     0.0000     0.0000
 -9.64902     0.0000     0.0000
 -9.63361     0.0000     0.0000
 -9.61819     0.0000     0.0000
 -9.60278     0.0000     0.0000
 -9.58737     0.0000     0.0000
 -9.57195     0.0000     0.0000
 -9.55654     0.0000     0.0000
 -9.54113     0.0000     0.0000
 -9.52571     0.0000     0.0000
 -9.51030     0.0000     0.0000
 -9.49489     0.0000     0.0000
 -9.47947     0.0000     0.0000
 -9.46406     0.0000     0.0000
 -9.44865     0.0000     0.0000
 -9.43323     0.0000     0.0000
 -9.41782     0.0000     0.0000
 -9.40241     0.0000     0.0000
 -9.38699     0.0000     0.0000
 -9.37158     0.0000     0.0000
 -9.35617     0.0000     0.0000
 -9.34075     0.0000     0.0000
 -9.32534     0.0000     0.0000
 -9.30993     0.0000     0.0000
 -9.29451     0.0000     0.0000
 -9.27910     0.0000     0.0000
 -9.26369     0.0000     0.0000
 -9.24827     0.0000     0.0000
 -9.23286     0.0000     0.0000
 -9.21745     0.0000     0.0000
 -9.20203     0.0000     0.0000
 -9.18662     0.0000     0.0000
 -9.17121     0.0000     0.0000
 -9.15579     0.0000     0.0000
 -9.14038     0.0000     0.0000
 -9.12497     0.0000     0.0000
 -9.10955     0.0000     0.0000
 -9.09414     0.0000     0.0000
 -9.07873     0.0000     0.0000
 -9.06331     0.0000     0.0000
 -9.04790     0.0000     0.0000
 -9.03249     0.0000     0.0000
 -9.01707     0.0000     0.0000
 -9.00166     0.0000     0.0000
 -8.98625     0.0000     0.0000
 -8.97083     0.0000     0.0000
 -8.95542     0.0000     0.0000
 -8.94001     0.0000     0.0000
 -8.92459     0.0000     0.0000
 -8.90918     0.0000     0.0000
 -8.89377     0.0000     0.0000
 -8.87835     0.0000     0.0000
 -8.86294     0.0000     0.0000
 -8.84753     0.0000     0.0000
 -8.83211     0.0000     0.0000
 -8.81670     0.0000     0.0000
 -8.80129     0.0000     0.0000
 -8.78587     0.0000     0.0000
 -8.77046     0.0000     0.0000
 -8.75505     0.0000     0.0000
 -8.73963     0.0000     0.0000
 -8.72422     0.0000     0.0000
 -8.70881     0.0000     0.0000
 -8.69339     0.0000     0.0000
 -8.67798     0.0000     0.0000
 -8.66257     0.0000     0.0000
 -8.64715     0.0000     0.0000
 -8.63174     0.0000     0.0000
 -8.61633     0.0000     0.0000
 -8.60091     0.0000     0.0000
 -8.58550     0.0000     0.0000
 -8.57009     0.0000     0.0000
 -8.55467     0.0000     0.0000
 -8.53926     0.0000     0.0000
 -8.52385     0.0000     0.0000
 -8.50843     0.0000     0.0000
 -8.49302     0.0000     0.0000
 -8.47761     0.0000     0.0000
 -8.46219     0.0000     0.0000
 -8.44678     0.0000     0.0000
 -8.43137     0.0000     0.0000
 -8.41595     0.0000     0.0000
 -8.40054     0.0000     0.0000
 -8.38513     0.0000     0.0000
 -8.36971     0.0000     0.0000
 -8.35430     0.0000     0.0000
 -8.33889     0.0000     0.0000
 -8.32347     0.0000     0.0000
 -8.30806     0.0000     0.0000
 -8.29265     0.0000     0.0000
 -8.27723     0.0000     0.0000
 -8.26182     0.0000     0.0000
 -8.24641     0.0000     0.0000
 -8.23099     0.0000     0.0000
 -8.21558     0.0000     0.0000
 -8.20017     0.0000     0.0000
 -8.18475     0.0000     0.0000
 -8.16934     0.0000     0.0000
 -8.15393     0.0000     0.0000
 -8.13851     0.0000     0.0000
 -8.12310     0.0000     0.0000
 -8.10769     0.0000     0.0000
 -8.09227     0.0000     0.0000
 -8.07686     0.0000     0.0000
 -8.06145     0.0000     0.0000
 -8.04603     0.0000     0.0000
 -8.03062     0.0000     0.0000
 -8.01521     0.0000     0.0000
 -7.99979     0.0000     0.0000
 -7.98438     0.0000     0.0000
 -7.96897     0.0000     0.0000
 -7.95355     0.0000     0.0000
 -7.93814     0.0000     0.0000
 -7.92273     0.0000     0.0000
 -7.90731     0.0000     0.0000
 -7.89190     0.0000     0.0000
 -7.87649     0.0000     0.0000
 -7.86107     0.0000     0.0000
 -7.84566     0.0000     0.0000
 -7.83025     0.0000     0.0000
 -7.81483     0.0000     0.0000
 -7.79942     0.0000     0.0000
 -7.78401     0.0000     0.0000
 -7.76859     0.0000     0.0000
 -7.75318     0.0000     0.0000
 -7.73777     0.0000     0.0000
 -7.72235     0.0000     0.0000
 -7.70694     0.0000     0.0000
 -7.69153     0.0000     0.0000
 -7.67611     0.0000     0.0000
 -7.66070     0.0000     0.0000
 -7.64529     0.0000     0.0000
 -7.62987     0.0000     0.0000
 -7.61446     0.0000     0.0000
 -7.59905     0.0000     0.0000
 -7.58363     0.0000     0.0000
 -7.56822     0.0000     0.0000
 -7.55281     0.0000     0.0000
 -7.53739     0.0000     0.0000
 -7.52198     0.0000     0.0000
 -7.50657     0.0000     0.0000
 -7.49115     0.0000     0.0000
 -7.47574     0.0000     0.0000
 -7.46033     0.0000     0.0000
 -7.44491     0.0000     0.0000
 -7.42950     0.0000     0.0000
 -7.41409     0.0000     0.0000
 -7.39867     0.0000     0.0000
 -7.38326     0.0000     0.0000
 -7.36785     0.0000     0.0000
 -7.35243     0.0000     0.0000
 -7.33702     0.0000     0.0000
 -7.32161     0.0000     0.0000
 -7.30619     0.0000     0.0000
 -7.29078     0.0000     0.0000
 -7.27537     0.0000     0.0000
 -7.25995     0.0000     0.0000
 -7.24454     0.0000     0.0000
 -7.22913     0.0000     0.0000
 -7.21371     0.0000     0.0000
 -7.19830     0.0000     0.0000
 -7.18289     0.0000     0.0000
 -7.16747     0.0000     0.0000
 -7.15206     0.0000     0.0000
 -7.13665     0.0000     0.0000
 -7.12123     0.0000     0.0000
 -7.10582     0.0000     0.0000
 -7.09041     0.0000     0.0000
 -7.07499     0.0000     0.0000
 -7.05958     0.0000     0.0000
 -7.04417     0.0000     0.0000
 -7.02875     0.0000     0.0000
 -7.01334     0.0000     0.0000
 -6.99793     0.0000     0.0000
 -6.98251     0.0000     0.0000
 -6.96710     0.0000     0.0000
 -6.95169     0.0000     0.0000
 -6.93627     0.0000     0.0000
 -6.92086     0.0000     0.0000
 -6.90545     0.0000     0.0000
 -6.89003     0.0000     0.0000
 -6.87462     0.0000     0.0000
 -6.85921     0.0000     0.0000
 -6.84379     0.0000     0.0000
 -6.82838     0.0000     0.0000
 -6.81297     0.0000     0.0000
 -6.79755     0.0000     0.0000
 -6.78214     0.0000     0.0000
 -6.76673     0.0000     0.0000
 -6.75131     0.0000     0.0000
 -6.73590     0.0005     0.0003
 -6.72049     0.0048     0.0027
 -6.70507     0.0166     0.0093
 -6.68966     0.0370     0.0208
 -6.67425     0.0659     0.0370
 -6.65883     0.1033     0.0580
 -6.64342     0.1493     0.0838
 -6.62801     0.2011     0.1129
 -6.61259     0.2301     0.1289
 -6.59718     0.2340     0.1306
 -6.58177     0.2455     0.1366
 -6.56635     0.2697     0.1499
 -6.55094     0.3014     0.1673
 -6.53553     0.3389     0.1880
 -6.52011     0.3822     0.2119
 -6.50470     0.4314     0.2391
 -6.48929     0.4864     0.2696
 -6.47387     0.5472     0.3034
 -6.45846     0.6024     0.3339
 -6.44305     0.6340     0.3511
 -6.42763     0.6567     0.3632
 -6.41222     0.6907     0.3814
 -6.39681     0.7325     0.4038
 -6.38139     0.7778     0.4278
 -6.36598     0.8255     0.4530
 -6.35057     0.8753     0.4792
 -6.33515     0.9264     0.5063
 -6.31974     0.9794     0.5344
 -6.30433     1.0343     0.5635
 -6.28891     1.0912     0.5936
 -6.27350     1.1501     0.6248
 -6.25809     1.2111     0.6571
 -6.24267     1.2739     0.6903
 -6.22726     1.3385     0.7244
 -6.21185     1.4046     0.7593
 -6.19643     1.4722     0.7950
 -6.18102     1.5512     0.8364
 -6.16561     1.7059     0.9167
 -6.15019     2.0013     1.0696
 -6.13478     2.4075     1.2799
 -6.11937     2.6001     1.3785
 -6.10395     2.3945     1.2694
 -6.08854     2.2181     1.1764
 -6.07313     2.2230     1.1786
 -6.05771     2.2311     1.1824
 -6.04230     2.2403     1.1870
 -6.02689     2.2507     1.1921
 -6.01147     2.2623     1.1979
 -5.99606     2.3289     1.2320
 -5.98065     2.3457     1.2398
 -5.96523     2.2182     1.1741
 -5.94982     2.0515     1.0897
 -5.93441     1.8881     1.0071
 -5.91899     1.7294     0.9270
 -5.90358     1.5756     0.8494
 -5.88817     1.4363     0.7798
 -5.87275     1.3399     0.7343
 -5.85734     1.3068     0.7244
 -5.84193     1.3417     0.7518
 -5.82651     1.5204     0.8521
 -5.81110     1.7885     0.9949
 -5.79569     2.0124     1.1134
 -5.78027     2.3286     1.2866
 -5.76486     2.8138     1.5580
 -5.74945     3.3738     1.8738
 -5.73403     3.9129     2.1745
 -5.71862     4.7279     2.6270
 -5.70321     5.4869     3.0628
 -5.68779     5.8950     3.3156
 -5.67238     6.8304     3.8661
 -5.65697     7.3397     4.1773
 -5.64155     6.9251     3.9692
 -5.62614     7.6431     4.4179
 -5.61073     7.8855     4.5927
 -5.59531     5.8700     3.4442
 -5.57990     3.9801     2.3472
 -5.56449     3.2924     1.9445
 -5.54907     3.1944     1.8863
 -5.53366     3.2815     1.9349
 -5.51825     3.3977     1.9990
 -5.50283     3.5441     2.0805
 -5.48742     3.7171     2.1774
 -5.47201     4.2249     2.4671
 -5.45659     5.4531     3.1722
 -5.44118     6.4307     3.7346
 -5.42577     6.6900     3.8842
 -5.41035     6.8836     3.9947
 -5.39494     7.2704     4.2080
 -5.37953     7.8710     4.5364
 -5.36411     8.3490     4.7988
 -5.34870     8.5164     4.8841
 -5.33329     8.7232     4.9876
 -5.31787     9.3946     5.3521
 -5.30246    10.6758     6.1021
 -5.28705    12.8995     7.4742
 -5.27163    14.6150     8.5402
 -5.25622    12.9413     7.5117
 -5.24081    10.0806     5.7610
 -5.22539     8.7573     4.9649
 -5.20998     8.1772     4.6301
 -5.19457     8.7955     4.9618
 -5.17915     8.8480     4.9883
 -5.16374     7.1527     4.0767
 -5.14833     5.7337     3.3344
 -5.13291     5.1937     3.0483
 -5.11750     5.1003     2.9804
 -5.10209     5.4326     3.2672
 -5.08667     7.1291     4.5592
 -5.07126     7.7991     5.0171
 -5.05585     6.4661     4.0116
 -5.04043     5.6765     3.4414
 -5.02502     5.3469     3.2067
 -5.00961     5.0862     3.0136
 -4.99419     4.9368     2.8891
 -4.97878     5.1767     2.9954
 -4.96337     6.4152     3.6816
 -4.94795     7.6000     4.3419
 -4.93254     7.1185     4.0624
 -4.91713     6.0982     3.4932
 -4.90171     5.4873     3.1607
 -4.88630     5.2663     3.0391
 -4.87089     5.8610     3.3680
 -4.85547     6.9252     3.9788
 -4.84006     8.8141     5.0921
 -4.82465    10.6444     5.9899
 -4.80923    10.7987     5.9390
 -4.79382    10.8119     5.9854
 -4.77841    11.0372     6.0982
 -4.76299    10.4700     5.7702
 -4.74758     9.3864     5.2314
 -4.73217     8.4385     4.8025
 -4.71675     8.0034     4.6498
 -4.70134     7.6127     4.4757
 -4.68593     9.6422     5.5421
 -4.67051    16.0261     8.9340
 -4.65510    19.5316    10.6083
 -4.63969    18.2876     9.6900
 -4.62427    17.5497     9.0129
 -4.60886    19.2618     9.2261
 -4.59345    17.6195     8.3751
 -4.57803    11.2200     5.7789
 -4.56262     7.5900     4.1110
 -4.54721     7.4859     3.9457
 -4.53179     9.6696     4.8739
 -4.51638    13.2510     6.3998
 -4.50097    15.1969     7.2872
 -4.48555    14.0134     6.7864
 -4.47014    10.3725     5.1584
 -4.45473     7.0352     3.7623
 -4.43931     6.3027     3.5213
 -4.42390     7.7522     4.3501
 -4.40849     9.0779     5.0758
 -4.39307     7.6558     4.0911
 -4.37766     6.7026     3.3138
 -4.36225     7.0279     3.4193
 -4.34683     6.7372     3.2551
 -4.33142     6.6092     3.1529
 -4.31601     7.3945     3.4773
 -4.30059     9.1219     4.2647
 -4.28518    10.6300     4.9909
 -4.26977    12.1453     5.7405
 -4.25435    12.1791     5.7471
 -4.23894    11.3277     5.3561
 -4.22353    12.4903     6.0708
 -4.20811    13.0685     6.4645
 -4.19270    11.6048     5.7592
 -4.17729     9.5267     4.7671
 -4.16187     8.1556     4.0878
 -4.14646     6.9392     3.4941
 -4.13105     6.0003     3.0657
 -4.11563     6.2931     3.2121
 -4.10022     6.6877     3.3694
 -4.08481     7.1862     3.5731
 -4.06939     7.6595     3.7940
 -4.05398     7.6901     3.8061
 -4.03857     7.5330     3.7185
 -4.02315     7.3480     3.6139
 -4.00774     7.3079     3.5866
 -3.99233     7.2918     3.5748
 -3.97691     7.0952     3.4737
 -3.96150     6.8892     3.3636
 -3.94609     6.7430     3.2776
 -3.93067     6.6005     3.1932
 -3.91526     6.4142     3.0910
 -3.89985     6.1967     2.9774
 -3.88443     5.9700     2.8638
 -3.86902     5.8084     2.7840
 -3.85361     5.8693     2.8151
 -3.83819     6.2844     3.0267
 -3.82278     7.8453     3.7502
 -3.80737    10.5728     4.8983
 -3.79195     9.9442     4.6333
 -3.77654     7.4028     3.6751
 -3.76113     7.6428     3.9816
 -3.74571     8.7333     4.6959
 -3.73030     9.9590     5.4957
 -3.71489    12.1831     6.8405
 -3.69947    12.0998     6.8779
 -3.68406    10.1242     5.8330
 -3.66865     9.3693     5.4333
 -3.65323     8.6559     5.0084
 -3.63782     7.7779     4.4677
 -3.62241     6.9240     3.9197
 -3.60699     6.6467     3.7083
 -3.59158     7.0263     3.8905
 -3.57617     7.8291     4.3007
 -3.56075     8.6605     4.7083
 -3.54534     9.1688     4.8985
 -3.52993     9.8947     5.1856
 -3.51451    10.7032     5.6169
 -3.49910    10.9670     5.8896
 -3.48369    12.2873     6.9250
 -3.46827    13.4772     7.7856
 -3.45286    13.0539     7.4616
 -3.43745    13.8021     7.8003
 -3.42203    14.7756     8.3546
 -3.40662    14.6272     8.3139
 -3.39121    14.4205     8.2514
 -3.37579    13.5466     7.8011
 -3.36038    14.5019     8.6088
 -3.34497    15.2149     9.0189
 -3.32955    14.3703     8.3569
 -3.31414    14.3069     8.3277
 -3.29873    13.3703     7.6399
 -3.28331    13.3141     7.4701
 -3.26790    16.9685     9.5457
 -3.25249    21.2236    11.9967
 -3.23707    22.0945    12.5110
 -3.22166    22.6239    12.8981
 -3.20625    23.2241    13.4053
 -3.19083    21.7859    12.7294
 -3.17542    21.4003    12.7207
 -3.16001    18.7970    11.2593
 -3.14459    14.1284     8.3207
 -3.12918    14.7081     8.4665
 -3.11377    19.5391    11.1200
 -3.09835    22.6084    12.9227
 -3.08294    24.8521    14.6850
 -3.06753    26.7881    16.2187
 -3.05211    21.9256    13.3082
 -3.03670    15.6530     9.5552
 -3.02129    13.1911     8.1756
 -3.00587    12.1667     7.6156
 -2.99046    11.4391     7.1200
 -2.97505    11.4471     6.8998
 -2.95963    13.1408     7.7267
 -2.94422    14.2136     8.2411
 -2.92881    13.4142     7.5961
 -2.91339    11.9006     6.5392
 -2.89798    11.2876     6.0717
 -2.88257    10.3346     5.4707
 -2.86715     9.0174     4.6566
 -2.85174     8.5115     4.3322
 -2.83633     8.1761     4.0957
 -2.82091     8.1697     4.0394
 -2.80550     8.3211     4.0918
 -2.79009     9.4795     4.6740
 -2.77467    10.8692     5.3555
 -2.75926     9.7961     4.6548
 -2.74385     7.0167     3.0353
 -2.72843     5.5718     2.2273
 -2.71302     5.4279     2.1720
 -2.69761     5.3716     2.1761
 -2.68219     5.3607     2.2183
 -2.66678     5.4176     2.2991
 -2.65137     5.5800     2.4246
 -2.63595     6.0546     2.6127
 -2.62054     9.3409     3.2699
 -2.60513    15.5277     4.8537
 -2.58971    18.0381     6.0584
 -2.57430    17.7027     6.4163
 -2.55889    17.7580     6.3839
 -2.54347    16.5069     5.6753
 -2.52806    15.5412     4.9369
 -2.51265    14.9812     4.4771
 -2.49723    13.2166     3.9155
 -2.48182    11.0506     3.3037
 -2.46641     9.6400     2.8710
 -2.45099     8.9091     2.5673
 -2.43558    10.5080     2.6254
 -2.42017    12.3958     2.8003
 -2.40475    12.3783     2.7530
 -2.38934    12.4830     2.6698
 -2.37393    13.3282     2.7108
 -2.35851    17.3899     3.4645
 -2.34310    23.0798     4.6608
 -2.32769    25.9703     5.4204
 -2.31227    23.2604     5.0747
 -2.29686    14.8280     3.7271
 -2.28145     7.8846     2.8545
 -2.26603     6.8821     3.2120
 -2.25062     7.4963     3.5325
 -2.23521     7.0985     3.2350
 -2.21979     7.1079     2.9890
 -2.20438     7.8356     2.8894
 -2.18897     9.9725     3.1129
 -2.17355    13.4688     3.5746
 -2.15814    13.3323     3.3902
 -2.14273    11.2381     2.9358
 -2.12731    12.6961     3.1175
 -2.11190    17.9792     3.5430
 -2.09649    20.6871     3.6459
 -2.08107    16.7544     3.2654
 -2.06566    12.6902     2.8604
 -2.05025    11.0897     2.7133
 -2.03483    12.4621     2.9096
 -2.01942    16.1675     3.5892
 -2.00401    18.6735     4.2786
 -1.98859    18.4128     4.4434
 -1.97318    15.6738     4.1948
 -1.95777    12.3967     3.6831
 -1.94235    10.6799     3.2643
 -1.92694    10.9161     3.1924
 -1.91153    11.8534     3.1119
 -1.89611    13.2959     3.1859
 -1.88070    15.3767     3.6831
 -1.86529    17.6876     4.7095
 -1.84987    19.9751     5.8369
 -1.83446    20.3553     6.1922
 -1.81905    19.0061     5.8800
 -1.80363    17.8172     5.4271
 -1.78822    19.6895     5.7628
 -1.77281    24.6067     6.5585
 -1.75739    27.3660     6.5533
 -1.74198    25.3833     5.8818
 -1.72657    24.7290     5.9085
 -1.71115    24.8994     5.9631
 -1.69574    27.0842     6.1952
 -1.68033    29.3521     6.4198
 -1.66491    26.3077     5.7398
 -1.64950    25.0526     5.7865
 -1.63409    32.7724     8.7788
 -1.61867    37.2797     9.7794
 -1.60326    34.7117     7.2124
 -1.58785    34.9319     6.0722
 -1.57243    35.9309     5.8759
 -1.55702    32.4774     5.2574
 -1.54161    28.8656     4.9462
 -1.52619    28.2999     5.4888
 -1.51078    26.8322     5.8901
 -1.49537    25.9752     5.9503
 -1.47995    24.5843     5.5977
 -1.46454    26.7763     5.8278
 -1.44913    23.6988     5.2884
 -1.43371    17.6311     4.3750
 -1.41830    19.5712     5.0567
 -1.40289    25.9730     6.9311
 -1.38747    35.6756     9.2290
 -1.37206    36.9133     9.1096
 -1.35665    33.8060     7.8247
 -1.34123    28.7359     6.4241
 -1.32582    21.0172     4.8474
 -1.31041    15.6240     3.6009
 -1.29499    11.9147     2.4957
 -1.27958    16.6685     3.3612
 -1.26417    20.3368     4.3159
 -1.24875    15.4644     3.5053
 -1.23334    10.8564     2.6184
 -1.21793    13.9160     3.5958
 -1.20251    18.5451     4.9517
 -1.18710    18.7691     5.0465
 -1.17169    14.0536     3.7519
 -1.15627     6.9154     1.8182
 -1.14086     3.9574     1.0509
 -1.12545     3.8989     1.0661
 -1.11003     3.9206     1.1001
 -1.09462     4.1555     1.1862
 -1.07921     5.1062     1.4666
 -1.06379     6.0138     1.7487
 -1.04838     6.7433     1.9936
 -1.03297     7.9826     2.3780
 -1.01755     9.5807     2.8701
 -1.00214    11.7703     3.5428
 -0.98673    13.9782     4.2251
 -0.97131    15.7330     4.7651
 -0.95590    16.5673     5.0392
 -0.94049    16.3632     5.0201
 -0.92507    15.6500     4.8286
 -0.90966    16.6426     5.1938
 -0.89425    15.8608     4.9999
 -0.87883    12.2775     3.8912
 -0.86342    10.6497     3.3619
 -0.84801    10.2541     3.1711
 -0.83259    10.6273     3.2001
 -0.81718    11.6021     3.3857
 -0.80177    11.8764     3.2979
 -0.78635    12.1647     3.1496
 -0.77094    12.5722     3.1167
 -0.75553    12.5395     3.0618
 -0.74011    13.1344     3.1933
 -0.72470    15.9435     3.7701
 -0.70929    17.7056     4.1546
 -0.69387    18.6651     4.3854
 -0.67846    18.7391     4.5328
 -0.66305    17.3367     4.5074
 -0.64763    17.2406     4.6883
 -0.63222    17.0533     4.7827
 -0.61681    15.9023     4.5177
 -0.60139    14.4697     4.1489
 -0.58598    13.5175     3.9621
 -0.57057    12.6393     3.7990
 -0.55515    11.7598     3.6553
 -0.53974    10.0878     3.2355
 -0.52433     7.8841     2.5363
 -0.50891     6.7579     2.2063
 -0.49350     7.1665     2.4592
 -0.47809     9.1835     3.3107
 -0.46267    11.3840     4.1832
 -0.44726    12.7174     4.6609
 -0.43185    14.4229     5.2469
 -0.41643    13.9520     5.1212
 -0.40102    11.1354     4.1223
 -0.38561     9.1468     3.3377
 -0.37019     7.7317     2.7763
 -0.35478     6.5510     2.3190
 -0.33937     6.4721     2.3408
 -0.32395     8.1970     3.1672
 -0.30854    10.3650     4.1931
 -0.29313    11.8820     4.9385
 -0.27771    13.1143     5.5728
 -0.26230    13.9185     5.9964
 -0.24689    14.2110     6.1591
 -0.23147    13.8467     6.0417
 -0.21606    10.9463     4.9360
 -0.20065     8.7046     4.2147
 -0.18523     8.2502     4.1186
 -0.16982     6.9866     3.5281
 -0.15441     6.2032     3.1623
 -0.13899     5.6211     2.8923
 -0.12358     5.1156     2.6605
 -0.10817     4.7111     2.4947
 -0.09275     4.8175     2.6116
 -0.07734     5.1051     2.8101
 -0.06193     4.7762     2.6578
 -0.04651     4.0795     2.2999
 -0.03110     3.7797     2.1684
 -0.01569     3.3364     1.9569
 -0.00027     1.4177     0.8466
  0.01514     0.0000     0.0000
  0.03055     0.0000     0.0000
  0.04597     0.0000     0.0000
  0.06138     0.0000     0.0000
  0.07679     0.0000     0.0000
  0.09221     0.0000     0.0000
  0.10762     0.0000     0.0000
  0.12303     0.0000     0.0000
  0.13845     0.0000     0.0000
  0.15386     0.0000     0.0000
  0.16927     0.0000     0.0000
  0.18469     0.0000     0.0000
  0.20010     0.0000     0.0000
  0.21551     0.0000     0.0000
  0.23093     0.0000     0.0000
  0.24634     0.0000     0.0000
  0.26175     0.0000     0.0000
  0.27717     0.0000     0.0000
  0.29258     0.0000     0.0000
  0.30799     0.0000     0.0000
  0.32341     0.0000     0.0000
  0.33882     0.0000     0.0000
  0.35423     0.0000     0.0000
  0.36965     0.0000     0.0000
  0.38506     0.0000     0.0000
  0.40047     0.0000     0.0000
  0.41589     0.0000     0.0000
  0.43130     0.0000     0.0000
  0.44671     0.0000     0.0000
  0.46213     0.0000     0.0000
  0.47754     0.0000     0.0000
  0.49295     0.0000     0.0000
  0.50837     0.0000     0.0000
  0.52378     0.0000     0.0000
  0.53919     0.0000     0.0000
  0.55461     0.0000     0.0000
  0.57002     0.0000     0.0000
  0.58543     0.0000     0.0000
  0.60085     0.0000     0.0000
  0.61626     0.0000     0.0000
  0.63167     0.0000     0.0000
  0.64709     0.0000     0.0000
  0.66250     0.0000     0.0000
  0.67791     0.0000     0.0000
  0.69333     0.0000     0.0000
  0.70874     0.0000     0.0000
  0.72415     0.0000     0.0000
  0.73957     0.0000     0.0000
  0.75498     0.0000     0.0000
  0.77039     0.0000     0.0000
  0.78581     0.0000     0.0000
  0.80122     0.0000     0.0000
  0.81663     0.0000     0.0000
  0.83205     0.0000     0.0000
  0.84746     0.0000     0.0000
  0.86287     0.0000     0.0000
  0.87829     0.0000     0.0000
  0.89370     0.0000     0.0000
  0.90911     0.0000     0.0000
  0.92453     0.0000     0.0000
  0.93994     0.0000     0.0000
  0.95535     0.0000     0.0000
  0.97077     0.0000     0.0000
  0.98618     0.0000     0.0000
  1.00159     0.0000     0.0000
  1.01701     0.0000     0.0000
  1.03242     0.0000     0.0000
  1.04783     0.0000     0.0000
  1.06325     0.0000     0.0000
  1.07866     0.0000     0.0000
  1.09407     0.0000     0.0000
  1.10949     0.0000     0.0000
  1.12490     0.0000     0.0000
  1.14031     0.0000     0.0000
  1.15573     0.0000     0.0000
  1.17114     0.0000     0.0000
  1.18655     0.0000     0.0000
  1.20197     0.0000     0.0000
  1.21738     0.0000     0.0000
  1.23279     0.0000     0.0000
  1.24821     0.0000     0.0000
  1.26362     0.0000     0.0000
  1.27903     0.0000     0.0000
  1.29445     0.0000     0.0000
  1.30986     0.0000     0.0000
  1.32527     0.0000     0.0000
  1.34069     0.0000     0.0000
  1.35610     0.0000     0.0000
  1.37151     0.0000     0.0000
  1.38693     0.0000     0.0000
  1.40234     0.0000     0.0000
  1.41775     0.0000     0.0000
  1.43317     0.0000     0.0000
  1.44858     0.0000     0.0000
  1.46399     0.0000     0.0000
  1.47941     0.0000     0.0000
  1.49482     0.0000     0.0000
  1.51023     0.0000     0.0000
  1.52565     0.0000     0.0000
  1.54106     0.0000     0.0000
  1.55647     0.0000     0.0000
  1.57189     0.0000     0.0000
  1.58730     0.0000     0.0000
  1.60271     0.0000     0.0000
  1.61813     0.0000     0.0000
  1.63354     0.0000     0.0000
  1.64895     0.0000     0.0000
  1.66437     0.0000     0.0000
  1.67978     0.0000     0.0000
  1.69519     0.0000     0.0000
  1.71061     0.0000     0.0000
  1.72602     0.0063     0.0007
  1.74143     0.0424     0.0044
  1.75685     0.1284     0.0134
  1.77226     0.2763     0.0285
  1.78767     0.5139     0.0518
  1.80309     0.8629     0.0846
  1.81850     1.2493     0.1211
  1.83391     1.5786     0.1533
  1.84933     1.9305     0.1876
  1.86474     2.2868     0.2257
  1.88015     2.6005     0.2648
  1.89557     2.9832     0.3112
  1.91098     3.5276     0.3725
  1.92639     4.2607     0.4579
  1.94181     5.0623     0.5597
  1.95722     5.8003     0.6600
  1.97263     6.4406     0.7474
  1.98805     7.1087     0.8361
  2.00346     7.8618     0.9407
  2.01887     8.0674     0.9700
  2.03429     8.1344     0.9821
  2.04970     8.9444     1.1022
  2.06511    10.2553     1.2829
  2.08053    12.1570     1.5220
  2.09594    15.0328     1.8743
  2.11135    17.1902     2.1868
  2.12677    20.2429     2.5790
  2.14218    23.0959     2.8878
  2.15759    22.2580     2.8468
  2.17301    20.3082     2.7639
  2.18842    18.9652     2.7202
  2.20383    18.2877     2.7125
  2.21925    18.1304     2.7848
  2.23466    18.1581     2.8666
  2.25007    18.5984     2.9933
  2.26549    19.5894     3.2025
  2.28090    20.3295     3.3217
  2.29631    20.6761     3.3404
  2.31173    20.0881     3.2742
  2.32714    18.0137     3.1450
  2.34255    14.6439     2.8943
  2.35797    12.6266     2.7358
  2.37338    14.5895     3.1276
  2.38879    18.3796     3.8769
  2.40421    20.7349     4.3809
  2.41962    22.3894     4.7180
  2.43503    23.7140     5.0573
  2.45045    23.8475     5.3068
  2.46586    22.5910     5.1966
  2.48127    24.7776     6.0166
  2.49669    26.4307     6.6524
  2.51210    23.1107     5.8563
  2.52751    20.0661     5.1533
  2.54293    17.5200     4.5585
  2.55834    16.1734     4.2591
  2.57375    17.1064     4.5635
  2.58917    19.1831     5.2109
  2.60458    22.8684     6.5019
  2.61999    25.9814     7.6726
  2.63541    22.8859     6.7775
  2.65082    17.3767     5.0070
  2.66623    14.3061     3.9833
  2.68165    13.5650     3.6723
  2.69706    14.2044     3.7706
  2.71247    13.8885     3.6458
  2.72789    11.5945     3.0397
  2.74330     9.5160     2.5226
  2.75871     8.7654     2.3658
  2.77413     8.2323     2.2605
  2.78954     7.5520     2.1052
  2.80495     6.6995     1.8939
  2.82037     5.7024     1.6347
  2.83578     4.5376     1.3205
  2.85119     3.2835     0.9726
  2.86661     2.2328     0.6729
  2.88202     1.5088     0.4595
  2.89743     0.9955     0.3056
  2.91285     0.6402     0.1980
  2.92826     0.3892     0.1211
  2.94367     0.2000     0.0626
  2.95909     0.0716     0.0226
  2.97450     0.0119     0.0038
  2.98991     0.0001     0.0000
  3.00533     0.0000     0.0000
  3.02074     0.0000     0.0000
  3.03615     0.0000     0.0000
  3.05157     0.0000     0.0000
  3.06698     0.0000     0.0000
  3.08239     0.0000     0.0000
  3.09781     0.0000     0.0000
  3.11322     0.0000     0.0000
  3.12863     0.0000     0.0000
  3.14405     0.0000     0.0000
  3.15946     0.0000     0.0000
  3.17487     0.0000     0.0000
  3.19029     0.0563     0.0050
  3.20570     0.4828     0.0430
  3.22111     1.7068     0.1541
  3.23653     3.1649     0.2870
  3.25194     4.0447     0.3647
  3.26735     4.4776     0.3979
  3.28277     4.4219     0.3885
  3.29818     4.0717     0.3596
  3.31359     3.7972     0.3446
  3.32901     3.4852     0.3303
  3.34442     3.2478     0.3190
  3.35983     3.1224     0.3129
  3.37525     3.0284     0.3096
  3.39066     3.3530     0.3532
  3.40607     4.6116     0.5074
  3.42149     8.0315     0.9923
  3.43690    12.2419     1.6313
  3.45231    13.2515     1.8259
  3.46773    13.0994     1.8565
  3.48314    13.9153     2.0697
  3.49855    20.7851     3.4712
  3.51397    21.2394     3.6615
  3.52938    11.3923     1.9038
  3.54479     5.9545     0.9361
  3.56021     3.7290     0.5326
  3.57562     3.0740     0.3999
  3.59103     2.8761     0.3458
  3.60645     2.7941     0.3165
  3.62186     2.9446     0.3170
  3.63727     3.8269     0.4003
  3.65269     4.3679     0.4547
  3.66810     4.3038     0.4515
  3.68351     4.3246     0.4593
  3.69893     4.0445     0.4348
  3.71434     3.5400     0.3858
  3.72975     2.9867     0.3308
  3.74517     2.7134     0.3058
  3.76058     2.7276     0.3118
  3.77599     2.8488     0.3302
  3.79141     3.0998     0.3647
  3.80682     3.4845     0.4156
  3.82223     5.5177     0.6545
  3.83765     6.2417     0.7476
  3.85306     5.4224     0.6833
  3.86847     7.2576     0.9448
  3.88389     7.7648     1.0218
  3.89930     8.5789     1.1465
  3.91471    10.5380     1.4234
  3.93013     9.4845     1.3012
  3.94554     8.1960     1.1510
  3.96095     8.8757     1.2797
  3.97637    12.9312     1.9081
  3.99178    13.6677     2.0436
  4.00719     9.9846     1.5166
  4.02261     7.8323     1.2063
  4.03802     5.3967     0.8466
  4.05343     1.9894     0.3178
  4.06885     0.0329     0.0052
  4.08426     0.0035     0.0005
  4.09967     0.0045     0.0007
  4.11509     0.0056     0.0009
  4.13050     0.0069     0.0011
  4.14591     0.0083     0.0013
  4.16133     0.0099     0.0015
  4.17674     0.0116     0.0018
  4.19215     0.0134     0.0020
  4.20757     0.0153     0.0023
  4.22298     0.0174     0.0026
  4.23839     0.0196     0.0030
  4.25381     0.0220     0.0033
  4.26922     0.0245     0.0037
  4.28463     0.0272     0.0041
  4.30005     0.0303     0.0046
  4.31546     0.0335     0.0051
  4.33087     0.0371     0.0056
  4.34629     0.0409     0.0062
  4.36170     0.0449     0.0068
  4.37711     0.0483     0.0074
  4.39253     0.0502     0.0081
  4.40794     0.0516     0.0088
  4.42335     0.0532     0.0095
  4.43877     0.0551     0.0102
  4.45418     0.0572     0.0109
  4.46959     0.0595     0.0116
  4.48501     0.0622     0.0124
  4.50042     0.0651     0.0131
  4.51583     0.0682     0.0139
  4.53125     0.0716     0.0147
  4.54666     0.0752     0.0155
  4.56207     0.0790     0.0163
  4.57749     0.0829     0.0171
  4.59290     0.0870     0.0180
  4.60831     0.0912     0.0188
  4.62373     0.0955     0.0197
  4.63914     0.1000     0.0207
  4.65455     0.1044     0.0216
  4.66997     0.1074     0.0226
  4.68538     0.1091     0.0236
  4.70079     0.1107     0.0245
  4.71621     0.1124     0.0255
  4.73162     0.1143     0.0265
  4.74703     0.1163     0.0274
  4.76245     0.1184     0.0284
  4.77786     0.1206     0.0293
  4.79327     0.1230     0.0303
  4.80869     0.1256     0.0312
  4.82410     0.1282     0.0322
  4.83951     0.1310     0.0331
  4.85493     0.1337     0.0341
  4.87034     0.1365     0.0350
  4.88575     0.1393     0.0360
  4.90117     0.1421     0.0370
  4.91658     0.1449     0.0380
  4.93199     0.1478     0.0389
  4.94741     0.1507     0.0399
  4.96282     0.1536     0.0409
  4.97823     0.1565     0.0420
  4.99365     0.1595     0.0430
  5.00906     0.1624     0.0441
  5.02447     0.1654     0.0452
  5.03989     0.1684     0.0464
  5.05530     0.1715     0.0476
  5.07071     0.1745     0.0488
  5.08613     0.1776     0.0500
  5.10154     0.1807     0.0513
  5.11695     0.1838     0.0526
  5.13237     0.1870     0.0540
  5.14778     0.1901     0.0554
  5.16319     0.1933     0.0568
  5.17861     0.1965     0.0582
  5.19402     0.1997     0.0597
  5.20943     0.2030     0.0612
  5.22485     0.2063     0.0627
  5.24026     0.2096     0.0642
  5.25567     0.2129     0.0658
  5.27109     0.2162     0.0675
  5.28650     0.2195     0.0691
  5.30191     0.2229     0.0707
  5.31733     0.2264     0.0722
  5.33274     0.2299     0.0738
  5.34815     0.2334     0.0754
  5.36357     0.2369     0.0770
  5.37898     0.2404     0.0786
  5.39439     0.2439     0.0803
  5.40981     0.2475     0.0819
  5.42522     0.2510     0.0837
  5.44063     0.2546     0.0854
  5.45605     0.2582     0.0872
  5.47146     0.2619     0.0890
  5.48687     0.2655     0.0908
  5.50229     0.2692     0.0927
  5.51770     0.2729     0.0945
  5.53311     0.2766     0.0964
  5.54853     0.2803     0.0984
  5.56394     0.2840     0.1004
  5.57935     0.2878     0.1023
  5.59477     0.2916     0.1042
  5.61018     0.2956     0.1061
  5.62559     0.2996     0.1080
  5.64101     0.3036     0.1099
  5.65642     0.3076     0.1118
  5.67183     0.3117     0.1137
  5.68725     0.3158     0.1156
  5.70266     0.3200     0.1175
  5.71807     0.3242     0.1195
  5.73349     0.3284     0.1215
  5.74890     0.3326     0.1234
  5.76431     0.3369     0.1254
  5.77973     0.3412     0.1275
  5.79514     0.3456     0.1295
  5.81055     0.3499     0.1315
  5.82597     0.3543     0.1336
  5.84138     0.3588     0.1357
  5.85679     0.3632     0.1378
  5.87221     0.3677     0.1399
  5.88762     0.3723     0.1420
  5.90303     0.3775     0.1445
  5.91845     0.3837     0.1477
  5.93386     0.3912     0.1514
  5.94927     0.3997     0.1556
  5.96469     0.4094     0.1604
  5.98010     0.4202     0.1656
  5.99551     0.4320     0.1713
  6.01093     0.4450     0.1775
  6.02634     0.4590     0.1843
  6.04175     0.4742     0.1915
  6.05717     0.4905     0.1992
  6.07258     0.5078     0.2074
  6.08799     0.5261     0.2160
  6.10341     0.5452     0.2251
  6.11882     0.5653     0.2345
  6.13423     0.5848     0.2437
  6.14965     0.5976     0.2500
  6.16506     0.5979     0.2508
  6.18047     0.5849     0.2457
  6.19589     0.5585     0.2347
  6.21130     0.5236     0.2199
  6.22671     0.5042     0.2119
  6.24213     0.5048     0.2127
  6.25754     0.5085     0.2149
  6.27295     0.5130     0.2173
  6.28837     0.5182     0.2201
  6.30378     0.5243     0.2232
  6.31919     0.5310     0.2266
  6.33461     0.5386     0.2303
  6.35002     0.5469     0.2344
  6.36543     0.5560     0.2387
  6.38085     0.5659     0.2433
  6.39626     0.5764     0.2483
  6.41167     0.5877     0.2535
  6.42709     0.5995     0.2590
  6.44250     0.6121     0.2647
  6.45791     0.6252     0.2707
  6.47333     0.6390     0.2770
  6.48874     0.6534     0.2835
  6.50415     0.6685     0.2903
  6.51957     0.6842     0.2973
  6.53498     0.6969     0.3032
  6.55039     0.6879     0.3005
  6.56581     0.6398     0.2823
  6.58122     0.5923     0.2645
  6.59663     0.5851     0.2630
  6.61205     0.5962     0.2690
  6.62746     0.6057     0.2742
  6.64287     0.6130     0.2783
  6.65829     0.6183     0.2814
  6.67370     0.6214     0.2834
  6.68911     0.6225     0.2844
  6.70453     0.6214     0.2843
  6.71994     0.6183     0.2831
  6.73535     0.6140     0.2814
  6.75077     0.6131     0.2814
  6.76618     0.6171     0.2839
  6.78159     0.6162     0.2836
  6.79701     0.6086     0.2794
  6.81242     0.6007     0.2751
  6.82783     0.5933     0.2710
  6.84325     0.5862     0.2669
  6.85866     0.5795     0.2630
  6.87407     0.5732     0.2593
  6.88949     0.5672     0.2556
  6.90490     0.5617     0.2521
  6.92031     0.5570     0.2490
  6.93573     0.5559     0.2474
  6.95114     0.5585     0.2474
  6.96655     0.5613     0.2475
  6.98197     0.5635     0.2473
  6.99738     0.5691     0.2485
  7.01279     0.5809     0.2524
  7.02821     0.5947     0.2573
  7.04362     0.6075     0.2618
  7.05903     0.6191     0.2658
  7.07445     0.6296     0.2695
  7.08986     0.6390     0.2727
  7.10527     0.6479     0.2758
  7.12069     0.6579     0.2795
  7.13610     0.6700     0.2845
  7.15151     0.6864     0.2917
  7.16693     0.7097     0.3024
  7.18234     0.7950     0.3430
  7.19775     1.0874     0.4836
  7.21317     1.2376     0.5546
  7.22858     1.1549     0.5136
  7.24399     1.1563     0.5143
  7.25941     1.1858     0.5284
  7.27482     1.2132     0.5409
  7.29023     1.2294     0.5479
  7.30565     1.2329     0.5489
  7.32106     1.2234     0.5439
  7.33647     1.2010     0.5328
  7.35189     1.1666     0.5160
  7.36730     1.1251     0.4958
  7.38271     1.0830     0.4751
  7.39813     1.0457     0.4560
  7.41354     1.0120     0.4381
  7.42895     0.9772     0.4196
  7.44437     0.9408     0.4004
  7.45978     0.9028     0.3804
  7.47519     0.8633     0.3597
  7.49061     0.8226     0.3384
  7.50602     0.7910     0.3216
  7.52143     0.7739     0.3120
  7.53685     0.7639     0.3059
  7.55226     0.7572     0.3015
  7.56767     0.7540     0.2988
  7.58309     0.7541     0.2978
  7.59850     0.7575     0.2984
  7.61391     0.9500     0.3812
  7.62933     1.2013     0.4889
  7.64474     1.1292     0.4565
  7.66015     1.0175     0.4074
  7.67557     1.0682     0.4278
  7.69098     1.1347     0.4537
  7.70639     1.2036     0.4797
  7.72181     1.2014     0.4763
  7.73722     1.1328     0.4461
  7.75263     1.0690     0.4180
  7.76805     1.0174     0.3952
  7.78346     0.9779     0.3775
  7.79887     0.9504     0.3649
  7.81429     0.9316     0.3562
  7.82970     0.9154     0.3485
  7.84511     0.8972     0.3399
  7.86053     0.8762     0.3300
  7.87594     0.8542     0.3193
  7.89135     0.8321     0.3083
  7.90677     0.8049     0.2958
  7.92218     0.7630     0.2792
  7.93759     0.7136     0.2611
  7.95301     0.6691     0.2448
  7.96842     0.6298     0.2305
  7.98383     0.5959     0.2183
  7.99925     0.5673     0.2080
  8.01466     0.5449     0.2002
  8.03007     0.5358     0.1980
  8.04549     0.5412     0.2020
  8.06090     0.5541     0.2090
  8.07631     0.5721     0.2182
  8.09173     0.5946     0.2291
  8.10714     0.6215     0.2418
  8.12255     0.6528     0.2564
  8.13797     0.6886     0.2728
  8.15338     0.7290     0.2910
  8.16879     0.7745     0.3116
  8.18421     0.8252     0.3345
  8.19962     0.8810     0.3596
  8.21503     0.9419     0.3867
  8.23045     1.0078     0.4158
  8.24586     1.1001     0.4545
  8.26127     1.3043     0.5331
  8.27669     1.5356     0.6204
  8.29210     1.6493     0.6643
  8.30751     1.6924     0.6812
  8.32293     1.7079     0.6861
  8.33834     1.6945     0.6784
  8.35375     1.6217     0.6450
  8.36917     1.5209     0.5984
  8.38458     1.4531     0.5643
  8.39999     1.4215     0.5428
  8.41541     1.4381     0.5361
  8.43082     1.5051     0.5436
  8.44623     1.6077     0.5589
  8.46165     1.7140     0.5736
  8.47706     1.6687     0.5582
  8.49247     1.4464     0.5075
  8.50789     1.3088     0.4766
  8.52330     1.2988     0.4760
  8.53871     1.3116     0.4843
  8.55413     1.4005     0.5246
  8.56954     1.5276     0.5803
  8.58495     1.6245     0.6222
  8.60037     1.7054     0.6567
  8.61578     1.7667     0.6825
  8.63119     1.8031     0.6976
  8.64661     1.7974     0.6953
  8.66202     1.7151     0.6619
  8.67743     1.5989     0.6148
  8.69285     1.5639     0.5997
  8.70826     1.6774     0.6469
  8.72367     1.7732     0.6934
  8.73909     1.7806     0.7073
  8.75450     1.8228     0.7351
  8.76991     1.8909     0.7727
  8.78533     1.9548     0.8068
  8.80074     2.0067     0.8348
  8.81615     2.0466     0.8568
  8.83157     2.0815     0.8755
  8.84698     2.1140     0.8915
  8.86239     2.1384     0.9027
  8.87781     2.1539     0.9083
  8.89322     2.1615     0.9086
  8.90863     2.1690     0.9071
  8.92405     2.4122     1.0135
  8.93946     2.2757     0.9442
  8.95487     1.7133     0.6743
  8.97029     1.4897     0.5564
  8.98570     1.3735     0.4869
  9.00111     1.1834     0.3831
  9.01653     1.0365     0.3061
  9.03194     0.9765     0.2775
  9.04735     0.9443     0.2647
  9.06277     0.9262     0.2607
  9.07818     0.9101     0.2586
  9.09359     0.9004     0.2580
  9.10901     0.9035     0.2597
  9.12442     0.9110     0.2625
  9.13983     0.9143     0.2655
  9.15525     0.9223     0.2698
  9.17066     0.9422     0.2766
  9.18607     0.9698     0.2860
  9.20149     1.0094     0.2998
  9.21690     1.0985     0.3316
  9.23231     1.2783     0.3959
  9.24773     1.4967     0.4748
  9.26314     1.5770     0.5065
  9.27855     1.5441     0.4982
  9.29397     1.5450     0.5001
  9.30938     1.5747     0.5111
  9.32479     1.6121     0.5245
  9.34021     1.6487     0.5378
  9.35562     1.6841     0.5510
  9.37103     1.7191     0.5641
  9.38645     1.7557     0.5772
  9.40186     1.7951     0.5901
  9.41727     1.8369     0.6027
  9.43269     1.8799     0.6151
  9.44810     1.9152     0.6245
  9.46351     1.9261     0.6288
  9.47893     1.8868     0.6156
  9.49434     1.7821     0.5691
  9.50975     1.7101     0.5343
  9.52517     1.7070     0.5306
  9.54058     1.7107     0.5292
  9.55599     1.8097     0.5645
  9.57141     2.0067     0.6385
  9.58682     1.8837     0.5882
  9.60223     1.4424     0.4130
  9.61765     1.2274     0.3253
  9.63306     1.2527     0.3322
  9.64847     1.2992     0.3480
  9.66389     1.3482     0.3649
  9.67930     1.4003     0.3833
  9.69471     1.4555     0.4033
  9.71013     1.5130     0.4247
  9.72554     1.5600     0.4436
  9.74095     1.6033     0.4618
  9.75637     1.6658     0.4866
  9.77178     1.7366     0.5140
  9.78719     1.7985     0.5380
  9.80261     1.8492     0.5578
  9.81802     1.8884     0.5733
  9.83343     1.9160     0.5845
  9.84885     1.9322     0.5913
  9.86426     1.9392     0.5947
  9.87967     1.9426     0.5966
  9.89509     1.9464     0.5986
  9.91050     1.9517     0.6012
  9.92591     1.9585     0.6043
  9.94133     1.9670     0.6081
  9.95674     1.9771     0.6124
  9.97215     1.9885     0.6173
  9.98757     2.0010     0.6227
 10.00298     2.0144     0.6287
 10.01839     2.0285     0.6350
 10.03381     2.0432     0.6417
 10.04922     2.0595     0.6493
 10.06463     2.0850     0.6606
 10.08005     2.1341     0.6813
 10.09546     2.2132     0.7147
 10.11087     2.2924     0.7495
 10.12629     2.3528     0.7762
 10.14170     2.4280     0.8077
 10.15711     2.5554     0.8608
 10.17253     2.7486     0.9414
 10.18794     2.9886     1.0416
 10.20335     3.1760     1.1206
 10.21877     3.2633     1.1590
 10.23418     3.2869     1.1722
 10.24959     3.2261     1.1529
 10.26501     3.5013     1.2994
 10.28042     3.1056     1.1469
 10.29583     2.2970     0.7961
 10.31125     2.1452     0.7356
 10.32666     2.0085     0.6812
 10.34207     1.8869     0.6327
 10.35749     1.7805     0.5903
 10.37290     1.6891     0.5539
 10.38831     1.6128     0.5234
 10.40373     1.5513     0.4990
 10.41914     1.5050     0.4807
 10.43455     1.4756     0.4692
 10.44997     1.4686     0.4667
 10.46538     1.4841     0.4726
 10.48079     1.5166     0.4847
 10.49621     1.5642     0.5021
 10.51162     1.6267     0.5249
 10.52703     1.7043     0.5530
 10.54245     1.7997     0.5880
 10.55786     1.8819     0.6207
 10.57327     1.9293     0.6441
 10.58869     1.9709     0.6666
 10.60410     2.0235     0.6937
 10.61951     2.0509     0.7099
 10.63493     2.0202     0.7011
 10.65034     2.0179     0.7056
 10.66575     2.0824     0.7403
 10.68117     2.0027     0.7084
 10.69658     1.8554     0.6421
 10.71199     1.8877     0.6535
 10.72741     1.9745     0.6885
 10.74282     1.9683     0.6842
 10.75823     1.8648     0.6402
 10.77365     1.7510     0.5951
 10.78906     1.6616     0.5638
 10.80447     1.5683     0.5323
 10.81989     1.5167     0.5153
 10.83530     1.5156     0.5157
 10.85071     1.5250     0.5201
 10.86613     1.5310     0.5233
 10.88154     1.5333     0.5253
 10.89695     1.5319     0.5260
 10.91237     1.5268     0.5255
 10.92778     1.5220     0.5253
 10.94319     1.5229     0.5274
 10.95861     1.5237     0.5297
 10.97402     1.5176     0.5295
 10.98943     1.5080     0.5288
 11.00485     1.5057     0.5314
 11.02026     1.5324     0.5446
 11.03567     1.5869     0.5684
 11.05109     1.6441     0.5938
 11.06650     1.6931     0.6165
 11.08191     1.7345     0.6365
 11.09733     1.7685     0.6540
 11.11274     1.7908     0.6672
 11.12815     1.7819     0.6670
 11.14357     1.7422     0.6535
 11.15898     1.7378     0.6555
 11.17439     1.7826     0.6790
 11.18981     1.8124     0.6955
 11.20522     1.7972     0.6921
 11.22063     1.7379     0.6687
 11.23605     1.6568     0.6348
 11.25146     1.6179     0.6181
 11.26687     1.6247     0.6215
 11.28229     1.6339     0.6261
 11.29770     1.6407     0.6300
 11.31311     1.6497     0.6348
 11.32853     1.6806     0.6478
 11.34394     1.7251     0.6659
 11.35935     1.7586     0.6800
 11.37477     1.7811     0.6906
 11.39018     1.7948     0.6986
 11.40559     1.8003     0.7043
 11.42101     1.8393     0.7256
 11.43642     1.9279     0.7694
 11.45183     1.9922     0.8042
 11.46725     1.9760     0.8050
 11.48266     1.8873     0.7730
 11.49807     1.7855     0.7325
 11.51349     1.7363     0.7131
 11.52890     1.7137     0.7048
 11.54431     1.6671     0.6864
 11.55973     1.7428     0.7167
 11.57514     2.1119     0.8657
 11.59055     2.4239     0.9919
 11.60597     2.4227     0.9908
 11.62138     2.2881     0.9351
 11.63679     2.1337     0.8711
 11.65221     2.0099     0.8193
 11.66762     1.9179     0.7803
 11.68303     1.8364     0.7459
 11.69845     1.7306     0.7026
 11.71386     1.6156     0.6563
 11.72927     1.5202     0.6177
 11.74469     1.4458     0.5877
 11.76010     1.5658     0.6400
 11.77551     1.9510     0.8035
 11.79093     2.2718     0.9388
 11.80634     2.5114     1.0334
 11.82175     2.7994     1.1396
 11.83717     3.0897     1.2434
 11.85258     3.3154     1.3215
 11.86799     3.3017     1.3134
 11.88341     3.1776     1.2704
 11.89882     3.1570     1.2688
 11.91423     3.2735     1.3318
 11.92965     3.6614     1.5303
 11.94506     3.9018     1.6608
 11.96047     3.7293     1.5911
 11.97589     3.5322     1.5024
 11.99130     3.3890     1.4342
 12.00671     3.2505     1.3641
 12.02213     3.1414     1.3057
 12.03754     3.0975     1.2789
 12.05295     3.1179     1.2848
 12.06837     3.2009     1.3224
 12.08378     3.3459     1.3913
 12.09919     3.6475     1.5429
 12.11461     4.2493     1.8568
 12.13002     4.9130     2.2045
 12.14543     5.2957     2.4081
 12.16085     5.1530     2.3273
 12.17626     4.6807     2.0610
 12.19167     4.4633     1.9377
 12.20709     4.4676     1.9343
 12.22250     4.3928     1.8834
 12.23791     4.2611     1.8021
 12.25333     4.2848     1.8101
 12.26874     4.5130     1.9283
 12.28415     4.6560     1.9838
 12.29957     4.7431     1.9940
 12.31498     4.9041     2.0422
 12.33039     4.8828     2.0074
 12.34581     4.5330     1.8209
 12.36122     4.1891     1.6454
 12.37663     4.0371     1.5700
 12.39205     3.9201     1.5118
 12.40746     3.8210     1.4629
 12.42287     3.7199     1.4152
 12.43829     3.5741     1.3538
 12.45370     3.3530     1.2682
 12.46911     3.1426     1.1872
 12.48453     3.0493     1.1485
 12.49994     3.0833     1.1580
 12.51535     2.9978     1.1186
 12.53077     2.7517     1.0191
 12.54618     2.5623     0.9482
 12.56159     2.4237     0.8991
 12.57701     2.3030     0.8573
 12.59242     2.1986     0.8216
 12.60783     2.1094     0.7916
 12.62325     2.0437     0.7696
 12.63866     2.0063     0.7573
 12.65407     1.9868     0.7512
 12.66949     1.9906     0.7544
 12.68490     2.0348     0.7740
 12.70031     2.9444     1.1045
 12.71573     3.3804     1.2636
 12.73114     2.7368     1.0327
 12.74655     2.6742     1.0003
 12.76197     2.8263     1.0449
 12.77738     2.7069     1.0074
 12.79279     2.3657     0.9004
 12.80821     2.0759     0.8093
 12.82362     1.9525     0.7705
 12.83903     1.8666     0.7428
 12.85445     1.8018     0.7222
 12.86986     1.7717     0.7145
 12.88527     1.7691     0.7170
 12.90069     1.7842     0.7260
 12.91610     1.8545     0.7575
 12.93151     2.0079     0.8245
 12.94693     2.2043     0.9121
 12.96234     2.4771     1.0369
 12.97775     2.6878     1.1323
 12.99317     2.7743     1.1670
 13.00858     2.8436     1.1930
 13.02399     2.8669     1.2009
 13.03941     2.8433     1.1903
 13.05482     2.7722     1.1609
 13.07023     2.6549     1.1135
 13.08565     2.5827     1.0870
 13.10106     2.6572     1.1248
 13.11647     2.8082     1.1956
 13.13189     2.9592     1.2664
 13.14730     3.0995     1.3334
 13.16271     3.2177     1.3910
 13.17813     3.6570     1.5777
 13.19354     3.9344     1.6842
 13.20895     3.8069     1.6166
 13.22437     3.8355     1.6171
 13.23978     3.9750     1.6666
 13.25519     4.2352     1.7713
 13.27061     4.6618     1.9526
 13.28602     5.0975     2.1545
 13.30143     5.3390     2.2904
 13.31685     5.3736     2.3366
 13.33226     5.2784     2.3244
 13.34767     4.8343     2.1971
 13.36309     4.3583     2.0607
 13.37850     4.1716     2.0109
 13.39391     4.0151     1.9612
 13.40933     3.8183     1.8967
 13.42474     3.6193     1.8386
 13.44015     3.7004     1.9499
 13.45557     4.2794     2.3776
 13.47098     4.2033     2.2610
 13.48639     3.7650     1.8421
 13.50181     4.0973     1.9653
 13.51722     4.9174     2.3984
 13.53263     6.2239     3.0770
 13.54805     6.5617     3.2081
 13.56346     5.7026     2.7087
 13.57887     4.7048     2.1641
 13.59429     3.6213     1.6498
 13.60970     2.8889     1.3376
 13.62511     2.6666     1.2467
 13.64053     2.7016     1.2580
 13.65594     2.7907     1.2798
 13.67135     2.8476     1.2834
 13.68677     2.9216     1.3045
 13.70218     2.9953     1.3366
 13.71759     3.1019     1.4117
 13.73301     3.2502     1.5118
 13.74842     3.2248     1.4984
 13.76383     3.1132     1.4078
 13.77925     2.9818     1.2895
 13.79466     2.8074     1.1534
 13.81007     2.7649     1.0870
 13.82549     2.8741     1.0988
 13.84090     3.0312     1.1387
 13.85631     3.1552     1.1701
 13.87173     3.2338     1.1859
 13.88714     3.2511     1.1772
 13.90255     3.2239     1.1491
 13.91797     3.1891     1.1175
 13.93338     3.1647     1.0906
 13.94879     3.1742     1.0768
 13.96421     3.2311     1.0820
 13.97962     3.4440     1.1451
 13.99503     3.9047     1.2972
 14.01045     4.2356     1.4133
 14.02586     4.2630     1.4188
 14.04127     3.8194     1.2714
 14.05669     3.1836     1.0736
 14.07210     2.9423     0.9953
 14.08751     2.9010     0.9765
 14.10293     2.8935     0.9694
 14.11834     2.9148     0.9739
 14.13375     2.9774     0.9966
 14.14917     3.0955     1.0401
 14.16458     3.1629     1.0642
 14.17999     3.0412     1.0210
 14.19541     2.8472     0.9519
 14.21082     2.7577     0.9203
 14.22623     2.7252     0.9139
 14.24165     2.6688     0.9063
 14.25706     2.6199     0.9036
 14.27247     2.5095     0.8725
 14.28789     2.3287     0.8090
 14.30330     2.1927     0.7596
 14.31871     2.1341     0.7372
 14.33413     2.1865     0.7520
 14.34954     2.2626     0.7747
 14.36495     2.2181     0.7580
 14.38037     2.1753     0.7416
 14.39578     2.2520     0.7671
 14.41119     2.3805     0.8129
 14.42661     2.5214     0.8634
 14.44202     2.6774     0.9196
 14.45743     2.6960     0.9229
 14.47285     2.5589     0.8664
 14.48826     2.5512     0.8586
 14.50367     2.6857     0.9047
 14.51909     2.7370     0.9209
 14.53450     2.7085     0.9089
 14.54991     2.6877     0.9009
 14.56533     2.6702     0.8944
 14.58074     2.6567     0.8892
 14.59615     2.6490     0.8858
 14.61157     2.6497     0.8851
 14.62698     2.6598     0.8875
 14.64239     2.6799     0.8933
 14.65781     2.7124     0.9032
 14.67322     2.7549     0.9154
 14.68863     2.6249     0.8660
 14.70405     2.3584     0.7675
 14.71946     2.2110     0.7087
 14.73487     2.1467     0.6797
 14.75029     2.0822     0.6531
 14.76570     2.0117     0.6263
 14.78111     1.9399     0.6000
 14.79653     1.8707     0.5753
 14.81194     1.8011     0.5520
 14.82735     1.7335     0.5307
 14.84277     1.4339     0.4330
 14.85818     1.0553     0.3104
 14.87359     0.9296     0.2708
 14.88901     0.9092     0.2635
 14.90442     0.8988     0.2587
 14.91983     0.8895     0.2542
 14.93525     0.8814     0.2501
 14.95066     0.8738     0.2462
 14.96607     0.8653     0.2419
 14.98149     0.8563     0.2375
 14.99690     0.8479     0.2332
 15.01231     0.8399     0.2290
 15.02773     0.8320     0.2248
 15.04314     0.8237     0.2203
 15.05855     0.8152     0.2157
 15.07397     0.8071     0.2110
 15.08938     0.7992     0.2062
 15.10479     0.7917     0.2014
 15.12021     0.7845     0.1965
 15.13562     0.7778     0.1918
 15.15103     0.7721     0.1874
 15.16645     0.7675     0.1835
 15.18186     0.7640     0.1802
 15.19727     0.7617     0.1774
 15.21269     0.7604     0.1750
 15.22810     0.7594     0.1726
 15.24351     0.7589     0.1701
 15.25893     0.7589     0.1677
 15.27434     0.7597     0.1653
 15.28975     0.7612     0.1630
 15.30517     0.7633     0.1608
 15.32058     0.7662     0.1586
 15.33599     0.7698     0.1566
 15.35141     0.7741     0.1546
 15.36682     0.7797     0.1528
 15.38223     0.7874     0.1515
 15.39765     0.8034     0.1515
 15.41306     0.8358     0.1537
 15.42847     0.8763     0.1571
 15.44389     0.9199     0.1611
 15.45930     0.9676     0.1660
 15.47471     1.0129     0.1707
 15.49013     1.0537     0.1748
 15.50554     1.0899     0.1784
 15.52095     1.1260     0.1821
 15.53637     1.1635     0.1861
 15.55178     1.1971     0.1895
 15.56719     1.2248     0.1921
 15.58261     1.2474     0.1940
 15.59802     1.2651     0.1952
 15.61343     1.2778     0.1957
 15.62885     1.2853     0.1955
 15.64426     1.2908     0.1949
 15.65967     1.3061     0.1953
 15.67509     1.3272     0.1962
 15.69050     1.3426     0.1963
 15.70591     1.3558     0.1962
 15.72133     1.3648     0.1955
 15.73674     1.3669     0.1938
 15.75215     1.3639     0.1915
 15.76757     1.3563     0.1886
 15.78298     1.3454     0.1853
 15.79839     1.3320     0.1817
 15.81381     1.3154     0.1779
 15.82922     1.2982     0.1742
 15.84463     1.2849     0.1711
 15.86005     1.2727     0.1683
 15.87546     1.2570     0.1650
 15.89087     1.2379     0.1614
 15.90629     1.3517     0.1851
 15.92170     1.6383     0.2379
 15.93711     1.8981     0.2735
 15.95253     2.1788     0.3067
 15.96794     2.2031     0.3119
 15.98335     1.8538     0.2668
 15.99877     1.5920     0.2309
 16.01418     1.4675     0.2125
 16.02959     1.3787     0.1992
 16.04501     1.3068     0.1880
 16.06042     1.2321     0.1761
 16.07583     1.1677     0.1659
 16.09125     1.1215     0.1585
 16.10666     1.0864     0.1526
 16.12207     1.1059     0.1561
 16.13749     1.2601     0.1834
 16.15290     1.4886     0.2232
 16.16831     1.6919     0.2569
 16.18373     1.8823     0.2849
 16.19914     2.0001     0.3002
 16.21455     1.9390     0.2931
 16.22997     1.7751     0.2743
 16.24538     1.6447     0.2588
 16.26079     1.5652     0.2480
 16.27621     1.5156     0.2403
 16.29162     1.4843     0.2349
 16.30703     1.4642     0.2310
 16.32245     1.4470     0.2276
 16.33786     1.4305     0.2248
 16.35327     1.4240     0.2251
 16.36869     1.4370     0.2302
 16.38410     1.4707     0.2402
 16.39951     1.4908     0.2454
 16.41493     1.4786     0.2410
 16.43034     1.4613     0.2346
 16.44575     1.4502     0.2291
 16.46117     1.4461     0.2247
 16.47658     1.4508     0.2215
 16.49199     1.4642     0.2195
 16.50741     1.4861     0.2187
 16.52282     1.5161     0.2192
 16.53823     1.5519     0.2205
 16.55365     1.5900     0.2225
 16.56906     1.6233     0.2245
 16.58447     1.6527     0.2265
 16.59989     1.6710     0.2273
 16.61530     1.6589     0.2244
 16.63071     1.6248     0.2195
 16.64613     1.5199     0.2115
 16.66154     1.4341     0.2058
 16.67695     1.4397     0.2064
 16.69237     1.4501     0.2076
 16.70778     1.4605     0.2087
 16.72319     1.4708     0.2099
 16.73861     1.4810     0.2110
 16.75402     1.4970     0.2128
 16.76943     1.5242     0.2160
 16.78485     1.5577     0.2201
 16.80026     1.5915     0.2251
 16.81567     1.6217     0.2300
 16.83109     1.6469     0.2345
 16.84650     1.6664     0.2382
 16.86191     1.6801     0.2411
 16.87733     1.6921     0.2441
 16.89274     1.7022     0.2473
 16.90815     1.7078     0.2500
 16.92357     1.7153     0.2530
 16.93898     1.7380     0.2578
 16.95439     1.7741     0.2641
 16.96981     1.8137     0.2707
 16.98522     1.8559     0.2776
 17.00063     1.9624     0.2890
 17.01605     2.4723     0.3350
 17.03146     2.7603     0.3676
 17.04687     2.5920     0.3609
 17.06229     2.5075     0.3554
 17.07770     2.3981     0.3458
 17.09311     2.3588     0.3436
 17.10853     2.3971     0.3507
 17.12394     2.4417     0.3590
 17.13935     2.4901     0.3680
 17.15477     2.5429     0.3778
 17.17018     2.5949     0.3876
 17.18559     2.6425     0.3951
 17.20101     2.9180     0.4129
 17.21642     2.9566     0.4214
 17.23183     2.8030     0.4326
 17.24725     2.9850     0.4709
 17.26266     3.0746     0.4849
 17.27807     2.9719     0.4669
 17.29349     2.8383     0.4454
 17.30890     2.7266     0.4279
 17.32431     2.6426     0.4152
 17.33973     2.5864     0.4075
 17.35514     2.5561     0.4043
 17.37055     2.5328     0.4016
 17.38597     2.5020     0.3968
 17.40138     2.4678     0.3913
 17.41679     2.4331     0.3858
 17.43221     2.4003     0.3805
 17.44762     2.3691     0.3756
 17.46303     2.3478     0.3720
 17.47845     2.3450     0.3709
 17.49386     2.3536     0.3714
 17.50927     2.3734     0.3738
 17.52469     2.4295     0.3825
 17.54010     2.5268     0.3990
 17.55551     2.6259     0.4168
 17.57093     2.6877     0.4287
 17.58634     2.6683     0.4259
 17.60175     2.6110     0.4160
 17.61717     2.5845     0.4114
 17.63258     2.5404     0.4041
 17.64799     2.4531     0.3901
 17.66341     2.3655     0.3763
 17.67882     2.2887     0.3644
 17.69423     2.2162     0.3531
 17.70965     2.1563     0.3439
 17.72506     2.1099     0.3370
 17.74047     2.0734     0.3318
 17.75589     2.0418     0.3272
 17.77130     2.0152     0.3232
 17.78671     1.9952     0.3202
 17.80213     1.9820     0.3183
 17.81754     1.9754     0.3173
 17.83295     1.9791     0.3176
 17.84837     1.9982     0.3194
 17.86378     1.9924     0.3164
 17.87919     1.9276     0.3036
 17.89461     1.8867     0.2944
 17.91002     1.8994     0.2939
 17.92543     1.9967     0.3084
 17.94085     2.3385     0.3642
 17.95626     2.7105     0.4221
 17.97167     2.9027     0.4488
 17.98709     3.0213     0.4656
 18.00250     3.1282     0.4800
 18.01791     3.3354     0.5071
 18.03333     3.6145     0.5424
 18.04874     3.4831     0.5179
 18.06415     3.1558     0.4683
 18.07957     3.2616     0.4902
 18.09498     3.6000     0.5519
 18.11039     3.8566     0.5979
 18.12581     4.0191     0.6256
 18.14122     4.1748     0.6500
 18.15663     4.3344     0.6724
 18.17205     4.4646     0.6909
 18.18746     4.4722     0.6962
 18.20287     4.4710     0.7041
 18.21829     4.5964     0.7313
 18.23370     4.6796     0.7498
 18.24911     4.6532     0.7506
 18.26453     4.5921     0.7469
 18.27994     4.4735     0.7335
 18.29535     4.3286     0.7172
 18.31077     4.3040     0.7268
 18.32618     4.4783     0.7741
 18.34159     4.7530     0.8391
 18.35701     4.6923     0.8430
 18.37242     4.1401     0.7522
 18.38783     3.5174     0.6427
 18.40325     3.0184     0.5556
 18.41866     2.6134     0.4870
 18.43407     2.3536     0.4449
 18.44949     2.2239     0.4275
 18.46490     2.1599     0.4234
 18.48031     2.1339     0.4248
 18.49573     2.1381     0.4282
 18.51114     2.1661     0.4324
 18.52655     2.1955     0.4343
 18.54197     2.1973     0.4284
 18.55738     2.1740     0.4152
 18.57279     2.1460     0.3982
 18.58821     2.1168     0.3829
 18.60362     2.1122     0.3778
 18.61903     2.1323     0.3798
 18.63445     2.1506     0.3816
 18.64986     2.1638     0.3831
 18.66527     2.1737     0.3845
 18.68069     2.1838     0.3863
 18.69610     2.2010     0.3886
 18.71151     2.2135     0.3905
 18.72693     2.2169     0.3921
 18.74234     2.2325     0.3955
 18.75775     2.2683     0.4008
 18.77317     2.3246     0.4085
 18.78858     2.3925     0.4180
 18.80399     2.4532     0.4267
 18.81941     2.4827     0.4309
 18.83482     2.4651     0.4302
 18.85023     2.4284     0.4295
 18.86565     2.4245     0.4325
 18.88106     2.4215     0.4340
 18.89647     2.4246     0.4437
 18.91189     2.4511     0.4619
 18.92730     2.4349     0.4665
 18.94271     2.3534     0.4509
 18.95813     2.2167     0.4176
 18.97354     2.0642     0.3772
 18.98895     1.9547     0.3459
 19.00437     1.9201     0.3326
 19.01978     1.9368     0.3310
 19.03519     1.9754     0.3331
 19.05061     2.0081     0.3359
 19.06602     2.0100     0.3382
 19.08143     1.9751     0.3409
 19.09685     1.8304     0.3267
 19.11226     1.6444     0.3028
 19.12767     1.5214     0.2855
 19.14309     1.4327     0.2671
 19.15850     1.3492     0.2457
 19.17391     1.2593     0.2220
 19.18933     1.2575     0.2131
 19.20474     1.4242     0.2372
 19.22015     1.6632     0.2826
 19.23557     1.8590     0.3298
 19.25098     1.9994     0.3761
 19.26639     2.1490     0.4413
 19.28181     2.3089     0.5384
 19.29722     2.1462     0.5440
 19.31263     1.8530     0.4814
 19.32805     1.7455     0.4571
 19.34346     1.6868     0.4425
 19.35887     1.6546     0.4347
 19.37429     1.6335     0.4298
 19.38970     1.6457     0.4339
 19.40511     1.6932     0.4472
 19.42053     1.7777     0.4700
 19.43594     2.0932     0.5656
 19.45135     2.2588     0.6182
 19.46677     2.1901     0.5987
 19.48218     2.2065     0.6047
 19.49759     2.1529     0.5898
 19.51301     2.0784     0.5685
 19.52842     2.0061     0.5479
 19.54383     1.9190     0.5240
 19.55925     1.8288     0.4987
 19.57466     1.7562     0.4766
 19.59007     1.7066     0.4602
 19.60549     1.6739     0.4487
 19.62090     1.6379     0.4365
 19.63631     1.5876     0.4205
 19.65173     1.5357     0.4037
 19.66714     1.4682     0.3824
 19.68255     1.3828     0.3563
 19.69797     1.3151     0.3356
 19.71338     1.2755     0.3226
 19.72879     1.2839     0.3241
 19.74421     1.4148     0.3640
 19.75962     1.5624     0.4069
 19.77503     1.5638     0.3971
 19.79045     1.5672     0.3849
 19.80586     1.6484     0.3996
 19.82127     1.7263     0.4151
 19.83669     1.7771     0.4225
 19.85210     1.7829     0.4158
 19.86751     1.7634     0.4037
 19.88293     1.7435     0.3942
 19.89834     1.7365     0.3891
 19.91375     1.7441     0.3884
 19.92917     1.7657     0.3922
 19.94458     1.7968     0.3991
 19.95999     1.8262     0.4068
 19.97541     1.8408     0.4111
 19.99082     1.8380     0.4098
 20.00623     1.8361     0.4056
 20.02165     1.8643     0.4061
 20.03706     1.9067     0.4097
 20.05247     1.9308     0.4103
 20.06789     1.9377     0.4082
 20.08330     1.9316     0.4039
 20.09871     1.9136     0.3977
 20.11413     1.8838     0.3896
 20.12954     1.8428     0.3795
 20.14495     1.7931     0.3680
 20.16037     1.7455     0.3585
 20.17578     1.7416     0.3658
 20.19119     1.7478     0.3741
 20.20661     1.7150     0.3650
 20.22202     1.6739     0.3523
 20.23743     1.6365     0.3408
 20.25285     1.5986     0.3300
 20.26826     1.5604     0.3209
 20.28367     1.5273     0.3152
 20.29909     1.4927     0.3106
 20.31450     1.4658     0.3067
 20.32991     1.4595     0.3057
 20.34533     1.4598     0.3049
 20.36074     1.4560     0.3024
 20.37615     1.4526     0.2988
 20.39157     1.4804     0.2990
 20.40698     1.5566     0.3063
 20.42239     1.6085     0.3104
 20.43781     1.6130     0.3077
 20.45322     1.6175     0.3049
 20.46863     1.6283     0.3030
 20.48405     1.6430     0.3018
 20.49946     1.6593     0.3012
 20.51487     1.6780     0.3012
 20.53029     1.6986     0.3015
 20.54570     1.7181     0.3016
 20.56111     1.7296     0.3002
 20.57653     1.6971     0.2920
 20.59194     1.5358     0.2653
 20.60735     1.3266     0.2337
 20.62277     1.1916     0.2153
 20.63818     1.1133     0.2048
 20.65359     1.1725     0.2145
 20.66901     1.2826     0.2315
 20.68442     1.2912     0.2329
 20.69983     1.2637     0.2288
 20.71525     1.2506     0.2272
 20.73066     1.2518     0.2274
 20.74607     1.2678     0.2294
 20.76149     1.2925     0.2325
 20.77690     1.3128     0.2347
 20.79231     1.3395     0.2381
 20.80773     1.3217     0.2321
 20.82314     1.2360     0.2153
 20.83855     1.1114     0.1957
 20.85397     0.9693     0.1744
 20.86938     0.8464     0.1559
 20.88479     0.7464     0.1410
 20.90021     0.6693     0.1294
 20.91562     0.6150     0.1214
 20.93103     0.5833     0.1167
 20.94645     0.5718     0.1149
 20.96186     0.5722     0.1149
 20.97727     0.5757     0.1153
 20.99269     0.5805     0.1160
 21.00810     0.5866     0.1169
 21.02351     0.5938     0.1180
 21.03893     0.6022     0.1193
 21.05434     0.6111     0.1207
 21.06975     0.6204     0.1222
 21.08517     0.6300     0.1237
 21.10058     0.6401     0.1253
 21.11599     0.6505     0.1269
 21.13141     0.6612     0.1286
 21.14682     0.6720     0.1302
 21.16223     0.6831     0.1319
 21.17765     0.6945     0.1336
 21.19306     0.7064     0.1354
 21.20847     0.7187     0.1372
 21.22389     0.7314     0.1390
 21.23930     0.7445     0.1409
 21.25471     0.7580     0.1429
 21.27013     0.7718     0.1449
 21.28554     0.7807     0.1462
 21.30095     0.7831     0.1470
 21.31637     0.7917     0.1488
 21.33178     0.8151     0.1528
 21.34719     0.8500     0.1586
 21.36261     0.8856     0.1643
 21.37802     0.9138     0.1687
 21.39343     0.9336     0.1716
 21.40885     0.9451     0.1731
 21.42426     0.9481     0.1730
 21.43967     0.9427     0.1715
 21.45509     0.9146     0.1663
 21.47050     0.8025     0.1478
 21.48591     0.6732     0.1266
 21.50133     0.6450     0.1220
 21.51674     0.6843     0.1292
 21.53215     0.7346     0.1388
 21.54757     0.8039     0.1514
 21.56298     0.9086     0.1690
 21.57839     0.9681     0.1773
 21.59381     0.9610     0.1733
 21.60922     0.9396     0.1666
 21.62463     0.9083     0.1583
 21.64005     0.8695     0.1490
 21.65546     0.8235     0.1388
 21.67087     0.7707     0.1277
 21.68629     0.7110     0.1157
 21.70170     0.6638     0.1060
 21.71711     0.6609     0.1035
 21.73253     0.6871     0.1058
 21.74794     0.7145     0.1081
 21.76335     0.7428     0.1105
 21.77877     0.7720     0.1130
 21.79418     0.8022     0.1155
 21.80959     0.8272     0.1174
 21.82501     0.7711     0.1097
 21.84042     0.6645     0.0959
 21.85583     0.6014     0.0872
 21.87125     0.5718     0.0826
 21.88666     0.5703     0.0814
 21.90207     0.5866     0.0824
 21.91749     0.6092     0.0842
 21.93290     0.6348     0.0865
 21.94831     0.6634     0.0890
 21.96373     0.6948     0.0920
 21.97914     0.7284     0.0952
 21.99455     0.7545     0.0974
 22.00997     0.7693     0.0982
 22.02538     0.7818     0.0988
 22.04079     0.7953     0.0995
 22.05621     0.8095     0.1004
 22.07162     0.8231     0.1012
 22.08703     0.8350     0.1018
 22.10245     0.8745     0.1055
 22.11786     0.9837     0.1167
 22.13327     1.1256     0.1311
 22.14869     1.2518     0.1435
 22.16410     1.3738     0.1555
 22.17951     1.4611     0.1647
 22.19493     1.4941     0.1690
 22.21034     1.5017     0.1705
 22.22575     1.4893     0.1696
 22.24117     1.4552     0.1660
 22.25658     1.4009     0.1598
 22.27199     1.3800     0.1563
 22.28741     1.4815     0.1645
 22.30282     1.6285     0.1777
 22.31823     1.7638     0.1914
 22.33365     1.9196     0.2089
 22.34906     2.0695     0.2271
 22.36447     2.2110     0.2456
 22.37989     2.3405     0.2637
 22.39530     2.2894     0.2576
 22.41071     1.9509     0.2119
 22.42613     1.6172     0.1673
 22.44154     1.4585     0.1470
 22.45695     1.3892     0.1384
 22.47237     1.3563     0.1344
 22.48778     1.3286     0.1311
 22.50319     1.3043     0.1280
 22.51861     1.2834     0.1253
 22.53402     1.2660     0.1228
 22.54943     1.2520     0.1207
 22.56485     1.2417     0.1190
 22.58026     1.2345     0.1175
 22.59567     1.2298     0.1162
 22.61109     1.2285     0.1149
 22.62650     1.2318     0.1138
 22.64191     1.2397     0.1128
 22.65733     1.2433     0.1116
 22.67274     1.2424     0.1107
 22.68815     1.2756     0.1129
 22.70357     1.3452     0.1183
 22.71898     1.4060     0.1233
 22.73439     1.4550     0.1277
 22.74981     1.5068     0.1325
 22.76522     1.5614     0.1379
 22.78063     1.6072     0.1423
 22.79605     1.6063     0.1413
 22.81146     1.5695     0.1359
 22.82687     1.5355     0.1308
 22.84229     1.5046     0.1261
 22.85770     1.4757     0.1220
 22.87311     1.4485     0.1185
 22.88853     1.4234     0.1156
 22.90394     1.4002     0.1131
 22.91935     1.3783     0.1110
 22.93477     1.3562     0.1092
 22.95018     1.3395     0.1084
 22.96559     1.3735     0.1129
 22.98101     1.4353     0.1198
 22.99642     1.4607     0.1225
