% rows 2972 cols 3
-23.00730     0.0000     0.0000
-22.99189     0.0000     0.0000
-22.97647     0.0000     0.0000
-22.96106     0.0000     0.0000
-22.94565     0.0000     0.0000
-22.93023     0.0000     0.0000
-22.91482     0.0000     0.0000
-22.89941     0.0000     0.0000
-22.88399     0.0000     0.0000
-22.86858     0.0000     0.0000
-22.85317     0.0000     0.0000
-22.83775     0.0000     0.0000
-22.82234     0.0000     0.0000
-22.80693     0.0000     0.0000
-22.79151     0.0000     0.0000
-22.77610     0.0000     0.0000
-22.76069     0.0000     0.0000
-22.74527     0.0000     0.0000
-22.72986     0.0000     0.0000
-22.71445     0.0000     0.0000
-22.69903     0.0000     0.0000
-22.68362     0.0000     0.0000
-22.66821     0.0000     0.0000
-22.65279     0.0000     0.0000
-22.63738     0.0000     0.0000
-22.62197     0.0000     0.0000
-22.60655     0.0000     0.0000
-22.59114     0.0000     0.0000
-22.57573     0.0000     0.0000
-22.56031     0.0000     0.0000
-22.54490     0.0000     0.0000
-22.52949     0.0000     0.0000
-22.51407     0.0000     0.0000
-22.49866     0.0000     0.0000
-22.48325     0.0000     0.0000
-22.46783     0.0000     0.0000
-22.45242     0.0000     0.0000
-22.43701     0.0000     0.0000
-22.42159     0.0000     0.0000
-22.40618     0.0000     0.0000
-22.39077     0.0000     0.0000
-22.37535     0.0000     0.0000
-22.35994     0.0000     0.0000
-22.34453     0.0000     0.0000
-22.32911     0.0000     0.0000
-22.31370     0.0000     0.0000
-22.29829     0.0000     0.0000
-22.28287     0.0000     0.0000
-22.26746     0.0000     0.0000
-22.25205     0.0000     0.0000
-22.23663     0.0000     0.0000
-22.22122     0.0000     0.0000
-22.20581     0.0000     0.0000
-22.19039     0.0000     0.0000
-22.17498     0.0000     0.0000
-22.15957     0.0000     0.0000
-22.14415     0.0000     0.0000
-22.12874     0.0000     0.0000
-22.11333     0.0000     0.0000
-22.09791     0.0000     0.0000
-22.08250     0.0000     0.0000
-22.06709     0.0000     0.0000
-22.05167     0.0000     0.0000
-22.03626     0.0000     0.0000
-22.02085     0.0000     0.0000
-22.00543     0.0000     0.0000
-21.99002     0.0000     0.0000
-21.97461     0.0000     0.0000
-21.95919     0.0000     0.0000
-21.94378     0.0000     0.0000
-21.92837     0.0000     0.0000
-21.91295     0.0000     0.0000
-21.89754     0.0000     0.0000
-21.88213     0.0000     0.0000
-21.86671     0.0000     0.0000
-21.85130     0.0000     0.0000
-21.83589     0.0000     0.0000
-21.82047     0.0000     0.0000
-21.80506     0.0000     0.0000
-21.78965     0.0000     0.0000
-21.77423     0.0000     0.0000
-21.75882     0.0000     0.0000
-21.74341     0.0000     0.0000
-21.72799     0.0000     0.0000
-21.71258     0.0000     0.0000
-21.69717     0.0000     0.0000
-21.68175     0.0000     0.0000
-21.66634     0.0000     0.0000
-21.65093     0.0000     0.0000
-21.63551     0.0000     0.0000
-21.62010     0.0000     0.0000
-21.60469     0.0000     0.0000
-21.58927     0.0000     0.0000
-21.57386     0.0000     0.0000
-21.55845     0.0000     0.0000
-21.54303     0.0000     0.0000
-21.52762     0.0000     0.0000
-21.51221     0.0000     0.0000
-21.49679     0.0000     0.0000
-21.48138     0.0000     0.0000
-21.46597     0.0000     0.0000
-21.45055     0.0000     0.0000
-21.43514     0.0000     0.0000
-21.41973     0.0000     0.0000
-21.40431     0.0000     0.0000
-21.38890     0.0000     0.0000
-21.37349     0.0000     0.0000
-21.35807     0.0000     0.0000
-21.34266     0.0000     0.0000
-21.32725     0.0000     0.0000
-21.31183     0.0000     0.0000
-21.29642     0.0000     0.0000
-21.28101     0.0000     0.0000
-21.26559     0.0000     0.0000
-21.25018     0.0000     0.0000
-21.23477     0.0000     0.0000
-21.21935     0.0000     0.0000
-21.20394     0.0000     0.0000
-21.18853     0.0000     0.0000
-21.17311     0.0000     0.0000
-21.15770     0.0000     0.0000
-21.14229     0.0000     0.0000
-21.12687     0.0000     0.0000
-21.11146     0.0000     0.0000
-21.09605     0.0000     0.0000
-21.08063     0.0000     0.0000
-21.06522     0.0000     0.0000
-21.04981     0.0000     0.0000
-21.03439     0.0000     0.0000
-21.01898     0.0000     0.0000
-21.00357     0.0000     0.0000
-20.98815     0.0000     0.0000
-20.97274     0.0000     0.0000
-20.95733     0.0000     0.0000
-20.94191     0.0000     0.0000
-20.92650     0.0000     0.0000
-20.91109     0.0000     0.0000
-20.89567     0.0000     0.0000
-20.88026     0.0000     0.0000
-20.86485     0.0000     0.0000
-20.84943     0.0000     0.0000
-20.83402     0.0000     0.0000
-20.81861     0.0000     0.0000
-20.80319     0.0000     0.0000
-20.78778     0.0000     0.0000
-20.77237     0.0000     0.0000
-20.75695     0.0000     0.0000
-20.74154     0.0000     0.0000
-20.72613     0.0000     0.0000
-20.71071     0.0000     0.0000
-20.69530     0.0000     0.0000
-20.67989     0.0000     0.0000
-20.66447     0.0000     0.0000
-20.64906     0.0000     0.0000
-20.63365     0.0000     0.0000
-20.61823     0.0000     0.0000
-20.60282     0.0000     0.0000
-20.58741     0.0000     0.0000
-20.57199     0.0000     0.0000
-20.55658     0.0000     0.0000
-20.54117     0.0000     0.0000
-20.52575     0.0000     0.0000
-20.51034     0.0000     0.0000
-20.49493     0.0000     0.0000
-20.47951     0.0000     0.0000
-20.46410     0.0000     0.0000
-20.44869     0.0000     0.0000
-20.43327     0.0000     0.0000
-20.41786     0.0000     0.0000
-20.40245     0.0000     0.0000
-20.38703     0.0000     0.0000
-20.37162     0.0000     0.0000
-20.35621     0.0000     0.0000
-20.34079     0.0000     0.0000
-20.32538     0.0000     0.0000
-20.30997     0.0000     0.0000
-20.29455     0.0000     0.0000
-20.27914     0.0000     0.0000
-20.26373     0.0000     0.0000
-20.24831     0.0000     0.0000
-20.23290     0.0000     0.0000
-20.21749     0.0000     0.0000
-20.20207     0.0000     0.0000
-20.18666     0.0000     0.0000
-20.17125     0.0000     0.0000
-20.15583     0.0000     0.0000
-20.14042     0.0000     0.0000
-20.12501     0.0000     0.0000
-20.10959     0.0000     0.0000
-20.09418     0.0000     0.0000
-20.07877     0.0000     0.0000
-20.06335     0.0000     0.0000
-20.04794     0.0000     0.0000
-20.03253     0.0000     0.0000
-20.01711     0.0000     0.0000
-20.00170     0.0000     0.0000
-19.98629     0.0000     0.0000
-19.97087     0.0000     0.0000
-19.95546     0.0000     0.0000
-19.94005     0.0000     0.0000
-19.92463     0.0000     0.0000
-19.90922     0.0000     0.0000
-19.89381     0.0000     0.0000
-19.87839     0.0000     0.0000
-19.86298     0.0000     0.0000
-19.84757     0.0000     0.0000
-19.83215     0.0002     0.0000
-19.81674     0.0009     0.0000
-19.80133     0.0023     0.0000
-19.78591     0.0043     0.0000
-19.77050     0.0070     0.0000
-19.75509     0.0104     0.0000
-19.73967     0.0145     0.0000
-19.72426     0.0193     0.0000
-19.70885     0.0248     0.0000
-19.69343     0.0309     0.0000
-19.67802     0.0377     0.0000
-19.66261     0.0452     0.0000
-19.64719     0.0534     0.0001
-19.63178     0.0622     0.0001
-19.61637     0.0718     0.0001
-19.60095     0.0820     0.0001
-19.58554     0.0929     0.0001
-19.57013     0.1045     0.0001
-19.55471     0.1160     0.0001
-19.53930     0.1216     0.0001
-19.52389     0.1213     0.0002
-19.50847     0.1214     0.0002
-19.49306     0.1231     0.0002
-19.47765     0.1264     0.0002
-19.46223     0.1313     0.0002
-19.44682     0.1374     0.0002
-19.43141     0.1443     0.0002
-19.41599     0.1519     0.0002
-19.40058     0.1603     0.0003
-19.38517     0.1695     0.0003
-19.36975     0.1794     0.0003
-19.35434     0.1901     0.0003
-19.33893     0.2016     0.0003
-19.32351     0.2138     0.0003
-19.30810     0.2268     0.0004
-19.29269     0.2406     0.0004
-19.27727     0.2551     0.0004
-19.26186     0.2703     0.0004
-19.24645     0.2864     0.0004
-19.23103     0.3032     0.0005
-19.21562     0.3207     0.0005
-19.20021     0.3390     0.0005
-19.18479     0.3541     0.0005
-19.16938     0.3622     0.0006
-19.15397     0.3678     0.0006
-19.13855     0.3755     0.0006
-19.12314     0.3857     0.0006
-19.10773     0.3987     0.0007
-19.09231     0.4136     0.0007
-19.07690     0.4299     0.0007
-19.06149     0.4475     0.0007
-19.04607     0.4663     0.0008
-19.03066     0.4863     0.0008
-19.01525     0.5075     0.0008
-18.99983     0.5299     0.0008
-18.98442     0.5536     0.0009
-18.96901     0.5783     0.0009
-18.95359     0.6035     0.0009
-18.93818     0.6290     0.0010
-18.92277     0.6547     0.0010
-18.90735     0.6806     0.0010
-18.89194     0.7067     0.0010
-18.87653     0.7331     0.0011
-18.86111     0.7600     0.0011
-18.84570     0.7873     0.0011
-18.83029     0.8152     0.0011
-18.81487     0.8437     0.0011
-18.79946     0.8727     0.0012
-18.78405     0.9027     0.0012
-18.76863     0.9346     0.0012
-18.75322     0.9688     0.0012
-18.73781     1.0054     0.0012
-18.72239     1.0443     0.0012
-18.70698     1.0855     0.0013
-18.69157     1.1291     0.0013
-18.67615     1.1750     0.0013
-18.66074     1.2232     0.0013
-18.64533     1.2738     0.0014
-18.62991     1.3267     0.0014
-18.61450     1.4472     0.0014
-18.59909     1.6910     0.0015
-18.58367     1.9963     0.0016
-18.56826     2.3449     0.0016
-18.55285     2.7708     0.0017
-18.53743     3.2763     0.0018
-18.52202     4.2069     0.0020
-18.50661     4.5074     0.0019
-18.49119     3.9677     0.0016
-18.47578     3.6355     0.0015
-18.46037     3.3036     0.0013
-18.44495     2.9064     0.0012
-18.42954     3.0238     0.0010
-18.41413     2.0394     0.0008
-18.39871     0.7370     0.0007
-18.38330     0.7661     0.0008
-18.36789     0.7962     0.0008
-18.35247     0.8276     0.0008
-18.33706     0.8601     0.0008
-18.32165     0.8937     0.0008
-18.30623     0.9286     0.0008
-18.29082     0.9646     0.0008
-18.27541     1.0539     0.0008
-18.25999     1.2850     0.0008
-18.24458     1.5993     0.0009
-18.22917     1.9527     0.0010
-18.21375     2.3956     0.0010
-18.19834     3.1975     0.0011
-18.18293     4.0612     0.0012
-18.16751     4.0535     0.0011
-18.15210     3.4635     0.0009
-18.13669     2.9984     0.0007
-18.12127     2.5815     0.0005
-18.10586     2.9469     0.0004
-18.09045     1.7705     0.0001
-18.07503     0.0000     0.0000
-18.05962     0.0000     0.0000
-18.04421     0.0000     0.0000
-18.02879     0.0000     0.0000
-18.01338     0.0000     0.0000
-17.99797     0.0000     0.0000
-17.98255     0.0000     0.0000
-17.96714     0.0000     0.0000
-17.95173     0.0000     0.0000
-17.93631     0.0000     0.0000
-17.92090     0.0000     0.0000
-17.90549     0.0000     0.0000
-17.89007     0.0000     0.0000
-17.87466     0.0000     0.0000
-17.85925     0.0000     0.0000
-17.84383     0.0000     0.0000
-17.82842     0.0000     0.0000
-17.81301     0.0000     0.0000
-17.79759     0.0000     0.0000
-17.78218     0.0000     0.0000
-17.76677     0.0000     0.0000
-17.75135     0.0000     0.0000
-17.73594     0.0000     0.0000
-17.72053     0.0000     0.0000
-17.70511     0.0000     0.0000
-17.68970     0.0000     0.0000
-17.67429     0.0000     0.0000
-17.65887     0.0000     0.0000
-17.64346     0.0000     0.0000
-17.62805     0.0000     0.0000
-17.61263     0.0000     0.0000
-17.59722     0.0000     0.0000
-17.58181     0.0000     0.0000
-17.56639     0.0000     0.0000
-17.55098     0.0000     0.0000
-17.53557     0.0000     0.0000
-17.52015     0.0000     0.0000
-17.50474     0.0000     0.0000
-17.48933     0.0000     0.0000
-17.47391     0.0000     0.0000
-17.45850     0.0000     0.0000
-17.44309     0.0000     0.0000
-17.42767     0.0000     0.0000
-17.41226     0.0000     0.0000
-17.39685     0.0000     0.0000
-17.38143     0.0000     0.0000
-17.36602     0.0000     0.0000
-17.35061     0.0000     0.0000
-17.33519     0.0000     0.0000
-17.31978     0.0000     0.0000
-17.30437     0.0000     0.0000
-17.28895     0.0000     0.0000
-17.27354     0.0000     0.0000
-17.25813     0.0000     0.0000
-17.24271     0.0000     0.0000
-17.22730     0.0000     0.0000
-17.21189     0.0000     0.0000
-17.19647     0.0000     0.0000
-17.18106     0.0000     0.0000
-17.16565     0.0000     0.0000
-17.15023     0.0000     0.0000
-17.13482     0.0000     0.0000
-17.11941     0.0000     0.0000
-17.10399     0.0000     0.0000
-17.08858     0.0000     0.0000
-17.07317     0.0000     0.0000
-17.05775     0.0000     0.0000
-17.04234     0.0000     0.0000
-17.02693     0.0000     0.0000
-17.01151     0.0000     0.0000
-16.99610     0.0000     0.0000
-16.98069     0.0000     0.0000
-16.96527     0.0000     0.0000
-16.94986     0.0000     0.0000
-16.93445     0.0000     0.0000
-16.91903     0.0000     0.0000
-16.90362     0.0000     0.0000
-16.88821     0.0000     0.0000
-16.87279     0.0000     0.0000
-16.85738     0.0000     0.0000
-16.84197     0.0000     0.0000
-16.82655     0.0000     0.0000
-16.81114     0.0000     0.0000
-16.79573     0.0000     0.0000
-16.78031     0.0000     0.0000
-16.76490     0.0000     0.0000
-16.74949     0.0000     0.0000
-16.73407     0.0000     0.0000
-16.71866     0.0000     0.0000
-16.70325     0.0000     0.0000
-16.68783     0.0000     0.0000
-16.67242     0.0000     0.0000
-16.65701     0.0000     0.0000
-16.64159     0.0000     0.0000
-16.62618     0.0000     0.0000
-16.61077     0.0000     0.0000
-16.59535     0.0000     0.0000
-16.57994     0.0000     0.0000
-16.56453     0.0000     0.0000
-16.54911     0.0000     0.0000
-16.53370     0.0000     0.0000
-16.51829     0.0000     0.0000
-16.50287     0.0000     0.0000
-16.48746     0.0000     0.0000
-16.47205     0.0000     0.0000
-16.45663     0.0000     0.0000
-16.44122     0.0000     0.0000
-16.42581     0.0000     0.0000
-16.41039     0.0000     0.0000
-16.39498     0.0000     0.0000
-16.37957     0.0000     0.0000
-16.36415     0.0000     0.0000
-16.34874     0.0000     0.0000
-16.33333     0.0000     0.0000
-16.31791     0.0000     0.0000
-16.30250     0.0000     0.0000
-16.28709     0.0000     0.0000
-16.27167     0.0000     0.0000
-16.25626     0.0000     0.0000
-16.24085     0.0000     0.0000
-16.22543     0.0000     0.0000
-16.21002     0.0000     0.0000
-16.19461     0.0000     0.0000
-16.17919     0.0000     0.0000
-16.16378     0.0000     0.0000
-16.14837     0.0000     0.0000
-16.13295     0.0000     0.0000
-16.11754     0.0000     0.0000
-16.10213     0.0000     0.0000
-16.08671     0.0000     0.0000
-16.07130     0.0000     0.0000
-16.05589     0.0000     0.0000
-16.04047     0.0000     0.0000
-16.02506     0.0000     0.0000
-16.00965     0.0000     0.0000
-15.99423     0.0000     0.0000
-15.97882     0.0000     0.0000
-15.96341     0.0000     0.0000
-15.94799     0.0000     0.0000
-15.93258     0.0000     0.0000
-15.91717     0.0000     0.0000
-15.90175     0.0000     0.0000
-15.88634     0.0000     0.0000
-15.87093     0.0000     0.0000
-15.85551     0.0000     0.0000
-15.84010     0.0000     0.0000
-15.82469     0.0000     0.0000
-15.80927     0.0000     0.0000
-15.79386     0.0000     0.0000
-15.77845     0.0000     0.0000
-15.76303     0.0000     0.0000
-15.74762     0.0000     0.0000
-15.73221     0.0000     0.0000
-15.71679     0.0000     0.0000
-15.70138     0.0000     0.0000
-15.68597     0.0000     0.0000
-15.67055     0.0000     0.0000
-15.65514     0.0000     0.0000
-15.63973     0.0000     0.0000
-15.62431     0.0000     0.0000
-15.60890     0.0000     0.0000
-15.59349     0.0000     0.0000
-15.57807     0.0000     0.0000
-15.56266     0.0000     0.0000
-15.54725     0.0000     0.0000
-15.53183     0.0000     0.0000
-15.51642     0.0000     0.0000
-15.50101     0.0000     0.0000
-15.48559     0.0000     0.0000
-15.47018     0.0000     0.0000
-15.45477     0.0000     0.0000
-15.43935     0.0000     0.0000
-15.42394     0.0000     0.0000
-15.40853     0.0000     0.0000
-15.39311     0.0000     0.0000
-15.37770     0.0000     0.0000
-15.36229     0.0000     0.0000
-15.34687     0.0000     0.0000
-15.33146     0.0000     0.0000
-15.31605     0.0000     0.0000
-15.30063     0.0000     0.0000
-15.28522     0.0000     0.0000
-15.26981     0.0000     0.0000
-15.25439     0.0000     0.0000
-15.23898     0.0000     0.0000
-15.22357     0.0000     0.0000
-15.20815     0.0000     0.0000
-15.19274     0.0000     0.0000
-15.17733     0.0000     0.0000
-15.16191     0.0000     0.0000
-15.14650     0.0000     0.0000
-15.13109     0.0000     0.0000
-15.11567     0.0000     0.0000
-15.10026     0.0000     0.0000
-15.08485     0.0000     0.0000
-15.06943     0.0000     0.0000
-15.05402     0.0000     0.0000
-15.03861     0.0000     0.0000
-15.02319     0.0000     0.0000
-15.00778     0.0000     0.0000
-14.99237     0.0000     0.0000
-14.97695     0.0000     0.0000
-14.96154     0.0000     0.0000
-14.94613     0.0000     0.0000
-14.93071     0.0000     0.0000
-14.91530     0.0000     0.0000
-14.89989     0.0000     0.0000
-14.88447     0.0000     0.0000
-14.86906     0.0000     0.0000
-14.85365     0.0000     0.0000
-14.83823     0.0000     0.0000
-14.82282     0.0000     0.0000
-14.80741     0.0000     0.0000
-14.79199     0.0000     0.0000
-14.77658     0.0000     0.0000
-14.76117     0.0000     0.0000
-14.74575     0.0000     0.0000
-14.73034     0.0000     0.0000
-14.71493     0.0000     0.0000
-14.69951     0.0000     0.0000
-14.68410     0.0000     0.0000
-14.66869     0.0000     0.0000
-14.65327     0.0000     0.0000
-14.63786     0.0000     0.0000
-14.62245     0.0000     0.0000
-14.60703     0.0000     0.0000
-14.59162     0.0000     0.0000
-14.57621     0.0000     0.0000
-14.56079     0.0000     0.0000
-14.54538     0.0000     0.0000
-14.52997     0.0000     0.0000
-14.51455     0.0000     0.0000
-14.49914     0.0000     0.0000
-14.48373     0.0000     0.0000
-14.46831     0.0000     0.0000
-14.45290     0.0000     0.0000
-14.43749     0.0000     0.0000
-14.42207     0.0000     0.0000
-14.40666     0.0000     0.0000
-14.39125     0.0000     0.0000
-14.37583     0.0000     0.0000
-14.36042     0.0000     0.0000
-14.34501     0.0000     0.0000
-14.32959     0.0000     0.0000
-14.31418     0.0000     0.0000
-14.29877     0.0000     0.0000
-14.28335     0.0000     0.0000
-14.26794     0.0000     0.0000
-14.25253     0.0000     0.0000
-14.23711     0.0000     0.0000
-14.22170     0.0000     0.0000
-14.20629     0.0000     0.0000
-14.19087     0.0000     0.0000
-14.17546     0.0000     0.0000
-14.16005     0.0000     0.0000
-14.14463     0.0000     0.0000
-14.12922     0.0000     0.0000
-14.11381     0.0000     0.0000
-14.09839     0.0000     0.0000
-14.08298     0.0000     0.0000
-14.06757     0.0000     0.0000
-14.05215     0.0000     0.0000
-14.03674     0.0000     0.0000
-14.02133     0.0000     0.0000
-14.00591     0.0000     0.0000
-13.99050     0.0000     0.0000
-13.97509     0.0000     0.0000
-13.95967     0.0000     0.0000
-13.94426     0.0000     0.0000
-13.92885     0.0000     0.0000
-13.91343     0.0000     0.0000
-13.89802     0.0000     0.0000
-13.88261     0.0000     0.0000
-13.86719     0.0000     0.0000
-13.85178     0.0000     0.0000
-13.83637     0.0000     0.0000
-13.82095     0.0000     0.0000
-13.80554     0.0000     0.0000
-13.79013     0.0000     0.0000
-13.77471     0.0000     0.0000
-13.75930     0.0000     0.0000
-13.74389     0.0000     0.0000
-13.72847     0.0000     0.0000
-13.71306     0.0000     0.0000
-13.69765     0.0000     0.0000
-13.68223     0.0000     0.0000
-13.66682     0.0000     0.0000
-13.65141     0.0000     0.0000
-13.63599     0.0000     0.0000
-13.62058     0.0000     0.0000
-13.60517     0.0000     0.0000
-13.58975     0.0000     0.0000
-13.57434     0.0000     0.0000
-13.55893     0.0000     0.0000
-13.54351     0.0000     0.0000
-13.52810     0.0000     0.0000
-13.51269     0.0000     0.0000
-13.49727     0.0000     0.0000
-13.48186     0.0000     0.0000
-13.46645     0.0000     0.0000
-13.45103     0.0000     0.0000
-13.43562     0.0000     0.0000
-13.42021     0.0000     0.0000
-13.40479     0.0000     0.0000
-13.38938     0.0000     0.0000
-13.37397     0.0000     0.0000
-13.35855     0.0000     0.0000
-13.34314     0.0000     0.0000
-13.32773     0.0000     0.0000
-13.31231     0.0000     0.0000
-13.29690     0.0000     0.0000
-13.28149     0.0000     0.0000
-13.26607     0.0000     0.0000
-13.25066     0.0000     0.0000
-13.23525     0.0000     0.0000
-13.21983     0.0000     0.0000
-13.20442     0.0000     0.0000
-13.18901     0.0000     0.0000
-13.17359     0.0000     0.0000
-13.15818     0.0000     0.0000
-13.14277     0.0000     0.0000
-13.12735     0.0000     0.0000
-13.11194     0.0000     0.0000
-13.09653     0.0000     0.0000
-13.08111     0.0000     0.0000
-13.06570     0.0000     0.0000
-13.05029     0.0000     0.0000
-13.03487     0.0000     0.0000
-13.01946     0.0000     0.0000
-13.00405     0.0000     0.0000
-12.98863     0.0000     0.0000
-12.97322     0.0000     0.0000
-12.95781     0.0000     0.0000
-12.94239     0.0000     0.0000
-12.92698     0.0000     0.0000
-12.91157     0.0000     0.0000
-12.89615     0.0000     0.0000
-12.88074     0.0000     0.0000
-12.86533     0.0000     0.0000
-12.84991     0.0000     0.0000
-12.83450     0.0000     0.0000
-12.81909     0.0000     0.0000
-12.80367     0.0000     0.0000
-12.78826     0.0000     0.0000
-12.77285     0.0000     0.0000
-12.75743     0.0000     0.0000
-12.74202     0.0000     0.0000
-12.72661     0.0000     0.0000
-12.71119     0.0000     0.0000
-12.69578     0.0000     0.0000
-12.68037     0.0000     0.0000
-12.66495     0.0000     0.0000
-12.64954     0.0000     0.0000
-12.63413     0.0000     0.0000
-12.61871     0.0000     0.0000
-12.60330     0.0000     0.0000
-12.58789     0.0000     0.0000
-12.57247     0.0000     0.0000
-12.55706     0.0000     0.0000
-12.54165     0.0000     0.0000
-12.52623     0.0000     0.0000
-12.51082     0.0000     0.0000
-12.49541     0.0000     0.0000
-12.47999     0.0000     0.0000
-12.46458     0.0000     0.0000
-12.44917     0.0000     0.0000
-12.43375     0.0000     0.0000
-12.41834     0.0000     0.0000
-12.40293     0.0000     0.0000
-12.38751     0.0000     0.0000
-12.37210     0.0000     0.0000
-12.35669     0.0000     0.0000
-12.34127     0.0000     0.0000
-12.32586     0.0000     0.0000
-12.31045     0.0000     0.0000
-12.29503     0.0000     0.0000
-12.27962     0.0000     0.0000
-12.26421     0.0000     0.0000
-12.24879     0.0000     0.0000
-12.23338     0.0000     0.0000
-12.21797     0.0000     0.0000
-12.20255     0.0000     0.0000
-12.18714     0.0000     0.0000
-12.17173     0.0000     0.0000
-12.15631     0.0000     0.0000
-12.14090     0.0000     0.0000
-12.12549     0.0000     0.0000
-12.11007     0.0000     0.0000
-12.09466     0.0000     0.0000
-12.07925     0.0000     0.0000
-12.06383     0.0000     0.0000
-12.04842     0.0000     0.0000
-12.03301     0.0000     0.0000
-12.01759     0.0000     0.0000
-12.00218     0.0000     0.0000
-11.98677     0.0000     0.0000
-11.97135     0.0000     0.0000
-11.95594     0.0000     0.0000
-11.94053     0.0000     0.0000
-11.92511     0.0000     0.0000
-11.90970     0.0000     0.0000
-11.89429     0.0000     0.0000
-11.87887     0.0000     0.0000
-11.86346     0.0000     0.0000
-11.84805     0.0000     0.0000
-11.83263     0.0000     0.0000
-11.81722     0.0000     0.0000
-11.80181     0.0000     0.0000
-11.78639     0.0000     0.0000
-11.77098     0.0000     0.0000
-11.75557     0.0000     0.0000
-11.74015     0.0000     0.0000
-11.72474     0.0000     0.0000
-11.70933     0.0000     0.0000
-11.69391     0.0000     0.0000
-11.67850     0.0000     0.0000
-11.66309     0.0000     0.0000
-11.64767     0.0000     0.0000
-11.63226     0.0000     0.0000
-11.61685     0.0000     0.0000
-11.60143     0.0000     0.0000
-11.58602     0.0000     0.0000
-11.57061     0.0000     0.0000
-11.55519     0.0000     0.0000
-11.53978     0.0000     0.0000
-11.52437     0.0000     0.0000
-11.50895     0.0000     0.0000
-11.49354     0.0000     0.0000
-11.47813     0.0000     0.0000
-11.46271     0.0000     0.0000
-11.44730     0.0000     0.0000
-11.43189     0.0000     0.0000
-11.41647     0.0000     0.0000
-11.40106     0.0000     0.0000
-11.38565     0.0000     0.0000
-11.37023     0.0000     0.0000
-11.35482     0.0000     0.0000
-11.33941     0.0000     0.0000
-11.32399     0.0000     0.0000
-11.30858     0.0000     0.0000
-11.29317     0.0000     0.0000
-11.27775     0.0000     0.0000
-11.26234     0.0000     0.0000
-11.24693     0.0000     0.0000
-11.23151     0.0000     0.0000
-11.21610     0.0000     0.0000
-11.20069     0.0000     0.0000
-11.18527     0.0000     0.0000
-11.16986     0.0000     0.0000
-11.15445     0.0000     0.0000
-11.13903     0.0000     0.0000
-11.12362     0.0000     0.0000
-11.10821     0.0000     0.0000
-11.09279     0.0000     0.0000
-11.07738     0.0000     0.0000
-11.06197     0.0000     0.0000
-11.04655     0.0000     0.0000
-11.03114     0.0000     0.0000
-11.01573     0.0000     0.0000
-11.00031     0.0000     0.0000
-10.98490     0.0000     0.0000
-10.96949     0.0000     0.0000
-10.95407     0.0000     0.0000
-10.93866     0.0000     0.0000
-10.92325     0.0000     0.0000
-10.90783     0.0000     0.0000
-10.89242     0.0000     0.0000
-10.87701     0.0000     0.0000
-10.86159     0.0000     0.0000
-10.84618     0.0000     0.0000
-10.83077     0.0000     0.0000
-10.81535     0.0000     0.0000
-10.79994     0.0000     0.0000
-10.78453     0.0000     0.0000
-10.76911     0.0000     0.0000
-10.75370     0.0000     0.0000
-10.73829     0.0000     0.0000
-10.72287     0.0000     0.0000
-10.70746     0.0000     0.0000
-10.69205     0.0000     0.0000
-10.67663     0.0000     0.0000
-10.66122     0.0000     0.0000
-10.64581     0.0000     0.0000
-10.63039     0.0000     0.0000
-10.61498     0.0000     0.0000
-10.59957     0.0000     0.0000
-10.58415     0.0000     0.0000
-10.56874     0.0000     0.0000
-10.55333     0.0000     0.0000
-10.53791     0.0000     0.0000
-10.52250     0.0000     0.0000
-10.50709     0.0000     0.0000
-10.49167     0.0000     0.0000
-10.47626     0.0000     0.0000
-10.46085     0.0000     0.0000
-10.44543     0.0000     0.0000
-10.43002     0.0000     0.0000
-10.41461     0.0000     0.0000
-10.39919     0.0000     0.0000
-10.38378     0.0000     0.0000
-10.36837     0.0000     0.0000
-10.35295     0.0000     0.0000
-10.33754     0.0000     0.0000
-10.32213     0.0000     0.0000
-10.30671     0.0000     0.0000
-10.29130     0.0000     0.0000
-10.27589     0.0000     0.0000
-10.26047     0.0000     0.0000
-10.24506     0.0000     0.0000
-10.22965     0.0000     0.0000
-10.21423     0.0000     0.0000
-10.19882     0.0000     0.0000
-10.18341     0.0000     0.0000
-10.16799     0.0000     0.0000
-10.15258     0.0000     0.0000
-10.13717     0.0000     0.0000
-10.12175     0.0000     0.0000
-10.10634     0.0000     0.0000
-10.09093     0.0000     0.0000
-10.07551     0.0000     0.0000
-10.06010     0.0000     0.0000
-10.04469     0.0000     0.0000
-10.02927     0.0000     0.0000
-10.01386     0.0000     0.0000
 -9.99845     0.0000     0.0000
 -9.98303     0.0000     0.0000
 -9.96762     0.0000     0.0000
 -9.95221     0.0000     0.0000
 -9.93679     0.0000     0.0000
 -9.92138     0.0000     0.0000
 -9.90597     0.0000     0.0000
 -9.89055     0.0000     0.0000
 -9.87514     0.0000     0.0000
 -9.85973     0.0000     0.0000
 -9.84431     0.0000     0.0000
 -9.82890     0.0000     0.0000
 -9.81349     0.0000     0.0000
 -9.79807     0.0000     0.0000
 -9.78266     0.0000     0.0000
 -9.76725     0.0000     0.0000
 -9.75183     0.0000     0.0000
 -9.73642     0.0000     0.0000
 -9.72101     0.0000     0.0000
 -9.70559     0.0000     0.0000
 -9.69018     0.0000     0.0000
 -9.67477     0.0000     0.0000
 -9.65935     0.0000     0.0000
 -9.64394     0.0000     0.0000
 -9.62853     0.0000     0.0000
 -9.61311     0.0000     0.0000
 -9.59770     0.0000     0.0000
 -9.58229     0.0000     0.0000
 -9.56687     0.0000     0.0000
 -9.55146     0.0000     0.0000
 -9.53605     0.0000     0.0000
 -9.52063     0.0000     0.0000
 -9.50522     0.0000     0.0000
 -9.48981     0.0000     0.0000
 -9.47439     0.0000     0.0000
 -9.45898     0.0000     0.0000
 -9.44357     0.0000     0.0000
 -9.42815     0.0000     0.0000
 -9.41274     0.0000     0.0000
 -9.39733     0.0000     0.0000
 -9.38191     0.0000     0.0000
 -9.36650     0.0000     0.0000
 -9.35109     0.0000     0.0000
 -9.33567     0.0000     0.0000
 -9.32026     0.0000     0.0000
 -9.30485     0.0000     0.0000
 -9.28943     0.0000     0.0000
 -9.27402     0.0000     0.0000
 -9.25861     0.0000     0.0000
 -9.24319     0.0000     0.0000
 -9.22778     0.0000     0.0000
 -9.21237     0.0000     0.0000
 -9.19695     0.0000     0.0000
 -9.18154     0.0000     0.0000
 -9.16613     0.0000     0.0000
 -9.15071     0.0000     0.0000
 -9.13530     0.0000     0.0000
 -9.11989     0.0000     0.0000
 -9.10447     0.0000     0.0000
 -9.08906     0.0000     0.0000
 -9.07365     0.0000     0.0000
 -9.05823     0.0000     0.0000
 -9.04282     0.0000     0.0000
 -9.02741     0.0000     0.0000
 -9.01199     0.0000     0.0000
 -8.99658     0.0000     0.0000
 -8.98117     0.0000     0.0000
 -8.96575     0.0000     0.0000
 -8.95034     0.0000     0.0000
 -8.93493     0.0000     0.0000
 -8.91951     0.0000     0.0000
 -8.90410     0.0000     0.0000
 -8.88869     0.0000     0.0000
 -8.87327     0.0000     0.0000
 -8.85786     0.0000     0.0000
 -8.84245     0.0000     0.0000
 -8.82703     0.0000     0.0000
 -8.81162     0.0000     0.0000
 -8.79621     0.0000     0.0000
 -8.78079     0.0000     0.0000
 -8.76538     0.0000     0.0000
 -8.74997     0.0002     0.0001
 -8.73455     0.0006     0.0003
 -8.71914     0.0014     0.0006
 -8.70373     0.0025     0.0012
 -8.68831     0.0040     0.0018
 -8.67290     0.0058     0.0026
 -8.65749     0.0079     0.0036
 -8.64207     0.0103     0.0047
 -8.62666     0.0131     0.0060
 -8.61125     0.0163     0.0074
 -8.59583     0.0197     0.0090
 -8.58042     0.0235     0.0108
 -8.56501     0.0276     0.0127
 -8.54959     0.0321     0.0147
 -8.53418     0.0369     0.0169
 -8.51877     0.0420     0.0193
 -8.50335     0.0475     0.0218
 -8.48794     0.0533     0.0244
 -8.47253     0.0595     0.0272
 -8.45711     0.0659     0.0302
 -8.44170     0.0727     0.0333
 -8.42629     0.0799     0.0366
 -8.41087     0.0874     0.0400
 -8.39546     0.0952     0.0436
 -8.38005     0.1033     0.0474
 -8.36463     0.1118     0.0512
 -8.34922     0.1206     0.0553
 -8.33381     0.1298     0.0595
 -8.31839     0.1393     0.0638
 -8.30298     0.1491     0.0683
 -8.28757     0.1593     0.0730
 -8.27215     0.1697     0.0778
 -8.25674     0.1806     0.0828
 -8.24133     0.1911     0.0876
 -8.22591     0.1995     0.0913
 -8.21050     0.2063     0.0944
 -8.19509     0.2139     0.0978
 -8.17967     0.2224     0.1016
 -8.16426     0.2318     0.1059
 -8.14885     0.2421     0.1105
 -8.13343     0.2532     0.1156
 -8.11802     0.2653     0.1212
 -8.10261     0.2786     0.1273
 -8.08719     0.2955     0.1350
 -8.07178     0.3155     0.1442
 -8.05637     0.3354     0.1533
 -8.04095     0.3546     0.1621
 -8.02554     0.3729     0.1705
 -8.01013     0.3905     0.1786
 -7.99471     0.4072     0.1863
 -7.97930     0.4232     0.1937
 -7.96389     0.4385     0.2007
 -7.94847     0.4529     0.2073
 -7.93306     0.4665     0.2137
 -7.91765     0.4794     0.2196
 -7.90223     0.4915     0.2252
 -7.88682     0.5028     0.2305
 -7.87141     0.5134     0.2355
 -7.85599     0.5233     0.2401
 -7.84058     0.5325     0.2444
 -7.82517     0.5410     0.2484
 -7.80975     0.5488     0.2521
 -7.79434     0.5560     0.2555
 -7.77893     0.5624     0.2586
 -7.76351     0.5681     0.2613
 -7.74810     0.5732     0.2638
 -7.73269     0.5776     0.2659
 -7.71727     0.5813     0.2677
 -7.70186     0.5842     0.2692
 -7.68645     0.5865     0.2705
 -7.67103     0.5881     0.2713
 -7.65562     0.5891     0.2719
 -7.64021     0.5893     0.2722
 -7.62479     0.5890     0.2723
 -7.60938     0.6823     0.3153
 -7.59397     0.9387     0.4338
 -7.57855     0.9457     0.4392
 -7.56314     0.7094     0.3336
 -7.54773     0.6241     0.2967
 -7.53231     0.6329     0.3028
 -7.51690     0.6625     0.3185
 -7.50149     0.6963     0.3364
 -7.48607     0.7340     0.3564
 -7.47066     0.7759     0.3784
 -7.45525     0.8218     0.4025
 -7.43983     0.8717     0.4287
 -7.42442     0.9257     0.4570
 -7.40901     0.9838     0.4874
 -7.39359     1.0229     0.5087
 -7.37818     0.9938     0.4967
 -7.36277     0.9247     0.4647
 -7.34735     0.8688     0.4388
 -7.33194     0.8229     0.4180
 -7.31653     0.7847     0.4015
 -7.30111     0.7543     0.3892
 -7.28570     0.7316     0.3811
 -7.27029     0.7166     0.3772
 -7.25487     0.7061     0.3755
 -7.23946     0.6959     0.3736
 -7.22405     0.6851     0.3710
 -7.20863     0.6740     0.3681
 -7.19322     0.6627     0.3648
 -7.17781     0.6513     0.3613
 -7.16239     0.6395     0.3574
 -7.14698     0.6276     0.3532
 -7.13157     0.6137     0.3476
 -7.11615     0.5970     0.3400
 -7.10074     0.5825     0.3335
 -7.08533     0.5741     0.3307
 -7.06991     0.5719     0.3315
 -7.05450     0.5777     0.3370
 -7.03909     0.5929     0.3482
 -7.02367     0.6110     0.3611
 -7.00826     0.6257     0.3716
 -6.99285     0.6366     0.3797
 -6.97743     0.6441     0.3854
 -6.96202     0.6579     0.3949
 -6.94661     0.6841     0.4117
 -6.93119     0.7136     0.4303
 -6.91578     0.7500     0.4507
 -6.90037     0.8130     0.4796
 -6.88495     0.9132     0.5209
 -6.86954     1.0513     0.5748
 -6.85413     1.2281     0.6418
 -6.83871     1.4526     0.7275
 -6.82330     1.7317     0.8370
 -6.80789     2.0653     0.9689
 -6.79247     2.4660     1.1235
 -6.77706     3.1234     1.3601
 -6.76165     3.5999     1.5284
 -6.74623     3.5787     1.5243
 -6.73082     3.4598     1.4849
 -6.71541     3.3444     1.4440
 -6.69999     3.2327     1.4019
 -6.68458     3.1245     1.3583
 -6.66917     3.0201     1.3136
 -6.65375     2.9205     1.2674
 -6.63834     2.8400     1.2225
 -6.62293     2.7862     1.1802
 -6.60751     2.7537     1.1400
 -6.59210     2.7648     1.1160
 -6.57669     2.8649     1.1395
 -6.56127     2.8921     1.1590
 -6.54586     2.8377     1.1538
 -6.53045     2.8824     1.1743
 -6.51503     2.9790     1.2078
 -6.49962     3.0646     1.2320
 -6.48421     3.1227     1.2389
 -6.46879     3.0910     1.2109
 -6.45338     2.9850     1.1563
 -6.43797     2.8831     1.1039
 -6.42255     2.7866     1.0541
 -6.40714     2.6908     1.0053
 -6.39173     2.6373     0.9743
 -6.37631     2.7176     0.9979
 -6.36090     2.8509     1.0440
 -6.34549     2.9004     1.0581
 -6.33007     2.8561     1.0365
 -6.31466     2.7003     0.9751
 -6.29925     2.4392     0.8753
 -6.28383     2.1328     0.7566
 -6.26842     1.8865     0.6590
 -6.25301     1.7254     0.5925
 -6.23759     1.5950     0.5367
 -6.22218     1.4877     0.4898
 -6.20677     1.4143     0.4569
 -6.19135     1.3625     0.4330
 -6.17594     1.3149     0.4109
 -6.16053     1.2696     0.3905
 -6.14511     1.2285     0.3740
 -6.12970     1.1940     0.3619
 -6.11429     1.1640     0.3516
 -6.09887     1.1366     0.3419
 -6.08346     1.1111     0.3326
 -6.06805     1.0871     0.3237
 -6.05263     1.0645     0.3152
 -6.03722     1.0432     0.3069
 -6.02181     1.0233     0.2990
 -6.00639     1.0047     0.2912
 -5.99098     0.9873     0.2838
 -5.97557     0.9713     0.2766
 -5.96015     0.9565     0.2697
 -5.94474     0.9431     0.2631
 -5.92933     0.9307     0.2567
 -5.91391     0.9176     0.2506
 -5.89850     0.9091     0.2473
 -5.88309     1.1818     0.3736
 -5.86767     2.1020     0.8008
 -5.85226     2.3495     0.9402
 -5.83685     2.0148     0.8193
 -5.82143     2.1126     0.8837
 -5.80602     2.1503     0.9145
 -5.79061     2.1269     0.9113
 -5.77519     2.0447     0.8754
 -5.75978     1.9666     0.8445
 -5.74437     2.0231     0.8928
 -5.72895     2.1761     0.9853
 -5.71354     2.2689     1.0199
 -5.69813     2.3038     1.0066
 -5.68271     2.3068     0.9834
 -5.66730     2.2515     0.9501
 -5.65189     2.2086     0.9461
 -5.63647     2.2782     1.0197
 -5.62106     2.3748     1.1133
 -5.60565     2.2955     1.1098
 -5.59023     2.1211     1.0447
 -5.57482     2.0107     0.9974
 -5.55941     1.9377     0.9602
 -5.54399     1.8825     0.9298
 -5.52858     1.8358     0.9025
 -5.51317     1.7943     0.8762
 -5.49775     1.7584     0.8513
 -5.48234     1.7289     0.8280
 -5.46693     1.7060     0.8065
 -5.45151     1.6897     0.7867
 -5.43610     1.6800     0.7687
 -5.42069     1.6773     0.7527
 -5.40527     1.6821     0.7388
 -5.38986     1.6944     0.7272
 -5.37445     1.7149     0.7178
 -5.35903     1.7460     0.7108
 -5.34362     1.7899     0.7064
 -5.32821     1.8637     0.7043
 -5.31279     1.9610     0.7014
 -5.29738     2.0286     0.6959
 -5.28197     2.0643     0.6894
 -5.26655     2.0962     0.6827
 -5.25114     2.1241     0.6759
 -5.23573     2.1480     0.6690
 -5.22031     2.1681     0.6620
 -5.20490     2.1842     0.6548
 -5.18949     2.1964     0.6474
 -5.17407     2.2046     0.6400
 -5.15866     2.2090     0.6324
 -5.14325     2.2094     0.6247
 -5.12783     2.2058     0.6168
 -5.11242     2.1984     0.6089
 -5.09701     2.1890     0.6008
 -5.08159     2.1916     0.5928
 -5.06618     2.2284     0.5858
 -5.05077     2.3057     0.5799
 -5.03535     2.4186     0.5748
 -5.01994     2.5621     0.5707
 -5.00453     2.7208     0.5687
 -4.98911     2.9376     0.5726
 -4.97370     3.2544     0.5833
 -4.95829     3.6591     0.5981
 -4.94287     4.1475     0.6167
 -4.92746     4.6661     0.6378
 -4.91205     4.8477     0.6486
 -4.89663     4.4351     0.6380
 -4.88122     3.7246     0.6149
 -4.86581     3.1104     0.5953
 -4.85039     2.7548     0.5861
 -4.83498     2.5910     0.5816
 -4.81957     2.4818     0.5634
 -4.80415     2.3848     0.5336
 -4.78874     2.3330     0.5071
 -4.77333     2.3829     0.4869
 -4.75791     2.5838     0.4744
 -4.74250     2.7658     0.4681
 -4.72709     2.9133     0.4722
 -4.71167     3.2547     0.4956
 -4.69626     3.8725     0.5657
 -4.68085     4.6281     0.6411
 -4.66543     5.3793     0.6860
 -4.65002     5.9142     0.7212
 -4.63461     5.7446     0.7198
 -4.61919     5.0115     0.6833
 -4.60378     4.2141     0.6366
 -4.58837     3.5020     0.5913
 -4.57295     2.9364     0.5531
 -4.55754     2.5173     0.5221
 -4.54213     2.2362     0.4979
 -4.52671     2.0391     0.4775
 -4.51130     1.8650     0.4580
 -4.49589     1.6983     0.4384
 -4.48047     1.5389     0.4186
 -4.46506     1.3874     0.3988
 -4.44965     1.2441     0.3790
 -4.43423     1.1091     0.3592
 -4.41882     0.9834     0.3401
 -4.40341     0.8673     0.3220
 -4.38799     0.7598     0.3041
 -4.37258     0.6653     0.2870
 -4.35717     0.5940     0.2728
 -4.34175     0.5436     0.2623
 -4.32634     0.5099     0.2566
 -4.31093     0.4997     0.2597
 -4.29551     0.5172     0.2740
 -4.28010     0.5625     0.2996
 -4.26469     0.6357     0.3367
 -4.24927     0.7369     0.3852
 -4.23386     0.8532     0.4388
 -4.21845     0.8795     0.4456
 -4.20303     0.8124     0.4037
 -4.18762     0.7663     0.3692
 -4.17221     0.7662     0.3547
 -4.15679     0.8202     0.3631
 -4.14138     1.0009     0.4213
 -4.12597     1.2551     0.5077
 -4.11055     1.4292     0.5632
 -4.09514     1.4916     0.5750
 -4.07973     1.4698     0.5523
 -4.06431     1.4817     0.5377
 -4.04890     1.6091     0.5576
 -4.03349     1.8338     0.6011
 -4.01807     2.1493     0.6653
 -4.00266     2.5063     0.7388
 -3.98725     2.7871     0.7961
 -3.97183     2.9252     0.8239
 -3.95642     2.9226     0.8224
 -3.94101     2.7791     0.7917
 -3.92559     2.4946     0.7317
 -3.91018     2.0999     0.6486
 -3.89477     1.7197     0.5681
 -3.87935     1.5513     0.5381
 -3.86394     1.5315     0.5391
 -3.84853     1.4978     0.5302
 -3.83311     1.4591     0.5196
 -3.81770     1.4200     0.5086
 -3.80229     1.3805     0.4973
 -3.78687     1.3406     0.4857
 -3.77146     1.3002     0.4739
 -3.75605     1.2592     0.4616
 -3.74063     1.2176     0.4488
 -3.72522     1.1753     0.4356
 -3.70981     1.1324     0.4219
 -3.69439     1.0888     0.4078
 -3.67898     1.0454     0.3933
 -3.66357     1.0023     0.3784
 -3.64815     0.9590     0.3631
 -3.63274     0.9154     0.3474
 -3.61733     0.8713     0.3313
 -3.60191     0.8269     0.3148
 -3.58650     0.7821     0.2978
 -3.57109     0.7369     0.2805
 -3.55567     0.6913     0.2627
 -3.54026     0.6454     0.2444
 -3.52485     0.5990     0.2258
 -3.50943     0.5524     0.2067
 -3.49402     0.5054     0.1873
 -3.47861     0.4594     0.1680
 -3.46319     0.4236     0.1526
 -3.44778     0.4007     0.1422
 -3.43237     0.3840     0.1339
 -3.41695     0.3719     0.1269
 -3.40154     0.3643     0.1212
 -3.38613     0.3613     0.1169
 -3.37071     0.3627     0.1139
 -3.35530     0.3673     0.1119
 -3.33989     0.3739     0.1105
 -3.32447     0.3818     0.1096
 -3.30906     0.3913     0.1092
 -3.29365     0.4023     0.1093
 -3.27823     0.4149     0.1100
 -3.26282     0.4289     0.1111
 -3.24741     0.4440     0.1127
 -3.23199     0.4600     0.1146
 -3.21658     0.4770     0.1170
 -3.20117     0.4947     0.1196
 -3.18575     0.5133     0.1227
 -3.17034     0.5327     0.1260
 -3.15493     0.5529     0.1298
 -3.13951     0.5740     0.1339
 -3.12410     0.5959     0.1384
 -3.10869     0.6187     0.1432
 -3.09327     0.6423     0.1484
 -3.07786     0.6667     0.1539
 -3.06245     0.6912     0.1597
 -3.04703     0.7144     0.1655
 -3.03162     0.7355     0.1713
 -3.01621     0.7553     0.1776
 -3.00079     0.7768     0.1865
 -2.98538     0.8002     0.1982
 -2.96997     0.8219     0.2101
 -2.95455     0.8403     0.2213
 -2.93914     0.8555     0.2317
 -2.92373     0.8673     0.2413
 -2.90831     0.8758     0.2503
 -2.89290     0.8809     0.2584
 -2.87749     0.8826     0.2658
 -2.86207     0.8808     0.2724
 -2.84666     0.8757     0.2783
 -2.83125     0.8672     0.2834
 -2.81583     0.8553     0.2878
 -2.80042     0.8398     0.2914
 -2.78501     0.8216     0.2944
 -2.76959     0.8085     0.2982
 -2.75418     0.8030     0.3029
 -2.73877     0.8014     0.3077
 -2.72335     0.8087     0.3135
 -2.70794     0.8230     0.3203
 -2.69253     0.8372     0.3269
 -2.67711     0.8510     0.3333
 -2.66170     0.8643     0.3395
 -2.64629     0.8771     0.3454
 -2.63087     0.8894     0.3510
 -2.61546     0.9009     0.3562
 -2.60005     0.9112     0.3610
 -2.58463     0.9202     0.3655
 -2.56922     0.9290     0.3696
 -2.55381     0.9375     0.3734
 -2.53839     0.9458     0.3768
 -2.52298     0.9539     0.3800
 -2.50757     0.9620     0.3829
 -2.49215     0.9702     0.3855
 -2.47674     0.9788     0.3878
 -2.46133     0.9902     0.3900
 -2.44591     1.0060     0.3921
 -2.43050     1.0250     0.3942
 -2.41509     1.0466     0.3961
 -2.39967     1.0707     0.3979
 -2.38426     1.0973     0.3996
 -2.36885     1.1265     0.4011
 -2.35343     1.1584     0.4025
 -2.33802     1.1937     0.4042
 -2.32261     1.2321     0.4061
 -2.30719     1.2715     0.4076
 -2.29178     1.3104     0.4088
 -2.27637     1.3488     0.4096
 -2.26095     1.3868     0.4100
 -2.24554     1.4243     0.4099
 -2.23013     1.4614     0.4095
 -2.21471     1.4981     0.4087
 -2.19930     1.5365     0.4088
 -2.18389     1.5783     0.4106
 -2.16847     1.6214     0.4131
 -2.15306     1.6645     0.4155
 -2.13765     1.7077     0.4179
 -2.12223     1.7508     0.4201
 -2.10682     1.7916     0.4221
 -2.09141     1.8253     0.4235
 -2.07599     1.8497     0.4244
 -2.06058     1.8658     0.4251
 -2.04517     1.8751     0.4267
 -2.02975     1.8768     0.4291
 -2.01434     1.8694     0.4312
 -1.99893     1.8525     0.4326
 -1.98351     1.8262     0.4335
 -1.96810     1.7903     0.4337
 -1.95269     1.7451     0.4333
 -1.93727     1.6903     0.4324
 -1.92186     1.6372     0.4314
 -1.90645     1.6036     0.4315
 -1.89103     1.5827     0.4321
 -1.87562     1.5615     0.4325
 -1.86021     1.5400     0.4327
 -1.84479     1.5181     0.4327
 -1.82938     1.4957     0.4325
 -1.81397     1.4730     0.4321
 -1.79855     1.4529     0.4316
 -1.78314     1.4421     0.4315
 -1.76773     1.4379     0.4316
 -1.75231     1.4217     0.4301
 -1.73690     1.3887     0.4266
 -1.72149     1.3570     0.4234
 -1.70607     1.3372     0.4219
 -1.69066     1.3254     0.4215
 -1.67525     1.3164     0.4213
 -1.65983     1.3074     0.4211
 -1.64442     1.2981     0.4208
 -1.62901     1.2886     0.4204
 -1.61359     1.2788     0.4198
 -1.59818     1.2687     0.4192
 -1.58277     1.2584     0.4184
 -1.56735     1.2480     0.4176
 -1.55194     1.2386     0.4175
 -1.53653     1.2317     0.4187
 -1.52111     1.2304     0.4223
 -1.50570     1.2348     0.4275
 -1.49029     1.2404     0.4326
 -1.47487     1.2455     0.4374
 -1.45946     1.2501     0.4419
 -1.44405     1.2552     0.4468
 -1.42863     1.2608     0.4522
 -1.41322     1.2661     0.4574
 -1.39781     1.2708     0.4624
 -1.38239     1.2751     0.4671
 -1.36698     1.2789     0.4715
 -1.35157     1.2818     0.4753
 -1.33615     1.2835     0.4785
 -1.32074     1.2845     0.4812
 -1.30533     1.2859     0.4840
 -1.28991     1.2885     0.4869
 -1.27450     1.2924     0.4904
 -1.25909     1.2979     0.4943
 -1.24367     1.3048     0.4989
 -1.22826     1.3127     0.5037
 -1.21285     1.3204     0.5084
 -1.19743     1.3270     0.5126
 -1.18202     1.3326     0.5163
 -1.16661     1.3371     0.5194
 -1.15119     1.3405     0.5221
 -1.13578     1.3428     0.5242
 -1.12037     1.3441     0.5258
 -1.10495     1.3444     0.5269
 -1.08954     1.3435     0.5275
 -1.07413     1.3415     0.5275
 -1.05871     1.3373     0.5266
 -1.04330     1.3308     0.5247
 -1.02789     1.3236     0.5224
 -1.01247     1.3161     0.5200
 -0.99706     1.3083     0.5176
 -0.98165     1.3002     0.5150
 -0.96623     1.2919     0.5122
 -0.95082     1.2833     0.5094
 -0.93541     1.2744     0.5064
 -0.91999     1.2653     0.5033
 -0.90458     1.2560     0.5002
 -0.88917     1.2466     0.4968
 -0.87375     1.2370     0.4934
 -0.85834     1.2257     0.4890
 -0.84293     1.2106     0.4826
 -0.82751     1.1934     0.4750
 -0.81210     1.1760     0.4673
 -0.79669     1.1587     0.4595
 -0.78127     1.1415     0.4516
 -0.76586     1.1244     0.4435
 -0.75045     1.1073     0.4354
 -0.73503     1.0903     0.4271
 -0.71962     1.0734     0.4187
 -0.70421     1.0566     0.4102
 -0.68879     1.0397     0.4015
 -0.67338     1.0224     0.3926
 -0.65797     1.0047     0.3832
 -0.64255     0.9868     0.3737
 -0.62714     0.9689     0.3641
 -0.61173     0.9510     0.3543
 -0.59631     0.9331     0.3444
 -0.58090     0.9160     0.3348
 -0.56549     0.9035     0.3269
 -0.55007     0.8952     0.3205
 -0.53466     0.8875     0.3143
 -0.51925     0.8802     0.3082
 -0.50383     0.8732     0.3020
 -0.48842     0.8666     0.2959
 -0.47301     0.8602     0.2898
 -0.45759     0.8545     0.2839
 -0.44218     0.8528     0.2799
 -0.42677     0.8572     0.2790
 -0.41135     0.8659     0.2802
 -0.39594     0.8784     0.2834
 -0.38053     0.8948     0.2885
 -0.36511     0.9144     0.2952
 -0.34970     0.9354     0.3026
 -0.33429     0.9484     0.3069
 -0.31887     0.9495     0.3065
 -0.30346     0.9465     0.3045
 -0.28805     0.9427     0.3020
 -0.27263     0.9386     0.2992
 -0.25722     0.9344     0.2964
 -0.24181     0.9298     0.2934
 -0.22639     0.9248     0.2902
 -0.21098     0.9194     0.2868
 -0.19557     0.9134     0.2832
 -0.18015     0.9070     0.2793
 -0.16474     0.9001     0.2753
 -0.14933     0.8926     0.2710
 -0.13391     0.8843     0.2665
 -0.11850     0.8752     0.2618
 -0.10309     0.8653     0.2568
 -0.08767     0.8549     0.2516
 -0.07226     0.8439     0.2462
 -0.05685     0.8322     0.2405
 -0.04143     0.8200     0.2346
 -0.02602     0.8071     0.2284
 -0.01061     0.7936     0.2220
  0.00481     0.7795     0.2154
  0.02022     0.7650     0.2086
  0.03563     0.7501     0.2016
  0.05105     0.7348     0.1944
  0.06646     0.7194     0.1871
  0.08187     0.7041     0.1796
  0.09729     0.6893     0.1720
  0.11270     0.6749     0.1643
  0.12811     0.6608     0.1564
  0.14353     0.6472     0.1483
  0.15894     0.6339     0.1401
  0.17435     0.6211     0.1318
  0.18977     0.6086     0.1233
  0.20518     0.5966     0.1147
  0.22059     0.5849     0.1059
  0.23601     0.5737     0.0970
  0.25142     0.5636     0.0882
  0.26683     0.5556     0.0799
  0.28225     0.5512     0.0723
  0.29766     0.5503     0.0655
  0.31307     0.5523     0.0594
  0.32849     0.5590     0.0542
  0.34390     0.5700     0.0499
  0.35931     0.5823     0.0462
  0.37473     0.5955     0.0432
  0.39014     0.6127     0.0421
  0.40555     0.6329     0.0428
  0.42097     0.6514     0.0438
  0.43638     0.6673     0.0446
  0.45179     0.6810     0.0453
  0.46721     0.6933     0.0459
  0.48262     0.7048     0.0466
  0.49803     0.7158     0.0473
  0.51345     0.7262     0.0481
  0.52886     0.7361     0.0488
  0.54427     0.7453     0.0497
  0.55969     0.7540     0.0505
  0.57510     0.7621     0.0514
  0.59051     0.7698     0.0523
  0.60593     0.7781     0.0533
  0.62134     0.7879     0.0543
  0.63675     0.7992     0.0553
  0.65217     0.8119     0.0564
  0.66758     0.8262     0.0575
  0.68299     0.8420     0.0586
  0.69841     0.8597     0.0598
  0.71382     0.8824     0.0616
  0.72923     0.9074     0.0638
  0.74465     0.9293     0.0659
  0.76006     0.9497     0.0679
  0.77547     0.9696     0.0699
  0.79089     0.9892     0.0718
  0.80630     1.0084     0.0736
  0.82171     1.0267     0.0754
  0.83713     1.0442     0.0771
  0.85254     1.0607     0.0787
  0.86795     1.0760     0.0802
  0.88337     1.0896     0.0816
  0.89878     1.1013     0.0829
  0.91419     1.1120     0.0841
  0.92961     1.1222     0.0853
  0.94502     1.1319     0.0864
  0.96043     1.1412     0.0875
  0.97585     1.1500     0.0886
  0.99126     1.1584     0.0897
  1.00667     1.1662     0.0907
  1.02209     1.1736     0.0917
  1.03750     1.1806     0.0927
  1.05291     1.1877     0.0937
  1.06833     1.2782     0.1031
  1.08374     1.4563     0.1213
  1.09915     1.5628     0.1328
  1.11457     1.5415     0.1317
  1.12998     1.4743     0.1258
  1.14539     1.4354     0.1215
  1.16081     1.4253     0.1194
  1.17622     1.4259     0.1180
  1.19163     1.4363     0.1175
  1.20705     1.4565     0.1179
  1.22246     1.4863     0.1190
  1.23787     1.5259     0.1209
  1.25329     1.5751     0.1237
  1.26870     1.6341     0.1273
  1.28411     1.7031     0.1317
  1.29953     1.7849     0.1371
  1.31494     1.8880     0.1441
  1.33035     2.0352     0.1544
  1.34577     2.2477     0.1698
  1.36118     2.5098     0.1888
  1.37659     2.7646     0.2069
  1.39201     2.9728     0.2211
  1.40742     3.1328     0.2313
  1.42283     3.2541     0.2378
  1.43825     3.3444     0.2414
  1.45366     3.4029     0.2422
  1.46907     3.4388     0.2410
  1.48449     3.4701     0.2388
  1.49990     3.5120     0.2368
  1.51531     3.5847     0.2361
  1.53073     3.8018     0.2442
  1.54614     4.1807     0.2620
  1.56155     4.6097     0.2819
  1.57697     5.0397     0.3017
  1.59238     5.4004     0.3163
  1.60779     5.4805     0.3057
  1.62321     5.0134     0.2524
  1.63862     4.4804     0.1986
  1.65403     4.3328     0.1742
  1.66945     4.3896     0.1576
  1.68486     4.3753     0.1378
  1.70027     4.0433     0.1106
  1.71569     3.4093     0.0784
  1.73110     2.4839     0.0477
  1.74651     1.2228     0.0216
  1.76193     0.2579     0.0066
  1.77734     0.0133     0.0035
  1.79275     0.0136     0.0036
  1.80817     0.0140     0.0037
  1.82358     0.0144     0.0038
  1.83899     0.0147     0.0039
  1.85441     0.0151     0.0040
  1.86982     0.0155     0.0041
  1.88523     0.0159     0.0042
  1.90065     0.0163     0.0043
  1.91606     0.0167     0.0044
  1.93147     0.0171     0.0045
  1.94689     0.0175     0.0046
  1.96230     0.0180     0.0047
  1.97771     0.0184     0.0048
  1.99313     0.0188     0.0049
  2.00854     0.0193     0.0051
  2.02395     0.0197     0.0052
  2.03937     0.0202     0.0053
  2.05478     0.0206     0.0054
  2.07019     0.0211     0.0056
  2.08561     0.0215     0.0058
  2.10102     0.0220     0.0060
  2.11643     0.0225     0.0062
  2.13185     0.0229     0.0064
  2.14726     0.0234     0.0066
  2.16267     0.0239     0.0068
  2.17809     0.0244     0.0070
  2.19350     0.0248     0.0073
  2.20891     0.0253     0.0075
  2.22433     0.0258     0.0077
  2.23974     0.0263     0.0079
  2.25515     0.0268     0.0081
  2.27057     0.0273     0.0083
  2.28598     0.0279     0.0086
  2.30139     0.0284     0.0088
  2.31681     0.0289     0.0090
  2.33222     0.0294     0.0092
  2.34763     0.0300     0.0094
  2.36305     0.0305     0.0096
  2.37846     0.0310     0.0099
  2.39387     0.0316     0.0101
  2.40929     0.0321     0.0103
  2.42470     0.0327     0.0105
  2.44011     0.0332     0.0107
  2.45553     0.0338     0.0110
  2.47094     0.0343     0.0112
  2.48635     0.0349     0.0114
  2.50177     0.0355     0.0116
  2.51718     0.0361     0.0118
  2.53259     0.0366     0.0121
  2.54801     0.0372     0.0123
  2.56342     0.0378     0.0125
  2.57883     0.0384     0.0127
  2.59425     0.0390     0.0130
  2.60966     0.0396     0.0132
  2.62507     0.0402     0.0134
  2.64049     0.0408     0.0136
  2.65590     0.0415     0.0139
  2.67131     0.0421     0.0141
  2.68673     0.0427     0.0143
  2.70214     0.0433     0.0145
  2.71755     0.0440     0.0148
  2.73297     0.0446     0.0150
  2.74838     0.0452     0.0152
  2.76379     0.0459     0.0155
  2.77921     0.0465     0.0158
  2.79462     0.0472     0.0161
  2.81003     0.0479     0.0164
  2.82545     0.0485     0.0168
  2.84086     0.0492     0.0171
  2.85627     0.0499     0.0174
  2.87169     0.0506     0.0177
  2.88710     0.0512     0.0181
  2.90251     0.0519     0.0184
  2.91793     0.0526     0.0187
  2.93334     0.0533     0.0190
  2.94875     0.0540     0.0194
  2.96417     0.0547     0.0197
  2.97958     0.0554     0.0200
  2.99499     0.0561     0.0203
  3.01041     0.0568     0.0207
  3.02582     0.0575     0.0210
  3.04123     0.0582     0.0213
  3.05665     0.0589     0.0216
  3.07206     0.0596     0.0220
  3.08747     0.0603     0.0223
  3.10289     0.0611     0.0226
  3.11830     0.0618     0.0229
  3.13371     0.0625     0.0233
  3.14913     0.0632     0.0236
  3.16454     0.0640     0.0239
  3.17995     0.0647     0.0242
  3.19537     0.0654     0.0246
  3.21078     0.0662     0.0249
  3.22619     0.0669     0.0252
  3.24161     0.0677     0.0255
  3.25702     0.0684     0.0259
  3.27243     0.0692     0.0262
  3.28785     0.0699     0.0265
  3.30326     0.0707     0.0268
  3.31867     0.0714     0.0272
  3.33409     0.0722     0.0275
  3.34950     0.0730     0.0278
  3.36491     0.0737     0.0281
  3.38033     0.0745     0.0285
  3.39574     0.0753     0.0288
  3.41115     0.0760     0.0291
  3.42657     0.0768     0.0294
  3.44198     0.0776     0.0298
  3.45739     0.0784     0.0301
  3.47281     0.0792     0.0304
  3.48822     0.0800     0.0307
  3.50363     0.0808     0.0311
  3.51905     0.0816     0.0314
  3.53446     0.0824     0.0317
  3.54987     0.0832     0.0321
  3.56529     0.0840     0.0324
  3.58070     0.0848     0.0327
  3.59611     0.0856     0.0331
  3.61153     0.0865     0.0334
  3.62694     0.0873     0.0337
  3.64235     0.0881     0.0341
  3.65777     0.0889     0.0344
  3.67318     0.0898     0.0348
  3.68859     0.0906     0.0351
  3.70401     0.0915     0.0355
  3.71942     0.0923     0.0358
  3.73483     0.0932     0.0362
  3.75025     0.0940     0.0365
  3.76566     0.0949     0.0369
  3.78107     0.0958     0.0372
  3.79649     0.0967     0.0376
  3.81190     0.0975     0.0379
  3.82731     0.0984     0.0383
  3.84273     0.0994     0.0387
  3.85814     0.1003     0.0391
  3.87355     0.1013     0.0395
  3.88897     0.1023     0.0399
  3.90438     0.1033     0.0403
  3.91979     0.1043     0.0407
  3.93521     0.1054     0.0412
  3.95062     0.1064     0.0416
  3.96603     0.1075     0.0421
  3.98145     0.1086     0.0425
  3.99686     0.1098     0.0430
  4.01227     0.1110     0.0435
  4.02769     0.1122     0.0440
  4.04310     0.1135     0.0445
  4.05851     0.1148     0.0450
  4.07393     0.1161     0.0455
  4.08934     0.1174     0.0460
  4.10475     0.1188     0.0465
  4.12017     0.1203     0.0471
  4.13558     0.1217     0.0476
  4.15099     0.1232     0.0482
  4.16641     0.1248     0.0487
  4.18182     0.1263     0.0493
  4.19723     0.1279     0.0499
  4.21265     0.1296     0.0504
  4.22806     0.1312     0.0510
  4.24347     0.1329     0.0516
  4.25889     0.1347     0.0522
  4.27430     0.1364     0.0528
  4.28971     0.1383     0.0535
  4.30513     0.1401     0.0541
  4.32054     0.1419     0.0547
  4.33595     0.1438     0.0554
  4.35137     0.1456     0.0560
  4.36678     0.1475     0.0566
  4.38219     0.1493     0.0572
  4.39761     0.1512     0.0579
  4.41302     0.1530     0.0585
  4.42843     0.1548     0.0591
  4.44385     0.1567     0.0597
  4.45926     0.1585     0.0604
  4.47467     0.1603     0.0610
  4.49009     0.1622     0.0616
  4.50550     0.1640     0.0623
  4.52091     0.1659     0.0629
  4.53633     0.1678     0.0636
  4.55174     0.1696     0.0642
  4.56715     0.1715     0.0649
  4.58257     0.1735     0.0655
  4.59798     0.1754     0.0662
  4.61339     0.1774     0.0669
  4.62881     0.1794     0.0676
  4.64422     0.1814     0.0683
  4.65963     0.1835     0.0690
  4.67505     0.1856     0.0697
  4.69046     0.1878     0.0705
  4.70587     0.1900     0.0712
  4.72129     0.1923     0.0720
  4.73670     0.1946     0.0728
  4.75211     0.1970     0.0736
  4.76753     0.1995     0.0744
  4.78294     0.2020     0.0752
  4.79835     0.2045     0.0760
  4.81377     0.2071     0.0768
  4.82918     0.2098     0.0777
  4.84459     0.2126     0.0786
  4.86001     0.2153     0.0794
  4.87542     0.2182     0.0803
  4.89083     0.2211     0.0812
  4.90625     0.2241     0.0821
  4.92166     0.2272     0.0831
  4.93707     0.2304     0.0840
  4.95249     0.2337     0.0850
  4.96790     0.2371     0.0860
  4.98331     0.2407     0.0870
  4.99873     0.2443     0.0880
  5.01414     0.2481     0.0890
  5.02955     0.2520     0.0901
  5.04497     0.2560     0.0911
  5.06038     0.2601     0.0922
  5.07579     0.2643     0.0933
  5.09121     0.2686     0.0944
  5.10662     0.2731     0.0955
  5.12203     0.2776     0.0967
  5.13745     0.2823     0.0979
  5.15286     0.2871     0.0991
  5.16827     0.2919     0.1003
  5.18369     0.2969     0.1015
  5.19910     0.3019     0.1027
  5.21451     0.3068     0.1039
  5.22993     0.3116     0.1050
  5.24534     0.3163     0.1062
  5.26075     0.3210     0.1073
  5.27617     0.3256     0.1084
  5.29158     0.3301     0.1095
  5.30699     0.3345     0.1106
  5.32241     0.3388     0.1116
  5.33782     0.3431     0.1126
  5.35323     0.3473     0.1137
  5.36865     0.3514     0.1146
  5.38406     0.3554     0.1156
  5.39947     0.3593     0.1166
  5.41489     0.3632     0.1175
  5.43030     0.3669     0.1184
  5.44571     0.3706     0.1193
  5.46113     0.3742     0.1201
  5.47654     0.3777     0.1210
  5.49195     0.3810     0.1217
  5.50737     0.3841     0.1223
  5.52278     0.3869     0.1230
  5.53819     0.3895     0.1236
  5.55361     0.3920     0.1241
  5.56902     0.3942     0.1247
  5.58443     0.3962     0.1252
  5.59985     0.3980     0.1256
  5.61526     0.3997     0.1261
  5.63067     0.4011     0.1265
  5.64609     0.4023     0.1269
  5.66150     0.4033     0.1272
  5.67691     0.4045     0.1275
  5.69233     0.4061     0.1276
  5.70774     0.4077     0.1277
  5.72315     0.4090     0.1276
  5.73857     0.4101     0.1275
  5.75398     0.4110     0.1273
  5.76939     0.4117     0.1270
  5.78481     0.4120     0.1266
  5.80022     0.4116     0.1260
  5.81563     0.4107     0.1253
  5.83105     0.4097     0.1246
  5.84646     0.4088     0.1239
  5.86187     0.4079     0.1233
  5.87729     0.4071     0.1227
  5.89270     0.4064     0.1221
  5.90811     0.4059     0.1217
  5.92353     0.4057     0.1213
  5.93894     0.4058     0.1210
  5.95435     0.4062     0.1208
  5.96977     0.4068     0.1206
  5.98518     0.4078     0.1206
  6.00059     0.4089     0.1206
  6.01601     0.4102     0.1206
  6.03142     0.4114     0.1207
  6.04683     0.4125     0.1208
  6.06225     0.4136     0.1209
  6.07766     0.4147     0.1211
  6.09307     0.4157     0.1212
  6.10849     0.4167     0.1214
  6.12390     0.4176     0.1216
  6.13931     0.4185     0.1217
  6.15473     0.4191     0.1218
  6.17014     0.4196     0.1218
  6.18555     0.4200     0.1217
  6.20097     0.4203     0.1216
  6.21638     0.4205     0.1216
  6.23179     0.4205     0.1214
  6.24721     0.4205     0.1213
  6.26262     0.4203     0.1211
  6.27803     0.4200     0.1209
  6.29345     0.4196     0.1207
  6.30886     0.4190     0.1204
  6.32427     0.4184     0.1201
  6.33969     0.4176     0.1198
  6.35510     0.4167     0.1194
  6.37051     0.4159     0.1191
  6.38593     0.4156     0.1187
  6.40134     0.4156     0.1183
  6.41675     0.4156     0.1178
  6.43217     0.4156     0.1174
  6.44758     0.4157     0.1170
  6.46299     0.4162     0.1166
  6.47841     0.4168     0.1163
  6.49382     0.4173     0.1160
  6.50923     0.4176     0.1156
  6.52465     0.4178     0.1151
  6.54006     0.4178     0.1147
  6.55547     0.4177     0.1141
  6.57089     0.4174     0.1136
  6.58630     0.4170     0.1130
  6.60171     0.4164     0.1123
  6.61713     0.4157     0.1116
  6.63254     0.4149     0.1109
  6.64795     0.4139     0.1101
  6.66337     0.4128     0.1093
  6.67878     0.4115     0.1085
  6.69419     0.4100     0.1076
  6.70961     0.4083     0.1065
  6.72502     0.4060     0.1052
  6.74043     0.4034     0.1038
  6.75585     0.4007     0.1025
  6.77126     0.3980     0.1013
  6.78667     0.3951     0.1002
  6.80209     0.3921     0.0992
  6.81750     0.3891     0.0982
  6.83291     0.3859     0.0973
  6.84833     0.3826     0.0965
  6.86374     0.3793     0.0958
  6.87915     0.3759     0.0950
  6.89457     0.3726     0.0942
  6.90998     0.3692     0.0934
  6.92539     0.3658     0.0926
  6.94081     0.3624     0.0918
  6.95622     0.3589     0.0910
  6.97163     0.3555     0.0902
  6.98705     0.3520     0.0894
  7.00246     0.3485     0.0885
  7.01787     0.3450     0.0877
  7.03329     0.3415     0.0869
  7.04870     0.3380     0.0860
  7.06411     0.3344     0.0852
  7.07953     0.3309     0.0843
  7.09494     0.3273     0.0834
  7.11035     0.3237     0.0825
  7.12577     0.3201     0.0816
  7.14118     0.3165     0.0807
  7.15659     0.3128     0.0798
  7.17201     0.3091     0.0789
  7.18742     0.3055     0.0780
  7.20283     0.3018     0.0771
  7.21825     0.2981     0.0761
  7.23366     0.2943     0.0752
  7.24907     0.2906     0.0742
  7.26449     0.2868     0.0733
  7.27990     0.2831     0.0723
  7.29531     0.2793     0.0713
  7.31073     0.2755     0.0703
  7.32614     0.2716     0.0694
  7.34155     0.2678     0.0684
  7.35697     0.2639     0.0673
  7.37238     0.2601     0.0663
  7.38779     0.2560     0.0653
  7.40321     0.2520     0.0642
  7.41862     0.2482     0.0631
  7.43403     0.2441     0.0620
  7.44945     0.2397     0.0608
  7.46486     0.2349     0.0595
  7.48027     0.2297     0.0581
  7.49569     0.2242     0.0565
  7.51110     0.2182     0.0549
  7.52651     0.2119     0.0531
  7.54193     0.2052     0.0513
  7.55734     0.1981     0.0493
  7.57275     0.1906     0.0473
  7.58817     0.1827     0.0451
  7.60358     0.1744     0.0428
  7.61899     0.1658     0.0405
  7.63441     0.1572     0.0381
  7.64982     0.1520     0.0367
  7.66523     0.1526     0.0371
  7.68065     0.1572     0.0390
  7.69606     0.1629     0.0415
  7.71147     0.1688     0.0440
  7.72689     0.1748     0.0466
  7.74230     0.1809     0.0492
  7.75771     0.1872     0.0520
  7.77313     0.1936     0.0548
  7.78854     0.2001     0.0577
  7.80395     0.2068     0.0607
  7.81937     0.2136     0.0637
  7.83478     0.2205     0.0669
  7.85019     0.2276     0.0701
  7.86561     0.2348     0.0733
  7.88102     0.2421     0.0767
  7.89643     0.2495     0.0801
  7.91185     0.2571     0.0836
  7.92726     0.2645     0.0871
  7.94267     0.2717     0.0904
  7.95809     0.2787     0.0937
  7.97350     0.2853     0.0968
  7.98891     0.2918     0.0999
  8.00433     0.2979     0.1028
  8.01974     0.3037     0.1056
  8.03515     0.3093     0.1083
  8.05057     0.3146     0.1109
  8.06598     0.3197     0.1133
  8.08139     0.3245     0.1157
  8.09681     0.3290     0.1179
  8.11222     0.3332     0.1201
  8.12763     0.3372     0.1221
  8.14305     0.3408     0.1240
  8.15846     0.3443     0.1258
  8.17387     0.3474     0.1275
  8.18929     0.3503     0.1291
  8.20470     0.3529     0.1306
  8.22011     0.3552     0.1319
  8.23553     0.3573     0.1332
  8.25094     0.3591     0.1343
  8.26635     0.3606     0.1353
  8.28177     0.3618     0.1362
  8.29718     0.3628     0.1370
  8.31259     0.3635     0.1377
  8.32801     0.3639     0.1383
  8.34342     0.3634     0.1386
  8.35883     0.3616     0.1385
  8.37425     0.3603     0.1391
  8.38966     0.3622     0.1418
  8.40507     0.3648     0.1452
  8.42049     0.3652     0.1478
  8.43590     0.3632     0.1496
  8.45131     0.3592     0.1507
  8.46673     0.3581     0.1522
  8.48214     0.3623     0.1547
  8.49755     0.3675     0.1572
  8.51297     0.3718     0.1593
  8.52838     0.3751     0.1609
  8.54379     0.3774     0.1620
  8.55921     0.3787     0.1626
  8.57462     0.3815     0.1637
  8.59003     0.3881     0.1660
  8.60545     0.3959     0.1688
  8.62086     0.4029     0.1711
  8.63627     0.4090     0.1730
  8.65169     0.4142     0.1744
  8.66710     0.4186     0.1755
  8.68251     0.4221     0.1761
  8.69793     0.4248     0.1763
  8.71334     0.4267     0.1762
  8.72875     0.4288     0.1762
  8.74417     0.4318     0.1766
  8.75958     0.4359     0.1775
  8.77499     0.4411     0.1790
  8.79041     0.4474     0.1809
  8.80582     0.4541     0.1832
  8.82123     0.4602     0.1852
  8.83665     0.4657     0.1870
  8.85206     0.4710     0.1887
  8.86747     0.4762     0.1903
  8.88289     0.4812     0.1919
  8.89830     0.4860     0.1935
  8.91371     0.4908     0.1950
  8.92913     0.4953     0.1964
  8.94454     0.4998     0.1978
  8.95995     0.5080     0.2011
  8.97537     0.5441     0.2184
  8.99078     0.6042     0.2476
  9.00619     0.6589     0.2743
  9.02161     0.7034     0.2959
  9.03702     0.7377     0.3123
  9.05243     0.7617     0.3237
  9.06785     0.7755     0.3300
  9.08326     0.7791     0.3312
  9.09867     0.7724     0.3273
  9.11409     0.7555     0.3183
  9.12950     0.7284     0.3042
  9.14491     0.6910     0.2850
  9.16033     0.6452     0.2616
  9.17574     0.6068     0.2409
  9.19115     0.5841     0.2274
  9.20657     0.5693     0.2179
  9.22198     0.5601     0.2118
  9.23739     0.5565     0.2089
  9.25281     0.5571     0.2084
  9.26822     0.5595     0.2089
  9.28363     0.5658     0.2113
  9.29905     0.5768     0.2160
  9.31446     0.5889     0.2213
  9.32987     0.6007     0.2264
  9.34529     0.6120     0.2314
  9.36070     0.6229     0.2361
  9.37611     0.6333     0.2406
  9.39153     0.6434     0.2448
  9.40694     0.6530     0.2489
  9.42235     0.6621     0.2527
  9.43777     0.6707     0.2563
  9.45318     0.6789     0.2597
  9.46859     0.6865     0.2628
  9.48401     0.6937     0.2657
  9.49942     0.7005     0.2684
  9.51483     0.7067     0.2708
  9.53025     0.7125     0.2730
  9.54566     0.7178     0.2750
  9.56107     0.7226     0.2767
  9.57649     0.7269     0.2782
  9.59190     0.7585     0.2905
  9.60731     0.8736     0.3359
  9.62273     0.9874     0.3801
  9.63814     0.9789     0.3743
  9.65355     0.8901     0.3361
  9.66897     0.8280     0.3094
  9.68438     0.8466     0.3208
  9.69979     0.9088     0.3552
  9.71521     0.9658     0.3865
  9.73062     1.0010     0.4058
  9.74603     1.0143     0.4133
  9.76145     1.0066     0.4091
  9.77686     0.9779     0.3934
  9.79227     0.9283     0.3661
  9.80769     0.8599     0.3285
  9.82310     0.7878     0.2893
  9.83851     0.7294     0.2583
  9.85393     0.6884     0.2377
  9.86934     0.6599     0.2243
  9.88475     0.6362     0.2136
  9.90017     0.6140     0.2035
  9.91558     0.5934     0.1941
  9.93099     0.5743     0.1853
  9.94641     0.5568     0.1773
  9.96182     0.5411     0.1700
  9.97723     0.5271     0.1634
  9.99265     0.5153     0.1578
 10.00806     0.5068     0.1538
 10.02347     0.5008     0.1510
 10.03889     0.4952     0.1484
 10.05430     0.4899     0.1459
 10.06971     0.4849     0.1436
 10.08513     0.4803     0.1414
 10.10054     0.4759     0.1393
 10.11595     0.4719     0.1374
 10.13137     0.4682     0.1356
 10.14678     0.4647     0.1340
 10.16219     0.4617     0.1325
 10.17761     0.4593     0.1312
 10.19302     0.4574     0.1301
 10.20843     0.4560     0.1291
 10.22385     0.4548     0.1283
 10.23926     0.4541     0.1276
 10.25467     0.4536     0.1271
 10.27009     0.4535     0.1267
 10.28550     0.4538     0.1264
 10.30091     0.4544     0.1263
 10.31633     0.4554     0.1263
 10.33174     0.4567     0.1264
 10.34715     0.4583     0.1267
 10.36257     0.4602     0.1271
 10.37798     0.4624     0.1276
 10.39339     0.4650     0.1282
 10.40881     0.4678     0.1290
 10.42422     0.4709     0.1299
 10.43963     0.4744     0.1308
 10.45505     0.4781     0.1319
 10.47046     0.4821     0.1331
 10.48587     0.4864     0.1345
 10.50129     0.4910     0.1359
 10.51670     0.4959     0.1374
 10.53211     0.5024     0.1395
 10.54753     0.5197     0.1449
 10.56294     0.5457     0.1530
 10.57835     0.5690     0.1601
 10.59377     0.5875     0.1656
 10.60918     0.6012     0.1694
 10.62459     0.6100     0.1715
 10.64001     0.6140     0.1720
 10.65542     0.6132     0.1709
 10.67083     0.6076     0.1681
 10.68625     0.5971     0.1637
 10.70166     0.5818     0.1576
 10.71707     0.5617     0.1498
 10.73249     0.5421     0.1423
 10.74790     0.5324     0.1381
 10.76331     0.5296     0.1363
 10.77873     0.5264     0.1342
 10.79414     0.5228     0.1319
 10.80955     0.5187     0.1293
 10.82497     0.5141     0.1265
 10.84038     0.5096     0.1237
 10.85579     0.5065     0.1217
 10.87121     0.5046     0.1205
 10.88662     0.5028     0.1194
 10.90203     0.5009     0.1182
 10.91745     0.4988     0.1170
 10.93286     0.4965     0.1157
 10.94827     0.4940     0.1144
 10.96369     0.4913     0.1130
 10.97910     0.4884     0.1115
 10.99451     0.4853     0.1100
 11.00993     0.4820     0.1084
 11.02534     0.4785     0.1067
 11.04075     0.4749     0.1050
 11.05617     0.4710     0.1033
 11.07158     0.4669     0.1014
 11.08699     0.4626     0.0995
 11.10241     0.4581     0.0976
 11.11782     0.4534     0.0956
 11.13323     0.4485     0.0935
 11.14865     0.4434     0.0913
 11.16406     0.4381     0.0891
 11.17947     0.4326     0.0869
 11.19489     0.4274     0.0848
 11.21030     0.4233     0.0831
 11.22571     0.4199     0.0818
 11.24113     0.4166     0.0806
 11.25654     0.4132     0.0793
 11.27195     0.4099     0.0780
 11.28737     0.4067     0.0768
 11.30278     0.4034     0.0755
 11.31819     0.4002     0.0743
 11.33361     0.3970     0.0731
 11.34902     0.3938     0.0719
 11.36443     0.3907     0.0707
 11.37985     0.3876     0.0695
 11.39526     0.3845     0.0683
 11.41067     0.3814     0.0672
 11.42609     0.3784     0.0660
 11.44150     0.3754     0.0649
 11.45691     0.3724     0.0637
 11.47233     0.3694     0.0626
 11.48774     0.3665     0.0615
 11.50315     0.3636     0.0604
 11.51857     0.3607     0.0594
 11.53398     0.3579     0.0583
 11.54939     0.3551     0.0573
 11.56481     0.3523     0.0562
 11.58022     0.3495     0.0552
 11.59563     0.3468     0.0542
 11.61105     0.3440     0.0532
 11.62646     0.3413     0.0522
 11.64187     0.3383     0.0511
 11.65729     0.3348     0.0498
 11.67270     0.3309     0.0482
 11.68811     0.3266     0.0464
 11.70353     0.3218     0.0444
 11.71894     0.3168     0.0423
 11.73435     0.3129     0.0408
 11.74977     0.3099     0.0401
 11.76518     0.3071     0.0395
 11.78059     0.3043     0.0388
 11.79601     0.3016     0.0382
 11.81142     0.2989     0.0376
 11.82683     0.2961     0.0370
 11.84225     0.2933     0.0363
 11.85766     0.2905     0.0357
 11.87307     0.2877     0.0350
 11.88849     0.2850     0.0344
 11.90390     0.2823     0.0338
 11.91931     0.2797     0.0333
 11.93473     0.2770     0.0327
 11.95014     0.2744     0.0321
 11.96555     0.2718     0.0316
 11.98097     0.2692     0.0311
 11.99638     0.2666     0.0305
 12.01179     0.2641     0.0300
 12.02721     0.2615     0.0295
 12.04262     0.2590     0.0291
 12.05803     0.2564     0.0286
 12.07345     0.2539     0.0281
 12.08886     0.2514     0.0277
 12.10427     0.2489     0.0272
 12.11969     0.2465     0.0268
 12.13510     0.2440     0.0264
 12.15051     0.2416     0.0260
 12.16593     0.2391     0.0256
 12.18134     0.2367     0.0252
 12.19675     0.2344     0.0248
 12.21217     0.2320     0.0244
 12.22758     0.2297     0.0240
 12.24299     0.2274     0.0237
 12.25841     0.2251     0.0233
 12.27382     0.2228     0.0229
 12.28923     0.2206     0.0226
 12.30465     0.2184     0.0222
 12.32006     0.2162     0.0219
 12.33547     0.2140     0.0215
 12.35089     0.2115     0.0211
 12.36630     0.2089     0.0207
 12.38171     0.2063     0.0203
 12.39713     0.2038     0.0199
 12.41254     0.2015     0.0196
 12.42795     0.1993     0.0192
 12.44337     0.1973     0.0188
 12.45878     0.1954     0.0185
 12.47419     0.1937     0.0182
 12.48961     0.1921     0.0179
 12.50502     0.1907     0.0176
 12.52043     0.1894     0.0173
 12.53585     0.1883     0.0170
 12.55126     0.1873     0.0168
 12.56667     0.1865     0.0165
 12.58209     0.1858     0.0163
 12.59750     0.1852     0.0160
 12.61291     0.1847     0.0158
 12.62833     0.1844     0.0156
 12.64374     0.1842     0.0154
 12.65915     0.1842     0.0152
 12.67457     0.1842     0.0150
 12.68998     0.1845     0.0148
 12.70539     0.1848     0.0146
 12.72081     0.1853     0.0144
 12.73622     0.1859     0.0142
 12.75163     0.1866     0.0141
 12.76705     0.1875     0.0139
 12.78246     0.2284     0.0192
 12.79787     0.3884     0.0407
 12.81329     0.5185     0.0583
 12.82870     0.4331     0.0468
 12.84411     0.3091     0.0299
 12.85953     0.2842     0.0263
 12.87494     0.2911     0.0270
 12.89035     0.3000     0.0279
 12.90577     0.3107     0.0290
 12.92118     0.3234     0.0303
 12.93659     0.3379     0.0319
 12.95201     0.3544     0.0336
 12.96742     0.3727     0.0355
 12.98283     0.3930     0.0377
 12.99825     0.4152     0.0401
 13.01366     0.4392     0.0427
 13.02907     0.4652     0.0454
 13.04449     0.4930     0.0484
 13.05990     0.5228     0.0516
 13.07531     0.5544     0.0551
 13.09073     0.5879     0.0587
 13.10614     0.6219     0.0623
 13.12155     0.6356     0.0643
 13.13697     0.6233     0.0640
 13.15238     0.6057     0.0632
 13.16779     0.5898     0.0625
 13.18321     0.5757     0.0620
 13.19862     0.5632     0.0616
 13.21403     0.5525     0.0613
 13.22945     0.5435     0.0611
 13.24486     0.5363     0.0610
 13.26027     0.5307     0.0611
 13.27569     0.5270     0.0613
 13.29110     0.5259     0.0617
 13.30651     0.5301     0.0626
 13.32193     0.5373     0.0637
 13.33734     0.5434     0.0647
 13.35275     0.5483     0.0654
 13.36817     0.5521     0.0660
 13.38358     0.5547     0.0664
 13.39899     0.5561     0.0666
 13.41441     0.5564     0.0666
 13.42982     0.5555     0.0665
 13.44523     0.5535     0.0662
 13.46065     0.5504     0.0658
 13.47606     0.5462     0.0652
 13.49147     0.5410     0.0645
 13.50689     0.5347     0.0637
 13.52230     0.5272     0.0627
 13.53771     0.5187     0.0616
 13.55313     0.5092     0.0603
 13.56854     0.4985     0.0590
 13.58395     0.4868     0.0574
 13.59937     0.4948     0.0586
 13.61478     0.6459     0.0793
 13.63019     0.7995     0.1005
 13.64561     0.6937     0.0864
 13.66102     0.5442     0.0663
 13.67643     0.5161     0.0626
 13.69185     0.5161     0.0626
 13.70726     0.5193     0.0629
 13.72267     0.5256     0.0637
 13.73809     0.5350     0.0647
 13.75350     0.5475     0.0661
 13.76891     0.5632     0.0679
 13.78433     0.5818     0.0700
 13.79974     0.6032     0.0724
 13.81515     0.6268     0.0750
 13.83057     0.6527     0.0779
 13.84598     0.6808     0.0811
 13.86139     0.7112     0.0845
 13.87681     0.7438     0.0881
 13.89222     0.7758     0.0918
 13.90763     0.7878     0.0937
 13.92305     0.7787     0.0938
 13.93846     0.7670     0.0937
 13.95387     0.7563     0.0936
 13.96929     0.7466     0.0936
 13.98470     0.7377     0.0937
 14.00011     0.7299     0.0938
 14.01553     0.7229     0.0940
 14.03094     0.7169     0.0943
 14.04635     0.7119     0.0947
 14.06177     0.7077     0.0951
 14.07718     0.7045     0.0956
 14.09259     0.7023     0.0962
 14.10801     0.7011     0.0969
 14.12342     0.7037     0.0979
 14.13883     0.7104     0.0992
 14.15425     0.7176     0.1006
 14.16966     0.7236     0.1019
 14.18507     0.7273     0.1027
 14.20049     0.7284     0.1032
 14.21590     0.7278     0.1033
 14.23131     0.7257     0.1032
 14.24673     0.7222     0.1029
 14.26214     0.7172     0.1023
 14.27755     0.7108     0.1015
 14.29297     0.7031     0.1005
 14.30838     0.6939     0.0993
 14.32379     0.6833     0.0979
 14.33921     0.6714     0.0962
 14.35462     0.6581     0.0944
 14.37003     0.6437     0.0925
 14.38545     0.6291     0.0907
 14.40086     0.6139     0.0890
 14.41627     0.5974     0.0871
 14.43169     0.5799     0.0850
 14.44710     0.5624     0.0828
 14.46251     0.5456     0.0807
 14.47793     0.5297     0.0786
 14.49334     0.5146     0.0766
 14.50875     0.5004     0.0746
 14.52417     0.4870     0.0727
 14.53958     0.4745     0.0708
 14.55499     0.4628     0.0690
 14.57041     0.4520     0.0673
 14.58582     0.4420     0.0655
 14.60123     0.4329     0.0639
 14.61665     0.4244     0.0622
 14.63206     0.4161     0.0606
 14.64747     0.4078     0.0588
 14.66289     0.3995     0.0571
 14.67830     0.3917     0.0554
 14.69371     0.3843     0.0539
 14.70913     0.3776     0.0525
 14.72454     0.3715     0.0513
 14.73995     0.3659     0.0502
 14.75537     0.3609     0.0493
 14.77078     0.3565     0.0485
 14.78619     0.3527     0.0479
 14.80161     0.3494     0.0474
 14.81702     0.3468     0.0471
 14.83243     0.3447     0.0469
 14.84785     0.3432     0.0468
 14.86326     0.3423     0.0469
 14.87867     0.3419     0.0472
 14.89409     0.3419     0.0475
 14.90950     0.3421     0.0479
 14.92491     0.3424     0.0483
 14.94033     0.3429     0.0487
 14.95574     0.3435     0.0491
 14.97115     0.3443     0.0496
 14.98657     0.3453     0.0501
 15.00198     0.3464     0.0506
 15.01739     0.3475     0.0511
 15.03281     0.3474     0.0514
 15.04822     0.3457     0.0514
 15.06363     0.3435     0.0513
 15.07905     0.3408     0.0510
 15.09446     0.3378     0.0507
 15.10987     0.3344     0.0503
 15.12529     0.3306     0.0498
 15.14070     0.3264     0.0492
 15.15611     0.3219     0.0484
 15.17153     0.3169     0.0476
 15.18694     0.3121     0.0469
 15.20235     0.3080     0.0464
 15.21777     0.3041     0.0460
 15.23318     0.3001     0.0456
 15.24859     0.2960     0.0451
 15.26401     0.2918     0.0445
 15.27942     0.2875     0.0438
 15.29483     0.2830     0.0431
 15.31025     0.2785     0.0423
 15.32566     0.2738     0.0415
 15.34107     0.2689     0.0406
 15.35649     0.2639     0.0396
 15.37190     0.2588     0.0386
 15.38731     0.2535     0.0375
 15.40273     0.2481     0.0363
 15.41814     0.2425     0.0350
 15.43355     0.2368     0.0337
 15.44897     0.2309     0.0324
 15.46438     0.2249     0.0309
 15.47979     0.2188     0.0294
 15.49521     0.2126     0.0279
 15.51062     0.2068     0.0265
 15.52603     0.2014     0.0252
 15.54145     0.1964     0.0240
 15.55686     0.1919     0.0229
 15.57227     0.1877     0.0219
 15.58769     0.1840     0.0211
 15.60310     0.1807     0.0204
 15.61851     0.1779     0.0198
 15.63393     0.1754     0.0194
 15.64934     0.1734     0.0191
 15.66475     0.1718     0.0188
 15.68017     0.1706     0.0188
 15.69558     0.1698     0.0188
 15.71099     0.1693     0.0189
 15.72641     0.1687     0.0190
 15.74182     0.1682     0.0190
 15.75723     0.1677     0.0191
 15.77265     0.1671     0.0192
 15.78806     0.1666     0.0193
 15.80347     0.1661     0.0194
 15.81889     0.1656     0.0195
 15.83430     0.1651     0.0196
 15.84971     0.1649     0.0198
 15.86513     0.1649     0.0199
 15.88054     0.1649     0.0200
 15.89595     0.1648     0.0201
 15.91137     0.1647     0.0202
 15.92678     0.1647     0.0203
 15.94219     0.1647     0.0204
 15.95761     0.1647     0.0205
 15.97302     0.1647     0.0205
 15.98843     0.1648     0.0206
 16.00385     0.1649     0.0207
 16.01926     0.1650     0.0208
 16.03467     0.1651     0.0209
 16.05009     0.1653     0.0210
 16.06550     0.1655     0.0211
 16.08091     0.1657     0.0212
 16.09633     0.1659     0.0212
 16.11174     0.1662     0.0213
 16.12715     0.1665     0.0214
 16.14257     0.1668     0.0215
 16.15798     0.1671     0.0216
 16.17339     0.1675     0.0217
 16.18881     0.1679     0.0218
 16.20422     0.1683     0.0218
 16.21963     0.1687     0.0219
 16.23505     0.1692     0.0220
 16.25046     0.1697     0.0221
 16.26587     0.1701     0.0222
 16.28129     0.1706     0.0223
 16.29670     0.1710     0.0223
 16.31211     0.1714     0.0224
 16.32753     0.1718     0.0225
 16.34294     0.1722     0.0226
 16.35835     0.1726     0.0226
 16.37377     0.1730     0.0227
 16.38918     0.1733     0.0228
 16.40459     0.1737     0.0228
 16.42001     0.1740     0.0229
 16.43542     0.1743     0.0229
 16.45083     0.1746     0.0230
 16.46625     0.1749     0.0231
 16.48166     0.1752     0.0231
 16.49707     0.1755     0.0232
 16.51249     0.1757     0.0232
 16.52790     0.1760     0.0233
 16.54331     0.1762     0.0233
 16.55873     0.1764     0.0233
 16.57414     0.1766     0.0234
 16.58955     0.1768     0.0234
 16.60497     0.1770     0.0235
 16.62038     0.1771     0.0235
 16.63579     0.1773     0.0235
 16.65121     0.1774     0.0236
 16.66662     0.1775     0.0236
 16.68203     0.1777     0.0236
 16.69745     0.1778     0.0237
 16.71286     0.1778     0.0237
 16.72827     0.1779     0.0237
 16.74369     0.1780     0.0237
 16.75910     0.1780     0.0237
 16.77451     0.1781     0.0238
 16.78993     0.1781     0.0238
 16.80534     0.1781     0.0238
 16.82075     0.1782     0.0238
 16.83617     0.1785     0.0237
 16.85158     0.1787     0.0237
 16.86699     0.1790     0.0237
 16.88241     0.1793     0.0236
 16.89782     0.1796     0.0236
 16.91323     0.1799     0.0236
 16.92865     0.1802     0.0236
 16.94406     0.1806     0.0235
 16.95947     0.1810     0.0235
 16.97489     0.1814     0.0235
 16.99030     0.1818     0.0234
 17.00571     0.1822     0.0234
 17.02113     0.1826     0.0234
 17.03654     0.1831     0.0233
 17.05195     0.1835     0.0233
 17.06737     0.1839     0.0233
 17.08278     0.1844     0.0232
 17.09819     0.1848     0.0232
 17.11361     0.1853     0.0232
 17.12902     0.1857     0.0231
 17.14443     0.1862     0.0231
 17.15985     0.1867     0.0231
 17.17526     0.1871     0.0230
 17.19067     0.1876     0.0230
 17.20609     0.1881     0.0230
 17.22150     0.1886     0.0229
 17.23691     0.1891     0.0229
 17.25233     0.1896     0.0228
 17.26774     0.1901     0.0228
 17.28315     0.1906     0.0228
 17.29857     0.1911     0.0227
 17.31398     0.1916     0.0227
 17.32939     0.1921     0.0226
 17.34481     0.1926     0.0226
 17.36022     0.1931     0.0226
 17.37563     0.1937     0.0225
 17.39105     0.1942     0.0225
 17.40646     0.1947     0.0224
 17.42187     0.1953     0.0224
 17.43729     0.1958     0.0224
 17.45270     0.1964     0.0223
 17.46811     0.1969     0.0223
 17.48353     0.1975     0.0222
 17.49894     0.1980     0.0222
 17.51435     0.1986     0.0221
 17.52977     0.1992     0.0221
 17.54518     0.1998     0.0220
 17.56059     0.2003     0.0220
 17.57601     0.2009     0.0219
 17.59142     0.2015     0.0219
 17.60683     0.2021     0.0218
 17.62225     0.2027     0.0218
 17.63766     0.2034     0.0218
 17.65307     0.2042     0.0217
 17.66849     0.2050     0.0217
 17.68390     0.2058     0.0217
 17.69931     0.2066     0.0216
 17.71473     0.2074     0.0216
 17.73014     0.2082     0.0216
 17.74555     0.2092     0.0216
 17.76097     0.2102     0.0215
 17.77638     0.2112     0.0215
 17.79179     0.2123     0.0215
 17.80721     0.2134     0.0214
 17.82262     0.2145     0.0214
 17.83803     0.2156     0.0214
 17.85345     0.2168     0.0214
 17.86886     0.2179     0.0213
 17.88427     0.2191     0.0213
 17.89969     0.2204     0.0213
 17.91510     0.2216     0.0213
 17.93051     0.2229     0.0213
 17.94593     0.2242     0.0212
 17.96134     0.2255     0.0212
 17.97675     0.2269     0.0212
 17.99217     0.2282     0.0212
 18.00758     0.2296     0.0212
 18.02299     0.2310     0.0212
 18.03841     0.2325     0.0212
 18.05382     0.2339     0.0211
 18.06923     0.2353     0.0211
 18.08465     0.2368     0.0211
 18.10006     0.2383     0.0211
 18.11547     0.2397     0.0211
 18.13089     0.2411     0.0211
 18.14630     0.2422     0.0211
 18.16171     0.2432     0.0210
 18.17713     0.2439     0.0210
 18.19254     0.2445     0.0209
 18.20795     0.2448     0.0209
 18.22337     0.2449     0.0208
 18.23878     0.2447     0.0207
 18.25419     0.2444     0.0206
 18.26961     0.2439     0.0205
 18.28502     0.2431     0.0204
 18.30043     0.2422     0.0203
 18.31585     0.2418     0.0202
 18.33126     0.2421     0.0201
 18.34667     0.2425     0.0201
 18.36209     0.2429     0.0201
 18.37750     0.2432     0.0200
 18.39291     0.2435     0.0200
 18.40833     0.2439     0.0199
 18.42374     0.2442     0.0199
 18.43915     0.2445     0.0198
 18.45457     0.2448     0.0198
 18.46998     0.2450     0.0197
 18.48539     0.2453     0.0197
 18.50081     0.2455     0.0196
 18.51622     0.2458     0.0196
 18.53163     0.2462     0.0195
 18.54705     0.2466     0.0195
 18.56246     0.2470     0.0195
 18.57787     0.2474     0.0194
 18.59329     0.2478     0.0194
 18.60870     0.2482     0.0194
 18.62411     0.2486     0.0194
 18.63953     0.2491     0.0193
 18.65494     0.2495     0.0193
 18.67035     0.2499     0.0193
 18.68577     0.2504     0.0192
 18.70118     0.2509     0.0192
 18.71659     0.2513     0.0192
 18.73201     0.2518     0.0191
 18.74742     0.2523     0.0191
 18.76283     0.2528     0.0191
 18.77825     0.2533     0.0190
 18.79366     0.2538     0.0190
 18.80907     0.2543     0.0189
 18.82449     0.2549     0.0189
 18.83990     0.2554     0.0189
 18.85531     0.2559     0.0188
 18.87073     0.2565     0.0188
 18.88614     0.2571     0.0188
 18.90155     0.2576     0.0187
 18.91697     0.2582     0.0187
 18.93238     0.2588     0.0186
 18.94779     0.2594     0.0186
 18.96321     0.2600     0.0186
 18.97862     0.2606     0.0185
 18.99403     0.2613     0.0185
 19.00945     0.2619     0.0184
 19.02486     0.2622     0.0184
 19.04027     0.2616     0.0182
 19.05569     0.2600     0.0181
 19.07110     0.2574     0.0178
 19.08651     0.2552     0.0176
 19.10193     0.2547     0.0175
 19.11734     0.2552     0.0174
 19.13275     0.2557     0.0174
 19.14817     0.2563     0.0173
 19.16358     0.2570     0.0173
 19.17899     0.2577     0.0172
 19.19441     0.2585     0.0171
 19.20982     0.2595     0.0171
 19.22523     0.2628     0.0171
 19.24065     0.2682     0.0172
 19.25606     0.2737     0.0174
 19.27147     0.2788     0.0175
 19.28689     0.2836     0.0176
 19.30230     0.2879     0.0177
 19.31771     0.2919     0.0178
 19.33313     0.2954     0.0178
 19.34854     0.2986     0.0179
 19.36395     0.3013     0.0179
 19.37937     0.3037     0.0179
 19.39478     0.3057     0.0179
 19.41019     0.3072     0.0179
 19.42561     0.3084     0.0178
 19.44102     0.3092     0.0178
 19.45643     0.3096     0.0177
 19.47185     0.3096     0.0176
 19.48726     0.3091     0.0175
 19.50267     0.3083     0.0174
 19.51809     0.3071     0.0173
 19.53350     0.3056     0.0172
 19.54891     0.3036     0.0170
 19.56433     0.3012     0.0168
 19.57974     0.2986     0.0166
 19.59515     0.2962     0.0164
 19.61057     0.2940     0.0163
 19.62598     0.2913     0.0160
 19.64139     0.2883     0.0158
 19.65681     0.2850     0.0156
 19.67222     0.2816     0.0153
 19.68763     0.2780     0.0151
 19.70305     0.2743     0.0148
 19.71846     0.2705     0.0146
 19.73387     0.2666     0.0143
 19.74929     0.2625     0.0140
 19.76470     0.2583     0.0138
 19.78011     0.2539     0.0135
 19.79553     0.2494     0.0132
 19.81094     0.2451     0.0129
 19.82635     0.2413     0.0127
 19.84177     0.2375     0.0125
 19.85718     0.2339     0.0123
 19.87259     0.2303     0.0120
 19.88801     0.2268     0.0118
 19.90342     0.2233     0.0116
 19.91883     0.2199     0.0114
 19.93425     0.2165     0.0112
 19.94966     0.2132     0.0110
 19.96507     0.2099     0.0108
 19.98049     0.2068     0.0106
 19.99590     0.2039     0.0104
 20.01131     0.2011     0.0102
 20.02673     0.1985     0.0100
 20.04214     0.1961     0.0098
 20.05755     0.1939     0.0097
 20.07297     0.1918     0.0095
 20.08838     0.1899     0.0093
 20.10379     0.1887     0.0092
 20.11921     0.1900     0.0091
 20.13462     0.1935     0.0092
 20.15003     0.1969     0.0092
 20.16545     0.1999     0.0093
 20.18086     0.2027     0.0093
 20.19627     0.2052     0.0093
 20.21169     0.2074     0.0093
 20.22710     0.2092     0.0093
 20.24251     0.2109     0.0093
 20.25793     0.2122     0.0093
 20.27334     0.2132     0.0093
 20.28875     0.2140     0.0092
 20.30417     0.2145     0.0092
 20.31958     0.2147     0.0091
 20.33499     0.2146     0.0091
 20.35041     0.2143     0.0090
 20.36582     0.2136     0.0089
 20.38123     0.2127     0.0088
 20.39665     0.2115     0.0087
 20.41206     0.2101     0.0085
 20.42747     0.2083     0.0084
 20.44289     0.2063     0.0083
 20.45830     0.2040     0.0081
 20.47371     0.2015     0.0080
 20.48913     0.1987     0.0078
 20.50454     0.1956     0.0076
 20.51995     0.1921     0.0074
 20.53537     0.1883     0.0072
 20.55078     0.1841     0.0070
 20.56619     0.1800     0.0068
 20.58161     0.1763     0.0066
 20.59702     0.1729     0.0064
 20.61243     0.1700     0.0062
 20.62785     0.1673     0.0061
 20.64326     0.1646     0.0060
 20.65867     0.1618     0.0059
 20.67409     0.1589     0.0058
 20.68950     0.1558     0.0057
 20.70491     0.1528     0.0055
 20.72033     0.1497     0.0054
 20.73574     0.1469     0.0053
 20.75115     0.1441     0.0052
 20.76657     0.1415     0.0051
 20.78198     0.1391     0.0050
 20.79739     0.1367     0.0050
 20.81281     0.1346     0.0049
 20.82822     0.1325     0.0048
 20.84363     0.1306     0.0047
 20.85905     0.1289     0.0047
 20.87446     0.1273     0.0046
 20.88987     0.1259     0.0046
 20.90529     0.1246     0.0046
 20.92070     0.1235     0.0045
 20.93611     0.1225     0.0045
 20.95153     0.1217     0.0045
 20.96694     0.1211     0.0045
 20.98235     0.1206     0.0045
 20.99777     0.1203     0.0045
 21.01318     0.1202     0.0045
 21.02859     0.1202     0.0046
 21.04401     0.1203     0.0046
 21.05942     0.1207     0.0046
 21.07483     0.1212     0.0047
 21.09025     0.1218     0.0048
 21.10566     0.1226     0.0048
 21.12107     0.1236     0.0049
 21.13649     0.1247     0.0050
 21.15190     0.1260     0.0051
 21.16731     0.1275     0.0052
 21.18273     0.1291     0.0053
 21.19814     0.1308     0.0054
 21.21355     0.1328     0.0055
 21.22897     0.1349     0.0057
 21.24438     0.1373     0.0058
 21.25979     0.1398     0.0060
 21.27521     0.1423     0.0061
 21.29062     0.1448     0.0063
 21.30603     0.1473     0.0064
 21.32145     0.1499     0.0066
 21.33686     0.1524     0.0067
 21.35227     0.1550     0.0069
 21.36769     0.1576     0.0071
 21.38310     0.1602     0.0072
 21.39851     0.1629     0.0074
 21.41393     0.1656     0.0076
 21.42934     0.1686     0.0078
 21.44475     0.1720     0.0080
 21.46017     0.1757     0.0083
 21.47558     0.1794     0.0085
 21.49099     0.1831     0.0088
 21.50641     0.1868     0.0091
 21.52182     0.1906     0.0093
 21.53723     0.1945     0.0096
 21.55265     0.1984     0.0098
 21.56806     0.2023     0.0101
 21.58347     0.2062     0.0104
 21.59889     0.2102     0.0107
 21.61430     0.2142     0.0109
 21.62971     0.2183     0.0112
 21.64513     0.2224     0.0115
 21.66054     0.2265     0.0118
 21.67595     0.2307     0.0121
 21.69137     0.2349     0.0123
 21.70678     0.2391     0.0126
 21.72219     0.2434     0.0129
 21.73761     0.2478     0.0132
 21.75302     0.2522     0.0135
 21.76843     0.2566     0.0138
 21.78385     0.2611     0.0141
 21.79926     0.2660     0.0144
 21.81467     0.2716     0.0148
 21.83009     0.2776     0.0152
 21.84550     0.2834     0.0156
 21.86091     0.2889     0.0160
 21.87633     0.2942     0.0163
 21.89174     0.2991     0.0166
 21.90715     0.3038     0.0169
 21.92257     0.3082     0.0172
 21.93798     0.3123     0.0175
 21.95339     0.3162     0.0177
 21.96881     0.3198     0.0180
 21.98422     0.3231     0.0182
 21.99963     0.3261     0.0184
 22.01505     0.3288     0.0185
 22.03046     0.3313     0.0187
 22.04587     0.3336     0.0188
 22.06129     0.3358     0.0190
 22.07670     0.3380     0.0191
 22.09211     0.3403     0.0192
 22.10753     0.3426     0.0194
 22.12294     0.3449     0.0195
 22.13835     0.3472     0.0197
 22.15377     0.3496     0.0198
 22.16918     0.3520     0.0199
 22.18459     0.3544     0.0201
 22.20001     0.3568     0.0202
 22.21542     0.3593     0.0204
 22.23083     0.3618     0.0205
 22.24625     0.3643     0.0207
 22.26166     0.3668     0.0209
 22.27707     0.3694     0.0210
 22.29249     0.3719     0.0212
 22.30790     0.3745     0.0213
 22.32331     0.3771     0.0215
 22.33873     0.3798     0.0217
 22.35414     0.3824     0.0218
 22.36955     0.3851     0.0220
 22.38497     0.3878     0.0222
 22.40038     0.3905     0.0223
 22.41579     0.3933     0.0225
 22.43121     0.3959     0.0227
 22.44662     0.3982     0.0228
 22.46203     0.4005     0.0230
 22.47745     0.4029     0.0231
 22.49286     0.4052     0.0233
 22.50827     0.4076     0.0235
 22.52369     0.4100     0.0236
 22.53910     0.4125     0.0238
 22.55451     0.4149     0.0240
 22.56993     0.4174     0.0241
 22.58534     0.4199     0.0243
 22.60075     0.4224     0.0245
 22.61617     0.4250     0.0247
 22.63158     0.4276     0.0248
 22.64699     0.4302     0.0250
 22.66241     0.4341     0.0253
 22.67782     0.4423     0.0258
 22.69323     0.4521     0.0265
 22.70865     0.4561     0.0267
 22.72406     0.4558     0.0267
 22.73947     0.4555     0.0267
 22.75489     0.4553     0.0267
 22.77030     0.4551     0.0266
 22.78571     0.4551     0.0266
