% rows 2952 cols 3
-22.48393     0.0000     0.0000
-22.46851     0.0000     0.0000
-22.45310     0.0000     0.0000
-22.43769     0.0000     0.0000
-22.42227     0.0000     0.0000
-22.40686     0.0000     0.0000
-22.39145     0.0000     0.0000
-22.37603     0.0000     0.0000
-22.36062     0.0000     0.0000
-22.34521     0.0000     0.0000
-22.32979     0.0000     0.0000
-22.31438     0.0000     0.0000
-22.29897     0.0000     0.0000
-22.28355     0.0000     0.0000
-22.26814     0.0000     0.0000
-22.25273     0.0000     0.0000
-22.23731     0.0000     0.0000
-22.22190     0.0000     0.0000
-22.20649     0.0000     0.0000
-22.19107     0.0000     0.0000
-22.17566     0.0000     0.0000
-22.16025     0.0000     0.0000
-22.14483     0.0000     0.0000
-22.12942     0.0000     0.0000
-22.11401     0.0000     0.0000
-22.09859     0.0000     0.0000
-22.08318     0.0000     0.0000
-22.06777     0.0000     0.0000
-22.05235     0.0000     0.0000
-22.03694     0.0000     0.0000
-22.02153     0.0000     0.0000
-22.00611     0.0000     0.0000
-21.99070     0.0000     0.0000
-21.97529     0.0000     0.0000
-21.95987     0.0000     0.0000
-21.94446     0.0000     0.0000
-21.92905     0.0000     0.0000
-21.91363     0.0000     0.0000
-21.89822     0.0000     0.0000
-21.88281     0.0000     0.0000
-21.86739     0.0000     0.0000
-21.85198     0.0000     0.0000
-21.83657     0.0000     0.0000
-21.82115     0.0000     0.0000
-21.80574     0.0000     0.0000
-21.79033     0.0000     0.0000
-21.77491     0.0000     0.0000
-21.75950     0.0000     0.0000
-21.74409     0.0000     0.0000
-21.72867     0.0000     0.0000
-21.71326     0.0000     0.0000
-21.69785     0.0000     0.0000
-21.68243     0.0000     0.0000
-21.66702     0.0000     0.0000
-21.65161     0.0000     0.0000
-21.63619     0.0000     0.0000
-21.62078     0.0000     0.0000
-21.60537     0.0000     0.0000
-21.58995     0.0000     0.0000
-21.57454     0.0000     0.0000
-21.55913     0.0000     0.0000
-21.54371     0.0000     0.0000
-21.52830     0.0000     0.0000
-21.51289     0.0000     0.0000
-21.49747     0.0000     0.0000
-21.48206     0.0000     0.0000
-21.46665     0.0000     0.0000
-21.45123     0.0000     0.0000
-21.43582     0.0000     0.0000
-21.42041     0.0000     0.0000
-21.40499     0.0000     0.0000
-21.38958     0.0000     0.0000
-21.37417     0.0000     0.0000
-21.35875     0.0000     0.0000
-21.34334     0.0000     0.0000
-21.32793     0.0000     0.0000
-21.31251     0.0000     0.0000
-21.29710     0.0000     0.0000
-21.28169     0.0000     0.0000
-21.26627     0.0000     0.0000
-21.25086     0.0000     0.0000
-21.23545     0.0000     0.0000
-21.22003     0.0000     0.0000
-21.20462     0.0000     0.0000
-21.18921     0.0000     0.0000
-21.17379     0.0000     0.0000
-21.15838     0.0000     0.0000
-21.14297     0.0000     0.0000
-21.12755     0.0000     0.0000
-21.11214     0.0000     0.0000
-21.09673     0.0000     0.0000
-21.08131     0.0000     0.0000
-21.06590     0.0000     0.0000
-21.05049     0.0000     0.0000
-21.03507     0.0000     0.0000
-21.01966     0.0000     0.0000
-21.00425     0.0000     0.0000
-20.98883     0.0000     0.0000
-20.97342     0.0000     0.0000
-20.95801     0.0000     0.0000
-20.94259     0.0000     0.0000
-20.92718     0.0000     0.0000
-20.91177     0.0000     0.0000
-20.89635     0.0000     0.0000
-20.88094     0.0000     0.0000
-20.86553     0.0000     0.0000
-20.85011     0.0000     0.0000
-20.83470     0.0000     0.0000
-20.81929     0.0000     0.0000
-20.80387     0.0000     0.0000
-20.78846     0.0000     0.0000
-20.77305     0.0000     0.0000
-20.75763     0.0000     0.0000
-20.74222     0.0000     0.0000
-20.72681     0.0000     0.0000
-20.71139     0.0000     0.0000
-20.69598     0.0000     0.0000
-20.68057     0.0000     0.0000
-20.66515     0.0000     0.0000
-20.64974     0.0000     0.0000
-20.63433     0.0000     0.0000
-20.61891     0.0000     0.0000
-20.60350     0.0000     0.0000
-20.58809     0.0000     0.0000
-20.57267     0.0000     0.0000
-20.55726     0.0000     0.0000
-20.54185     0.0000     0.0000
-20.52643     0.0000     0.0000
-20.51102     0.0000     0.0000
-20.49561     0.0000     0.0000
-20.48019     0.0000     0.0000
-20.46478     0.0000     0.0000
-20.44937     0.0000     0.0000
-20.43395     0.0000     0.0000
-20.41854     0.0000     0.0000
-20.40313     0.0000     0.0000
-20.38771     0.0000     0.0000
-20.37230     0.0000     0.0000
-20.35689     0.0000     0.0000
-20.34147     0.0000     0.0000
-20.32606     0.0000     0.0000
-20.31065     0.0000     0.0000
-20.29523     0.0000     0.0000
-20.27982     0.0000     0.0000
-20.26441     0.0000     0.0000
-20.24899     0.0000     0.0000
-20.23358     0.0000     0.0000
-20.21817     0.0000     0.0000
-20.20275     0.0000     0.0000
-20.18734     0.0000     0.0000
-20.17193     0.0000     0.0000
-20.15651     0.0000     0.0000
-20.14110     0.0000     0.0000
-20.12569     0.0000     0.0000
-20.11027     0.0000     0.0000
-20.09486     0.0000     0.0000
-20.07945     0.0000     0.0000
-20.06403     0.0000     0.0000
-20.04862     0.0000     0.0000
-20.03321     0.0000     0.0000
-20.01779     0.0000     0.0000
-20.00238     0.0000     0.0000
-19.98697     0.0000     0.0000
-19.97155     0.0000     0.0000
-19.95614     0.0000     0.0000
-19.94073     0.0000     0.0000
-19.92531     0.0000     0.0000
-19.90990     0.0000     0.0000
-19.89449     0.0000     0.0000
-19.87907     0.0000     0.0000
-19.86366     0.0000     0.0000
-19.84825     0.0000     0.0000
-19.83283     0.0000     0.0000
-19.81742     0.0000     0.0000
-19.80201     0.0000     0.0000
-19.78659     0.0000     0.0000
-19.77118     0.0000     0.0000
-19.75577     0.0000     0.0000
-19.74035     0.0000     0.0000
-19.72494     0.0000     0.0000
-19.70953     0.0000     0.0000
-19.69411     0.0000     0.0000
-19.67870     0.0000     0.0000
-19.66329     0.0000     0.0000
-19.64787     0.0000     0.0000
-19.63246     0.0000     0.0000
-19.61705     0.0000     0.0000
-19.60163     0.0000     0.0000
-19.58622     0.0000     0.0000
-19.57081     0.0000     0.0000
-19.55539     0.0000     0.0000
-19.53998     0.0000     0.0000
-19.52457     0.0000     0.0000
-19.50915     0.0000     0.0000
-19.49374     0.0000     0.0000
-19.47833     0.0000     0.0000
-19.46291     0.0000     0.0000
-19.44750     0.0000     0.0000
-19.43209     0.0000     0.0000
-19.41667     0.0000     0.0000
-19.40126     0.0000     0.0000
-19.38585     0.0000     0.0000
-19.37043     0.0000     0.0000
-19.35502     0.0000     0.0000
-19.33961     0.0002     0.0000
-19.32419     0.0009     0.0000
-19.30878     0.0025     0.0000
-19.29337     0.0051     0.0000
-19.27795     0.0085     0.0000
-19.26254     0.0129     0.0000
-19.24713     0.0182     0.0000
-19.23171     0.0244     0.0000
-19.21630     0.0315     0.0000
-19.20089     0.0396     0.0000
-19.18547     0.0485     0.0000
-19.17006     0.0585     0.0001
-19.15465     0.0698     0.0001
-19.13923     0.0828     0.0001
-19.12382     0.0976     0.0001
-19.10841     0.1141     0.0001
-19.09299     0.1323     0.0001
-19.07758     0.1478     0.0001
-19.06217     0.1560     0.0002
-19.04675     0.1620     0.0002
-19.03134     0.1707     0.0002
-19.01593     0.1822     0.0002
-19.00051     0.1961     0.0002
-18.98510     0.2118     0.0003
-18.96969     0.2285     0.0003
-18.95427     0.2462     0.0003
-18.93886     0.2647     0.0003
-18.92345     0.2841     0.0003
-18.90803     0.3042     0.0004
-18.89262     0.3192     0.0004
-18.87721     0.3269     0.0004
-18.86179     0.3336     0.0004
-18.84638     0.3423     0.0005
-18.83097     0.3530     0.0005
-18.81555     0.3652     0.0005
-18.80014     0.3782     0.0005
-18.78473     0.3913     0.0006
-18.76931     0.4046     0.0006
-18.75390     0.4180     0.0006
-18.73849     0.4315     0.0006
-18.72307     0.4452     0.0006
-18.70766     0.4593     0.0007
-18.69225     0.4744     0.0007
-18.67683     0.4908     0.0007
-18.66142     0.5086     0.0007
-18.64601     0.5278     0.0008
-18.63059     0.5483     0.0008
-18.61518     0.5703     0.0008
-18.59977     0.5937     0.0008
-18.58435     0.6184     0.0009
-18.56894     0.6446     0.0009
-18.55353     0.6720     0.0009
-18.53811     0.7001     0.0010
-18.52270     0.7284     0.0010
-18.50729     0.7574     0.0010
-18.49187     0.7880     0.0010
-18.47646     0.8202     0.0011
-18.46105     0.8543     0.0011
-18.44563     0.8904     0.0011
-18.43022     0.9286     0.0012
-18.41481     0.9688     0.0012
-18.39939     1.0110     0.0012
-18.38398     1.0552     0.0012
-18.36857     1.1015     0.0013
-18.35315     1.1495     0.0013
-18.33774     1.1987     0.0013
-18.32233     1.2491     0.0013
-18.30691     1.3008     0.0014
-18.29150     1.3539     0.0014
-18.27609     1.4084     0.0014
-18.26067     1.4645     0.0014
-18.24526     1.5223     0.0014
-18.22985     1.5951     0.0014
-18.21443     1.7645     0.0015
-18.19902     2.0488     0.0015
-18.18361     2.4040     0.0016
-18.16819     2.8391     0.0017
-18.15278     3.3081     0.0018
-18.13737     3.3589     0.0017
-18.12195     3.1442     0.0016
-18.10654     3.1580     0.0015
-18.09113     3.3283     0.0015
-18.07571     3.7882     0.0015
-18.06030     4.1006     0.0014
-18.04489     3.8666     0.0013
-18.02947     3.6323     0.0012
-18.01406     3.4944     0.0010
-17.99865     2.5621     0.0009
-17.98323     1.8626     0.0009
-17.96782     2.2121     0.0010
-17.95241     2.7118     0.0011
-17.93699     3.1208     0.0011
-17.92158     3.1614     0.0010
-17.90617     3.3298     0.0009
-17.89075     3.4340     0.0008
-17.87534     3.0786     0.0006
-17.85993     2.6569     0.0005
-17.84451     2.8924     0.0004
-17.82910     1.9368     0.0002
-17.81369     0.2593     0.0000
-17.79827     0.0000     0.0000
-17.78286     0.0000     0.0000
-17.76745     0.0000     0.0000
-17.75203     0.0000     0.0000
-17.73662     0.0000     0.0000
-17.72121     0.0000     0.0000
-17.70579     0.0000     0.0000
-17.69038     0.0000     0.0000
-17.67497     0.0000     0.0000
-17.65955     0.0000     0.0000
-17.64414     0.0000     0.0000
-17.62873     0.0000     0.0000
-17.61331     0.0000     0.0000
-17.59790     0.0000     0.0000
-17.58249     0.0000     0.0000
-17.56707     0.0000     0.0000
-17.55166     0.0000     0.0000
-17.53625     0.0000     0.0000
-17.52083     0.0000     0.0000
-17.50542     0.0000     0.0000
-17.49001     0.0000     0.0000
-17.47459     0.0000     0.0000
-17.45918     0.0000     0.0000
-17.44377     0.0000     0.0000
-17.42835     0.0000     0.0000
-17.41294     0.0000     0.0000
-17.39753     0.0000     0.0000
-17.38211     0.0000     0.0000
-17.36670     0.0000     0.0000
-17.35129     0.0000     0.0000
-17.33587     0.0000     0.0000
-17.32046     0.0000     0.0000
-17.30505     0.0000     0.0000
-17.28963     0.0000     0.0000
-17.27422     0.0000     0.0000
-17.25881     0.0000     0.0000
-17.24339     0.0000     0.0000
-17.22798     0.0000     0.0000
-17.21257     0.0000     0.0000
-17.19715     0.0000     0.0000
-17.18174     0.0000     0.0000
-17.16633     0.0000     0.0000
-17.15091     0.0000     0.0000
-17.13550     0.0000     0.0000
-17.12009     0.0000     0.0000
-17.10467     0.0000     0.0000
-17.08926     0.0000     0.0000
-17.07385     0.0000     0.0000
-17.05843     0.0000     0.0000
-17.04302     0.0000     0.0000
-17.02761     0.0000     0.0000
-17.01219     0.0000     0.0000
-16.99678     0.0000     0.0000
-16.98137     0.0000     0.0000
-16.96595     0.0000     0.0000
-16.95054     0.0000     0.0000
-16.93513     0.0000     0.0000
-16.91971     0.0000     0.0000
-16.90430     0.0000     0.0000
-16.88889     0.0000     0.0000
-16.87347     0.0000     0.0000
-16.85806     0.0000     0.0000
-16.84265     0.0000     0.0000
-16.82723     0.0000     0.0000
-16.81182     0.0000     0.0000
-16.79641     0.0000     0.0000
-16.78099     0.0000     0.0000
-16.76558     0.0000     0.0000
-16.75017     0.0000     0.0000
-16.73475     0.0000     0.0000
-16.71934     0.0000     0.0000
-16.70393     0.0000     0.0000
-16.68851     0.0000     0.0000
-16.67310     0.0000     0.0000
-16.65769     0.0000     0.0000
-16.64227     0.0000     0.0000
-16.62686     0.0000     0.0000
-16.61145     0.0000     0.0000
-16.59603     0.0000     0.0000
-16.58062     0.0000     0.0000
-16.56521     0.0000     0.0000
-16.54979     0.0000     0.0000
-16.53438     0.0000     0.0000
-16.51897     0.0000     0.0000
-16.50355     0.0000     0.0000
-16.48814     0.0000     0.0000
-16.47273     0.0000     0.0000
-16.45731     0.0000     0.0000
-16.44190     0.0000     0.0000
-16.42649     0.0000     0.0000
-16.41107     0.0000     0.0000
-16.39566     0.0000     0.0000
-16.38025     0.0000     0.0000
-16.36483     0.0000     0.0000
-16.34942     0.0000     0.0000
-16.33401     0.0000     0.0000
-16.31859     0.0000     0.0000
-16.30318     0.0000     0.0000
-16.28777     0.0000     0.0000
-16.27235     0.0000     0.0000
-16.25694     0.0000     0.0000
-16.24153     0.0000     0.0000
-16.22611     0.0000     0.0000
-16.21070     0.0000     0.0000
-16.19529     0.0000     0.0000
-16.17987     0.0000     0.0000
-16.16446     0.0000     0.0000
-16.14905     0.0000     0.0000
-16.13363     0.0000     0.0000
-16.11822     0.0000     0.0000
-16.10281     0.0000     0.0000
-16.08739     0.0000     0.0000
-16.07198     0.0000     0.0000
-16.05657     0.0000     0.0000
-16.04115     0.0000     0.0000
-16.02574     0.0000     0.0000
-16.01033     0.0000     0.0000
-15.99491     0.0000     0.0000
-15.97950     0.0000     0.0000
-15.96409     0.0000     0.0000
-15.94867     0.0000     0.0000
-15.93326     0.0000     0.0000
-15.91785     0.0000     0.0000
-15.90243     0.0000     0.0000
-15.88702     0.0000     0.0000
-15.87161     0.0000     0.0000
-15.85619     0.0000     0.0000
-15.84078     0.0000     0.0000
-15.82537     0.0000     0.0000
-15.80995     0.0000     0.0000
-15.79454     0.0000     0.0000
-15.77913     0.0000     0.0000
-15.76371     0.0000     0.0000
-15.74830     0.0000     0.0000
-15.73289     0.0000     0.0000
-15.71747     0.0000     0.0000
-15.70206     0.0000     0.0000
-15.68665     0.0000     0.0000
-15.67123     0.0000     0.0000
-15.65582     0.0000     0.0000
-15.64041     0.0000     0.0000
-15.62499     0.0000     0.0000
-15.60958     0.0000     0.0000
-15.59417     0.0000     0.0000
-15.57875     0.0000     0.0000
-15.56334     0.0000     0.0000
-15.54793     0.0000     0.0000
-15.53251     0.0000     0.0000
-15.51710     0.0000     0.0000
-15.50169     0.0000     0.0000
-15.48627     0.0000     0.0000
-15.47086     0.0000     0.0000
-15.45545     0.0000     0.0000
-15.44003     0.0000     0.0000
-15.42462     0.0000     0.0000
-15.40921     0.0000     0.0000
-15.39379     0.0000     0.0000
-15.37838     0.0000     0.0000
-15.36297     0.0000     0.0000
-15.34755     0.0000     0.0000
-15.33214     0.0000     0.0000
-15.31673     0.0000     0.0000
-15.30131     0.0000     0.0000
-15.28590     0.0000     0.0000
-15.27049     0.0000     0.0000
-15.25507     0.0000     0.0000
-15.23966     0.0000     0.0000
-15.22425     0.0000     0.0000
-15.20883     0.0000     0.0000
-15.19342     0.0000     0.0000
-15.17801     0.0000     0.0000
-15.16259     0.0000     0.0000
-15.14718     0.0000     0.0000
-15.13177     0.0000     0.0000
-15.11635     0.0000     0.0000
-15.10094     0.0000     0.0000
-15.08553     0.0000     0.0000
-15.07011     0.0000     0.0000
-15.05470     0.0000     0.0000
-15.03929     0.0000     0.0000
-15.02387     0.0000     0.0000
-15.00846     0.0000     0.0000
-14.99305     0.0000     0.0000
-14.97763     0.0000     0.0000
-14.96222     0.0000     0.0000
-14.94681     0.0000     0.0000
-14.93139     0.0000     0.0000
-14.91598     0.0000     0.0000
-14.90057     0.0000     0.0000
-14.88515     0.0000     0.0000
-14.86974     0.0000     0.0000
-14.85433     0.0000     0.0000
-14.83891     0.0000     0.0000
-14.82350     0.0000     0.0000
-14.80809     0.0000     0.0000
-14.79267     0.0000     0.0000
-14.77726     0.0000     0.0000
-14.76185     0.0000     0.0000
-14.74643     0.0000     0.0000
-14.73102     0.0000     0.0000
-14.71561     0.0000     0.0000
-14.70019     0.0000     0.0000
-14.68478     0.0000     0.0000
-14.66937     0.0000     0.0000
-14.65395     0.0000     0.0000
-14.63854     0.0000     0.0000
-14.62313     0.0000     0.0000
-14.60771     0.0000     0.0000
-14.59230     0.0000     0.0000
-14.57689     0.0000     0.0000
-14.56147     0.0000     0.0000
-14.54606     0.0000     0.0000
-14.53065     0.0000     0.0000
-14.51523     0.0000     0.0000
-14.49982     0.0000     0.0000
-14.48441     0.0000     0.0000
-14.46899     0.0000     0.0000
-14.45358     0.0000     0.0000
-14.43817     0.0000     0.0000
-14.42275     0.0000     0.0000
-14.40734     0.0000     0.0000
-14.39193     0.0000     0.0000
-14.37651     0.0000     0.0000
-14.36110     0.0000     0.0000
-14.34569     0.0000     0.0000
-14.33027     0.0000     0.0000
-14.31486     0.0000     0.0000
-14.29945     0.0000     0.0000
-14.28403     0.0000     0.0000
-14.26862     0.0000     0.0000
-14.25321     0.0000     0.0000
-14.23779     0.0000     0.0000
-14.22238     0.0000     0.0000
-14.20697     0.0000     0.0000
-14.19155     0.0000     0.0000
-14.17614     0.0000     0.0000
-14.16073     0.0000     0.0000
-14.14531     0.0000     0.0000
-14.12990     0.0000     0.0000
-14.11449     0.0000     0.0000
-14.09907     0.0000     0.0000
-14.08366     0.0000     0.0000
-14.06825     0.0000     0.0000
-14.05283     0.0000     0.0000
-14.03742     0.0000     0.0000
-14.02201     0.0000     0.0000
-14.00659     0.0000     0.0000
-13.99118     0.0000     0.0000
-13.97577     0.0000     0.0000
-13.96035     0.0000     0.0000
-13.94494     0.0000     0.0000
-13.92953     0.0000     0.0000
-13.91411     0.0000     0.0000
-13.89870     0.0000     0.0000
-13.88329     0.0000     0.0000
-13.86787     0.0000     0.0000
-13.85246     0.0000     0.0000
-13.83705     0.0000     0.0000
-13.82163     0.0000     0.0000
-13.80622     0.0000     0.0000
-13.79081     0.0000     0.0000
-13.77539     0.0000     0.0000
-13.75998     0.0000     0.0000
-13.74457     0.0000     0.0000
-13.72915     0.0000     0.0000
-13.71374     0.0000     0.0000
-13.69833     0.0000     0.0000
-13.68291     0.0000     0.0000
-13.66750     0.0000     0.0000
-13.65209     0.0000     0.0000
-13.63667     0.0000     0.0000
-13.62126     0.0000     0.0000
-13.60585     0.0000     0.0000
-13.59043     0.0000     0.0000
-13.57502     0.0000     0.0000
-13.55961     0.0000     0.0000
-13.54419     0.0000     0.0000
-13.52878     0.0000     0.0000
-13.51337     0.0000     0.0000
-13.49795     0.0000     0.0000
-13.48254     0.0000     0.0000
-13.46713     0.0000     0.0000
-13.45171     0.0000     0.0000
-13.43630     0.0000     0.0000
-13.42089     0.0000     0.0000
-13.40547     0.0000     0.0000
-13.39006     0.0000     0.0000
-13.37465     0.0000     0.0000
-13.35923     0.0000     0.0000
-13.34382     0.0000     0.0000
-13.32841     0.0000     0.0000
-13.31299     0.0000     0.0000
-13.29758     0.0000     0.0000
-13.28217     0.0000     0.0000
-13.26675     0.0000     0.0000
-13.25134     0.0000     0.0000
-13.23593     0.0000     0.0000
-13.22051     0.0000     0.0000
-13.20510     0.0000     0.0000
-13.18969     0.0000     0.0000
-13.17427     0.0000     0.0000
-13.15886     0.0000     0.0000
-13.14345     0.0000     0.0000
-13.12803     0.0000     0.0000
-13.11262     0.0000     0.0000
-13.09721     0.0000     0.0000
-13.08179     0.0000     0.0000
-13.06638     0.0000     0.0000
-13.05097     0.0000     0.0000
-13.03555     0.0000     0.0000
-13.02014     0.0000     0.0000
-13.00473     0.0000     0.0000
-12.98931     0.0000     0.0000
-12.97390     0.0000     0.0000
-12.95849     0.0000     0.0000
-12.94307     0.0000     0.0000
-12.92766     0.0000     0.0000
-12.91225     0.0000     0.0000
-12.89683     0.0000     0.0000
-12.88142     0.0000     0.0000
-12.86601     0.0000     0.0000
-12.85059     0.0000     0.0000
-12.83518     0.0000     0.0000
-12.81977     0.0000     0.0000
-12.80435     0.0000     0.0000
-12.78894     0.0000     0.0000
-12.77353     0.0000     0.0000
-12.75811     0.0000     0.0000
-12.74270     0.0000     0.0000
-12.72729     0.0000     0.0000
-12.71187     0.0000     0.0000
-12.69646     0.0000     0.0000
-12.68105     0.0000     0.0000
-12.66563     0.0000     0.0000
-12.65022     0.0000     0.0000
-12.63481     0.0000     0.0000
-12.61939     0.0000     0.0000
-12.60398     0.0000     0.0000
-12.58857     0.0000     0.0000
-12.57315     0.0000     0.0000
-12.55774     0.0000     0.0000
-12.54233     0.0000     0.0000
-12.52691     0.0000     0.0000
-12.51150     0.0000     0.0000
-12.49609     0.0000     0.0000
-12.48067     0.0000     0.0000
-12.46526     0.0000     0.0000
-12.44985     0.0000     0.0000
-12.43443     0.0000     0.0000
-12.41902     0.0000     0.0000
-12.40361     0.0000     0.0000
-12.38819     0.0000     0.0000
-12.37278     0.0000     0.0000
-12.35737     0.0000     0.0000
-12.34195     0.0000     0.0000
-12.32654     0.0000     0.0000
-12.31113     0.0000     0.0000
-12.29571     0.0000     0.0000
-12.28030     0.0000     0.0000
-12.26489     0.0000     0.0000
-12.24947     0.0000     0.0000
-12.23406     0.0000     0.0000
-12.21865     0.0000     0.0000
-12.20323     0.0000     0.0000
-12.18782     0.0000     0.0000
-12.17241     0.0000     0.0000
-12.15699     0.0000     0.0000
-12.14158     0.0000     0.0000
-12.12617     0.0000     0.0000
-12.11075     0.0000     0.0000
-12.09534     0.0000     0.0000
-12.07993     0.0000     0.0000
-12.06451     0.0000     0.0000
-12.04910     0.0000     0.0000
-12.03369     0.0000     0.0000
-12.01827     0.0000     0.0000
-12.00286     0.0000     0.0000
-11.98745     0.0000     0.0000
-11.97203     0.0000     0.0000
-11.95662     0.0000     0.0000
-11.94121     0.0000     0.0000
-11.92579     0.0000     0.0000
-11.91038     0.0000     0.0000
-11.89497     0.0000     0.0000
-11.87955     0.0000     0.0000
-11.86414     0.0000     0.0000
-11.84873     0.0000     0.0000
-11.83331     0.0000     0.0000
-11.81790     0.0000     0.0000
-11.80249     0.0000     0.0000
-11.78707     0.0000     0.0000
-11.77166     0.0000     0.0000
-11.75625     0.0000     0.0000
-11.74083     0.0000     0.0000
-11.72542     0.0000     0.0000
-11.71001     0.0000     0.0000
-11.69459     0.0000     0.0000
-11.67918     0.0000     0.0000
-11.66377     0.0000     0.0000
-11.64835     0.0000     0.0000
-11.63294     0.0000     0.0000
-11.61753     0.0000     0.0000
-11.60211     0.0000     0.0000
-11.58670     0.0000     0.0000
-11.57129     0.0000     0.0000
-11.55587     0.0000     0.0000
-11.54046     0.0000     0.0000
-11.52505     0.0000     0.0000
-11.50963     0.0000     0.0000
-11.49422     0.0000     0.0000
-11.47881     0.0000     0.0000
-11.46339     0.0000     0.0000
-11.44798     0.0000     0.0000
-11.43257     0.0000     0.0000
-11.41715     0.0000     0.0000
-11.40174     0.0000     0.0000
-11.38633     0.0000     0.0000
-11.37091     0.0000     0.0000
-11.35550     0.0000     0.0000
-11.34009     0.0000     0.0000
-11.32467     0.0000     0.0000
-11.30926     0.0000     0.0000
-11.29385     0.0000     0.0000
-11.27843     0.0000     0.0000
-11.26302     0.0000     0.0000
-11.24761     0.0000     0.0000
-11.23219     0.0000     0.0000
-11.21678     0.0000     0.0000
-11.20137     0.0000     0.0000
-11.18595     0.0000     0.0000
-11.17054     0.0000     0.0000
-11.15513     0.0000     0.0000
-11.13971     0.0000     0.0000
-11.12430     0.0000     0.0000
-11.10889     0.0000     0.0000
-11.09347     0.0000     0.0000
-11.07806     0.0000     0.0000
-11.06265     0.0000     0.0000
-11.04723     0.0000     0.0000
-11.03182     0.0000     0.0000
-11.01641     0.0000     0.0000
-11.00099     0.0000     0.0000
-10.98558     0.0000     0.0000
-10.97017     0.0000     0.0000
-10.95475     0.0000     0.0000
-10.93934     0.0000     0.0000
-10.92393     0.0000     0.0000
-10.90851     0.0000     0.0000
-10.89310     0.0000     0.0000
-10.87769     0.0000     0.0000
-10.86227     0.0000     0.0000
-10.84686     0.0000     0.0000
-10.83145     0.0000     0.0000
-10.81603     0.0000     0.0000
-10.80062     0.0000     0.0000
-10.78521     0.0000     0.0000
-10.76979     0.0000     0.0000
-10.75438     0.0000     0.0000
-10.73897     0.0000     0.0000
-10.72355     0.0000     0.0000
-10.70814     0.0000     0.0000
-10.69273     0.0000     0.0000
-10.67731     0.0000     0.0000
-10.66190     0.0000     0.0000
-10.64649     0.0000     0.0000
-10.63107     0.0000     0.0000
-10.61566     0.0000     0.0000
-10.60025     0.0000     0.0000
-10.58483     0.0000     0.0000
-10.56942     0.0000     0.0000
-10.55401     0.0000     0.0000
-10.53859     0.0000     0.0000
-10.52318     0.0000     0.0000
-10.50777     0.0000     0.0000
-10.49235     0.0000     0.0000
-10.47694     0.0000     0.0000
-10.46153     0.0000     0.0000
-10.44611     0.0000     0.0000
-10.43070     0.0000     0.0000
-10.41529     0.0000     0.0000
-10.39987     0.0000     0.0000
-10.38446     0.0000     0.0000
-10.36905     0.0000     0.0000
-10.35363     0.0000     0.0000
-10.33822     0.0000     0.0000
-10.32281     0.0000     0.0000
-10.30739     0.0000     0.0000
-10.29198     0.0000     0.0000
-10.27657     0.0000     0.0000
-10.26115     0.0000     0.0000
-10.24574     0.0000     0.0000
-10.23033     0.0000     0.0000
-10.21491     0.0000     0.0000
-10.19950     0.0000     0.0000
-10.18409     0.0000     0.0000
-10.16867     0.0000     0.0000
-10.15326     0.0000     0.0000
-10.13785     0.0000     0.0000
-10.12243     0.0000     0.0000
-10.10702     0.0000     0.0000
-10.09161     0.0000     0.0000
-10.07619     0.0000     0.0000
-10.06078     0.0000     0.0000
-10.04537     0.0000     0.0000
-10.02995     0.0000     0.0000
-10.01454     0.0000     0.0000
 -9.99913     0.0000     0.0000
 -9.98371     0.0000     0.0000
 -9.96830     0.0000     0.0000
 -9.95289     0.0000     0.0000
 -9.93747     0.0000     0.0000
 -9.92206     0.0000     0.0000
 -9.90665     0.0000     0.0000
 -9.89123     0.0000     0.0000
 -9.87582     0.0000     0.0000
 -9.86041     0.0000     0.0000
 -9.84499     0.0000     0.0000
 -9.82958     0.0000     0.0000
 -9.81417     0.0000     0.0000
 -9.79875     0.0000     0.0000
 -9.78334     0.0000     0.0000
 -9.76793     0.0000     0.0000
 -9.75251     0.0000     0.0000
 -9.73710     0.0000     0.0000
 -9.72169     0.0000     0.0000
 -9.70627     0.0000     0.0000
 -9.69086     0.0000     0.0000
 -9.67545     0.0000     0.0000
 -9.66003     0.0000     0.0000
 -9.64462     0.0000     0.0000
 -9.62921     0.0000     0.0000
 -9.61379     0.0000     0.0000
 -9.59838     0.0000     0.0000
 -9.58297     0.0000     0.0000
 -9.56755     0.0000     0.0000
 -9.55214     0.0000     0.0000
 -9.53673     0.0000     0.0000
 -9.52131     0.0000     0.0000
 -9.50590     0.0000     0.0000
 -9.49049     0.0000     0.0000
 -9.47507     0.0000     0.0000
 -9.45966     0.0000     0.0000
 -9.44425     0.0000     0.0000
 -9.42883     0.0000     0.0000
 -9.41342     0.0000     0.0000
 -9.39801     0.0000     0.0000
 -9.38259     0.0000     0.0000
 -9.36718     0.0000     0.0000
 -9.35177     0.0000     0.0000
 -9.33635     0.0000     0.0000
 -9.32094     0.0000     0.0000
 -9.30553     0.0000     0.0000
 -9.29011     0.0000     0.0000
 -9.27470     0.0000     0.0000
 -9.25929     0.0000     0.0000
 -9.24387     0.0000     0.0000
 -9.22846     0.0000     0.0000
 -9.21305     0.0000     0.0000
 -9.19763     0.0000     0.0000
 -9.18222     0.0000     0.0000
 -9.16681     0.0000     0.0000
 -9.15139     0.0000     0.0000
 -9.13598     0.0000     0.0000
 -9.12057     0.0000     0.0000
 -9.10515     0.0000     0.0000
 -9.08974     0.0000     0.0000
 -9.07433     0.0000     0.0000
 -9.05891     0.0000     0.0000
 -9.04350     0.0000     0.0000
 -9.02809     0.0000     0.0000
 -9.01267     0.0000     0.0000
 -8.99726     0.0000     0.0000
 -8.98185     0.0000     0.0000
 -8.96643     0.0000     0.0000
 -8.95102     0.0000     0.0000
 -8.93561     0.0000     0.0000
 -8.92019     0.0000     0.0000
 -8.90478     0.0000     0.0000
 -8.88937     0.0000     0.0000
 -8.87395     0.0000     0.0000
 -8.85854     0.0000     0.0000
 -8.84313     0.0000     0.0000
 -8.82771     0.0000     0.0000
 -8.81230     0.0000     0.0000
 -8.79689     0.0000     0.0000
 -8.78147     0.0000     0.0000
 -8.76606     0.0000     0.0000
 -8.75065     0.0000     0.0000
 -8.73523     0.0000     0.0000
 -8.71982     0.0000     0.0000
 -8.70441     0.0000     0.0000
 -8.68899     0.0000     0.0000
 -8.67358     0.0000     0.0000
 -8.65817     0.0000     0.0000
 -8.64275     0.0000     0.0000
 -8.62734     0.0000     0.0000
 -8.61193     0.0000     0.0000
 -8.59651     0.0000     0.0000
 -8.58110     0.0000     0.0000
 -8.56569     0.0000     0.0000
 -8.55027     0.0000     0.0000
 -8.53486     0.0000     0.0000
 -8.51945     0.0000     0.0000
 -8.50403     0.0000     0.0000
 -8.48862     0.0000     0.0000
 -8.47321     0.0000     0.0000
 -8.45779     0.0000     0.0000
 -8.44238     0.0000     0.0000
 -8.42697     0.0000     0.0000
 -8.41155     0.0000     0.0000
 -8.39614     0.0000     0.0000
 -8.38073     0.0000     0.0000
 -8.36531     0.0000     0.0000
 -8.34990     0.0000     0.0000
 -8.33449     0.0000     0.0000
 -8.31907     0.0000     0.0000
 -8.30366     0.0000     0.0000
 -8.28825     0.0000     0.0000
 -8.27283     0.0000     0.0000
 -8.25742     0.0000     0.0000
 -8.24201     0.0000     0.0000
 -8.22659     0.0000     0.0000
 -8.21118     0.0000     0.0000
 -8.19577     0.0000     0.0000
 -8.18035     0.0000     0.0000
 -8.16494     0.0000     0.0000
 -8.14953     0.0000     0.0000
 -8.13411     0.0000     0.0000
 -8.11870     0.0000     0.0000
 -8.10329     0.0000     0.0000
 -8.08787     0.0000     0.0000
 -8.07246     0.0000     0.0000
 -8.05705     0.0000     0.0000
 -8.04163     0.0000     0.0000
 -8.02622     0.0000     0.0000
 -8.01081     0.0000     0.0000
 -7.99539     0.0000     0.0000
 -7.97998     0.0000     0.0000
 -7.96457     0.0000     0.0000
 -7.94915     0.0000     0.0000
 -7.93374     0.0000     0.0000
 -7.91833     0.0000     0.0000
 -7.90291     0.0000     0.0000
 -7.88750     0.0000     0.0000
 -7.87209     0.0000     0.0000
 -7.85667     0.0000     0.0000
 -7.84126     0.0000     0.0000
 -7.82585     0.0000     0.0000
 -7.81043     0.0000     0.0000
 -7.79502     0.0000     0.0000
 -7.77961     0.0000     0.0000
 -7.76419     0.0000     0.0000
 -7.74878     0.0000     0.0000
 -7.73337     0.0000     0.0000
 -7.71795     0.0000     0.0000
 -7.70254     0.0000     0.0000
 -7.68713     0.0000     0.0000
 -7.67171     0.0000     0.0000
 -7.65630     0.0000     0.0000
 -7.64089     0.0000     0.0000
 -7.62547     0.0000     0.0000
 -7.61006     0.0000     0.0000
 -7.59465     0.0000     0.0000
 -7.57923     0.0000     0.0000
 -7.56382     0.0000     0.0000
 -7.54841     0.0000     0.0000
 -7.53299     0.0000     0.0000
 -7.51758     0.0000     0.0000
 -7.50217     0.0000     0.0000
 -7.48675     0.0001     0.0001
 -7.47134     0.0006     0.0004
 -7.45593     0.0017     0.0010
 -7.44051     0.0034     0.0021
 -7.42510     0.0057     0.0035
 -7.40969     0.0086     0.0053
 -7.39427     0.0122     0.0075
 -7.37886     0.0165     0.0101
 -7.36345     0.0213     0.0131
 -7.34803     0.0268     0.0165
 -7.33262     0.0330     0.0203
 -7.31721     0.0397     0.0244
 -7.30179     0.0472     0.0290
 -7.28638     0.0552     0.0339
 -7.27097     0.0639     0.0392
 -7.25555     0.0732     0.0450
 -7.24014     0.0831     0.0511
 -7.22473     0.0937     0.0576
 -7.20931     0.1050     0.0645
 -7.19390     0.1168     0.0717
 -7.17849     0.1293     0.0794
 -7.16307     0.1425     0.0875
 -7.14766     0.1562     0.0959
 -7.13225     0.1706     0.1048
 -7.11683     0.1857     0.1140
 -7.10142     0.2013     0.1236
 -7.08601     0.2177     0.1336
 -7.07059     0.2346     0.1440
 -7.05518     0.2522     0.1548
 -7.03977     0.2704     0.1660
 -7.02435     0.2893     0.1775
 -7.00894     0.3087     0.1895
 -6.99353     0.3286     0.2017
 -6.97811     0.3470     0.2131
 -6.96270     0.3627     0.2230
 -6.94729     0.3761     0.2316
 -6.93187     0.3885     0.2398
 -6.91646     0.4020     0.2486
 -6.90105     0.4165     0.2581
 -6.88563     0.4319     0.2682
 -6.87022     0.4484     0.2790
 -6.85481     0.4660     0.2905
 -6.83939     0.4845     0.3025
 -6.82398     0.5040     0.3153
 -6.80857     0.5246     0.3286
 -6.79315     0.5473     0.3433
 -6.77774     0.5743     0.3607
 -6.76233     0.6059     0.3811
 -6.74691     0.6392     0.4026
 -6.73150     0.6719     0.4236
 -6.71609     0.7035     0.4441
 -6.70067     0.7342     0.4639
 -6.68526     0.7638     0.4831
 -6.66985     0.7924     0.5017
 -6.65443     0.8201     0.5196
 -6.63902     0.8467     0.5369
 -6.62361     0.8723     0.5536
 -6.60819     0.8969     0.5697
 -6.59278     0.9204     0.5851
 -6.57737     0.9429     0.5999
 -6.56195     0.9643     0.6139
 -6.54654     0.9846     0.6274
 -6.53113     1.0039     0.6402
 -6.51571     1.0222     0.6523
 -6.50030     1.0394     0.6639
 -6.48489     1.0555     0.6747
 -6.46947     1.0707     0.6850
 -6.45406     1.0848     0.6946
 -6.43865     1.0978     0.7035
 -6.42323     1.1098     0.7118
 -6.40782     1.1208     0.7195
 -6.39241     1.1307     0.7266
 -6.37699     1.1396     0.7330
 -6.36158     1.1474     0.7387
 -6.34617     1.1583     0.7465
 -6.33075     1.2143     0.7839
 -6.31534     1.3935     0.9032
 -6.29993     1.6263     1.0593
 -6.28451     1.7482     1.1447
 -6.26910     1.7757     1.1691
 -6.25369     1.7855     1.1815
 -6.23827     1.8019     1.1982
 -6.22286     1.8471     1.2345
 -6.20745     1.9253     1.2933
 -6.19203     2.0379     1.3756
 -6.17662     2.3395     1.5992
 -6.16121     2.8205     1.9552
 -6.14579     3.0563     2.1336
 -6.13038     2.8575     1.9985
 -6.11497     2.4973     1.7444
 -6.09955     2.1857     1.5242
 -6.08414     1.9218     1.3377
 -6.06873     1.6878     1.1723
 -6.05331     1.4796     1.0249
 -6.03790     1.3016     0.8982
 -6.02249     1.1455     0.7867
 -6.00707     1.0035     0.6855
 -5.99166     0.8755     0.5944
 -5.97625     0.7616     0.5134
 -5.96083     0.6586     0.4406
 -5.94542     0.5422     0.3593
 -5.93001     0.4370     0.2864
 -5.91459     0.3800     0.2474
 -5.89918     0.3456     0.2241
 -5.88377     0.3161     0.2042
 -5.86835     0.2914     0.1877
 -5.85294     0.2723     0.1749
 -5.83753     0.2592     0.1665
 -5.82211     0.2496     0.1603
 -5.80670     0.2406     0.1545
 -5.79129     0.2322     0.1491
 -5.77587     0.2243     0.1440
 -5.76046     0.2169     0.1393
 -5.74505     0.2101     0.1349
 -5.72963     0.2039     0.1309
 -5.71422     0.1982     0.1272
 -5.69881     0.1931     0.1239
 -5.68339     0.1889     0.1213
 -5.66798     0.1861     0.1195
 -5.65257     0.1847     0.1187
 -5.63715     0.1847     0.1188
 -5.62174     0.1865     0.1201
 -5.60633     0.1912     0.1233
 -5.59091     0.1997     0.1289
 -5.57550     0.2120     0.1370
 -5.56009     0.2281     0.1475
 -5.54467     0.2478     0.1603
 -5.52926     0.2711     0.1754
 -5.51385     0.2980     0.1927
 -5.49843     0.3283     0.2123
 -5.48302     0.3622     0.2342
 -5.46761     0.3996     0.2583
 -5.45219     0.4405     0.2847
 -5.43678     0.4850     0.3133
 -5.42137     0.5330     0.3441
 -5.40595     0.5845     0.3773
 -5.39054     0.6396     0.4126
 -5.37513     0.6974     0.4497
 -5.35971     0.7546     0.4864
 -5.34430     0.8106     0.5220
 -5.32889     0.8672     0.5580
 -5.31347     0.9245     0.5944
 -5.29806     0.9826     0.6312
 -5.28265     1.0472     0.6723
 -5.26723     1.1199     0.7187
 -5.25182     1.1925     0.7648
 -5.23641     1.2605     0.8078
 -5.22099     1.3240     0.8475
 -5.20558     1.3828     0.8839
 -5.19017     1.4371     0.9172
 -5.17475     1.4867     0.9472
 -5.15934     1.5318     0.9740
 -5.14393     1.5723     0.9975
 -5.12851     1.6164     1.0221
 -5.11310     1.6783     1.0547
 -5.09769     1.7395     1.0855
 -5.08227     1.7740     1.1008
 -5.06686     1.7880     1.1051
 -5.05145     1.7905     1.1045
 -5.03603     1.7765     1.0956
 -5.02062     1.7397     1.0740
 -5.00521     1.6846     1.0426
 -4.98979     1.6219     1.0075
 -4.97438     1.5909     0.9902
 -4.95897     1.6018     0.9963
 -4.94355     1.6290     1.0117
 -4.92814     1.6693     1.0344
 -4.91273     1.7226     1.0645
 -4.89731     1.7875     1.1011
 -4.88190     1.8612     1.1422
 -4.86649     1.9328     1.1812
 -4.85107     1.9119     1.1651
 -4.83566     2.6188     1.5996
 -4.82025     3.4891     2.1090
 -4.80483     3.8431     2.2902
 -4.78942     4.1296     2.4559
 -4.77401     4.0001     2.3864
 -4.75859     3.5693     2.1454
 -4.74318     3.2108     1.9434
 -4.72777     3.0148     1.8318
 -4.71235     2.8178     1.7192
 -4.69694     2.6134     1.6018
 -4.68153     2.3985     1.4775
 -4.66611     2.2184     1.3719
 -4.65070     2.1301     1.3189
 -4.63529     2.0945     1.2967
 -4.61987     2.0618     1.2761
 -4.60446     2.0293     1.2556
 -4.58905     1.9964     1.2349
 -4.57363     1.9632     1.2140
 -4.55822     1.9295     1.1930
 -4.54281     1.8954     1.1717
 -4.52739     1.8616     1.1508
 -4.51198     1.8388     1.1394
 -4.49657     1.8288     1.1395
 -4.48115     1.8244     1.1439
 -4.46574     1.8144     1.1451
 -4.45033     1.7955     1.1412
 -4.43491     1.7786     1.1386
 -4.41950     1.7665     1.1386
 -4.40409     1.7587     1.1410
 -4.38867     1.7553     1.1457
 -4.37326     1.7558     1.1525
 -4.35785     1.7581     1.1603
 -4.34243     1.7601     1.1678
 -4.32702     1.7634     1.1762
 -4.31161     1.7804     1.1953
 -4.29619     1.8281     1.2376
 -4.28078     1.9224     1.3149
 -4.26537     2.0772     1.4372
 -4.24995     2.2960     1.6070
 -4.23454     2.5791     1.8243
 -4.21913     2.9265     2.0893
 -4.20371     3.3158     2.3854
 -4.18830     3.5364     2.5573
 -4.17289     3.5222     2.5551
 -4.15747     3.4384     2.4989
 -4.14206     3.3264     2.4190
 -4.12665     3.1879     2.3169
 -4.11123     3.2975     2.4052
 -4.09582     3.1721     2.3097
 -4.08041     2.6185     1.8828
 -4.06499     2.3384     1.6694
 -4.04958     2.2689     1.6198
 -4.03417     2.2067     1.5762
 -4.01875     2.1519     1.5386
 -4.00334     2.1066     1.5085
 -3.98793     2.0734     1.4877
 -3.97251     2.0518     1.4762
 -3.95710     2.0236     1.4596
 -3.94169     1.9636     1.4171
 -3.92627     1.8638     1.3418
 -3.91086     1.7110     1.2232
 -3.89545     1.5081     1.0641
 -3.88003     1.3067     0.9054
 -3.86462     1.1477     0.7800
 -3.84921     1.0465     0.7017
 -3.83379     0.9891     0.6599
 -3.81838     0.9423     0.6269
 -3.80297     0.8967     0.5948
 -3.78755     0.8525     0.5636
 -3.77214     0.8095     0.5335
 -3.75673     0.7678     0.5043
 -3.74131     0.7279     0.4766
 -3.72590     0.6909     0.4509
 -3.71049     0.6571     0.4277
 -3.69507     0.6266     0.4068
 -3.67966     0.5993     0.3884
 -3.66425     0.5746     0.3719
 -3.64883     0.5491     0.3545
 -3.63342     0.5226     0.3359
 -3.61801     0.4975     0.3184
 -3.60259     0.4742     0.3022
 -3.58718     0.4522     0.2871
 -3.57177     0.4316     0.2731
 -3.55635     0.4125     0.2602
 -3.54094     0.3949     0.2483
 -3.52553     0.3789     0.2376
 -3.51011     0.3644     0.2279
 -3.49470     0.3509     0.2189
 -3.47929     0.3383     0.2106
 -3.46387     0.3262     0.2026
 -3.44846     0.3143     0.1947
 -3.43305     0.3023     0.1866
 -3.41763     0.2902     0.1783
 -3.40222     0.2780     0.1699
 -3.38681     0.2656     0.1613
 -3.37139     0.2532     0.1525
 -3.35598     0.2406     0.1436
 -3.34057     0.2280     0.1345
 -3.32515     0.2153     0.1251
 -3.30974     0.2056     0.1171
 -3.29433     0.2000     0.1112
 -3.27891     0.1957     0.1060
 -3.26350     0.1922     0.1010
 -3.24809     0.1893     0.0962
 -3.23267     0.1870     0.0916
 -3.21726     0.1855     0.0871
 -3.20185     0.1846     0.0829
 -3.18643     0.1844     0.0788
 -3.17102     0.1849     0.0749
 -3.15561     0.1861     0.0713
 -3.14019     0.1879     0.0678
 -3.12478     0.1904     0.0644
 -3.10937     0.1936     0.0613
 -3.09395     0.1974     0.0584
 -3.07854     0.2019     0.0557
 -3.06313     0.2071     0.0531
 -3.04771     0.2129     0.0507
 -3.03230     0.2194     0.0486
 -3.01689     0.2266     0.0466
 -3.00147     0.2344     0.0448
 -2.98606     0.2429     0.0431
 -2.97065     0.2521     0.0417
 -2.95523     0.2619     0.0405
 -2.93982     0.2723     0.0394
 -2.92441     0.2836     0.0385
 -2.90899     0.2959     0.0379
 -2.89358     0.3097     0.0375
 -2.87817     0.3251     0.0374
 -2.86275     0.3421     0.0375
 -2.84734     0.3606     0.0379
 -2.83193     0.3807     0.0386
 -2.81651     0.4023     0.0395
 -2.80110     0.4255     0.0406
 -2.78569     0.4503     0.0421
 -2.77027     0.4766     0.0437
 -2.75486     0.5045     0.0457
 -2.73945     0.5341     0.0479
 -2.72403     0.5664     0.0508
 -2.70862     0.6012     0.0541
 -2.69321     0.6380     0.0576
 -2.67779     0.6764     0.0613
 -2.66238     0.7166     0.0651
 -2.64697     0.7584     0.0691
 -2.63155     0.8023     0.0732
 -2.61614     0.8488     0.0776
 -2.60073     0.8983     0.0823
 -2.58531     0.9495     0.0873
 -2.56990     1.0016     0.0923
 -2.55449     1.0545     0.0973
 -2.53907     1.1082     0.1023
 -2.52366     1.1628     0.1073
 -2.50825     1.2181     0.1123
 -2.49283     1.2748     0.1176
 -2.47742     1.3323     0.1230
 -2.46201     1.3881     0.1281
 -2.44659     1.4404     0.1326
 -2.43118     1.4890     0.1366
 -2.41577     1.5045     0.1393
 -2.40035     1.4942     0.1414
 -2.38494     1.5114     0.1443
 -2.36953     1.5510     0.1477
 -2.35411     1.5912     0.1512
 -2.33870     1.6323     0.1549
 -2.32329     1.6752     0.1588
 -2.30787     1.7210     0.1631
 -2.29246     1.7724     0.1679
 -2.27705     1.8312     0.1736
 -2.26163     1.8934     0.1796
 -2.24622     1.9604     0.1864
 -2.23081     2.0350     0.1944
 -2.21539     2.1122     0.2028
 -2.19998     2.1879     0.2110
 -2.18457     2.2622     0.2189
 -2.16915     2.3350     0.2265
 -2.15374     2.4064     0.2339
 -2.13833     2.4764     0.2410
 -2.12291     2.5448     0.2478
 -2.10750     2.6526     0.2558
 -2.09209     3.1223     0.2776
 -2.07667     3.8298     0.3091
 -2.06126     4.0358     0.3167
 -2.04585     3.7123     0.2979
 -2.03043     3.2860     0.2742
 -2.01502     2.9007     0.2523
 -1.99961     2.5851     0.2335
 -1.98419     2.3360     0.2178
 -1.96878     2.1435     0.2043
 -1.95337     2.0078     0.1931
 -1.93795     1.9603     0.1866
 -1.92254     2.1929     0.1944
 -1.90713     2.7199     0.2150
 -1.89171     3.3411     0.2377
 -1.87630     3.9619     0.2604
 -1.86089     4.5581     0.2844
 -1.84547     5.2091     0.3130
 -1.83006     6.0388     0.3502
 -1.81465     7.0885     0.3966
 -1.79923     6.8962     0.4054
 -1.78382     5.7891     0.3780
 -1.76841     5.2231     0.3593
 -1.75299     4.7787     0.3448
 -1.73758     4.3505     0.3320
 -1.72217     3.9392     0.3209
 -1.70675     4.1295     0.3316
 -1.69134     5.1786     0.3801
 -1.67593     5.1288     0.4224
 -1.66051     4.1037     0.4043
 -1.64510     3.5160     0.3546
 -1.62969     3.1363     0.3284
 -1.61427     3.0797     0.3392
 -1.59886     3.3037     0.3841
 -1.58345     3.6621     0.4498
 -1.56803     4.0305     0.5134
 -1.55262     4.6314     0.5908
 -1.53721     5.4762     0.6886
 -1.52179     6.1922     0.7750
 -1.50638     6.7916     0.8554
 -1.49097     7.4559     0.9485
 -1.47555     8.2616     1.0671
 -1.46014     9.2374     1.2149
 -1.44473     9.1050     1.1927
 -1.42931     6.6629     0.8282
 -1.41390     4.4487     0.4995
 -1.39849     3.9899     0.4278
 -1.38307     3.9894     0.4248
 -1.36766     4.1904     0.4459
 -1.35225     5.0618     0.5257
 -1.33683     6.1103     0.6111
 -1.32142     6.6743     0.6473
 -1.30601     6.7386     0.6773
 -1.29059     5.6411     0.5994
 -1.27518     4.4965     0.4722
 -1.25977     4.4604     0.4492
 -1.24435     4.8345     0.4794
 -1.22894     5.3098     0.5339
 -1.21353     5.7533     0.5937
 -1.19811     6.0492     0.6482
 -1.18270     6.9019     0.7947
 -1.16729     8.3204     1.0322
 -1.15187     6.1529     0.7845
 -1.13646     2.2305     0.2870
 -1.12105     0.9696     0.1307
 -1.10563     0.6453     0.0871
 -1.09022     0.4126     0.0559
 -1.07481     0.2703     0.0367
 -1.05939     0.2148     0.0291
 -1.04398     0.2150     0.0291
 -1.02857     0.2293     0.0309
 -1.01315     0.2441     0.0327
 -0.99774     0.2594     0.0347
 -0.98233     0.2752     0.0367
 -0.96691     0.2914     0.0387
 -0.95150     0.3082     0.0408
 -0.93609     0.3257     0.0430
 -0.92067     0.3441     0.0454
 -0.90526     0.3635     0.0479
 -0.88985     0.3840     0.0505
 -0.87443     0.4076     0.0534
 -0.85902     0.4379     0.0568
 -0.84361     0.4748     0.0609
 -0.82819     0.5171     0.0654
 -0.81278     0.5648     0.0705
 -0.79737     0.6180     0.0761
 -0.78195     0.6765     0.0822
 -0.76654     0.7405     0.0889
 -0.75113     0.8098     0.0961
 -0.73571     0.8821     0.1036
 -0.72030     0.9532     0.1109
 -0.70489     1.0210     0.1179
 -0.68947     1.0853     0.1246
 -0.67406     1.1462     0.1309
 -0.65865     1.2038     0.1369
 -0.64323     1.2579     0.1425
 -0.62782     1.3086     0.1478
 -0.61241     1.3560     0.1527
 -0.59699     1.3999     0.1573
 -0.58158     1.4404     0.1616
 -0.56617     1.4776     0.1654
 -0.55075     1.5112     0.1690
 -0.53534     1.5296     0.1712
 -0.51993     1.5007     0.1693
 -0.50451     1.4136     0.1627
 -0.48910     1.3384     0.1579
 -0.47369     1.3034     0.1572
 -0.45827     1.2698     0.1565
 -0.44286     1.2311     0.1553
 -0.42745     1.1892     0.1533
 -0.41203     1.1442     0.1502
 -0.39662     1.0955     0.1464
 -0.38121     1.0524     0.1433
 -0.36579     0.9966     0.1425
 -0.35038     0.9522     0.1432
 -0.33497     0.9411     0.1442
 -0.31955     0.9326     0.1452
 -0.30414     0.9246     0.1461
 -0.28873     0.9169     0.1471
 -0.27331     0.9096     0.1480
 -0.25790     0.9028     0.1488
 -0.24249     0.8963     0.1497
 -0.22707     0.8902     0.1505
 -0.21166     0.8846     0.1514
 -0.19625     0.8793     0.1521
 -0.18083     0.8744     0.1529
 -0.16542     0.8700     0.1537
 -0.15001     0.8659     0.1544
 -0.13459     0.8622     0.1551
 -0.11918     0.8601     0.1560
 -0.10377     0.8601     0.1573
 -0.08835     0.8607     0.1587
 -0.07294     0.8604     0.1600
 -0.05753     0.8593     0.1611
 -0.04211     0.8587     0.1623
 -0.02670     0.8610     0.1638
 -0.01129     0.8651     0.1656
  0.00413     0.8690     0.1674
  0.01954     0.8724     0.1691
  0.03495     0.8756     0.1707
  0.05037     0.8784     0.1723
  0.06578     0.8808     0.1738
  0.08119     0.8829     0.1753
  0.09661     0.8847     0.1768
  0.11202     0.8861     0.1782
  0.12743     0.8872     0.1796
  0.14285     0.8880     0.1809
  0.15826     0.8883     0.1821
  0.17367     0.8884     0.1834
  0.18909     0.8881     0.1845
  0.20450     0.8875     0.1857
  0.21991     0.8865     0.1867
  0.23533     0.8852     0.1878
  0.25074     0.8835     0.1887
  0.26615     0.8815     0.1897
  0.28157     0.8791     0.1906
  0.29698     0.8764     0.1914
  0.31239     0.8740     0.1925
  0.32781     0.8724     0.1941
  0.34322     0.8713     0.1959
  0.35863     0.8702     0.1978
  0.37405     0.8692     0.1997
  0.38946     0.8681     0.2017
  0.40487     0.8671     0.2037
  0.42029     0.8661     0.2057
  0.43570     0.8651     0.2077
  0.45111     0.8659     0.2103
  0.46653     0.8772     0.2160
  0.48194     0.8973     0.2243
  0.49735     0.9158     0.2323
  0.51277     0.9312     0.2398
  0.52818     0.9436     0.2466
  0.54359     0.9530     0.2529
  0.55901     0.9593     0.2584
  0.57442     0.9626     0.2634
  0.58983     0.9629     0.2678
  0.60525     0.9595     0.2712
  0.62066     0.9542     0.2740
  0.63607     0.9528     0.2775
  0.65149     0.9587     0.2824
  0.66690     0.9683     0.2879
  0.68231     0.9765     0.2925
  0.69773     0.9817     0.2959
  0.71314     0.9839     0.2981
  0.72855     0.9826     0.2989
  0.74397     0.9741     0.2974
  0.75938     0.9590     0.2940
  0.77479     0.9426     0.2902
  0.79021     0.9256     0.2862
  0.80562     0.9066     0.2816
  0.82103     0.8832     0.2754
  0.83645     0.8566     0.2682
  0.85186     0.8295     0.2607
  0.86727     0.8024     0.2531
  0.88269     0.7751     0.2454
  0.89810     0.7477     0.2376
  0.91351     0.7201     0.2297
  0.92893     0.6925     0.2217
  0.94434     0.6648     0.2136
  0.95975     0.6369     0.2054
  0.97517     0.6090     0.1971
  0.99058     0.5809     0.1886
  1.00599     0.5527     0.1801
  1.02141     0.5244     0.1715
  1.03682     0.4960     0.1628
  1.05223     0.4675     0.1540
  1.06765     0.4388     0.1450
  1.08306     0.4101     0.1360
  1.09847     0.3812     0.1269
  1.11389     0.3523     0.1176
  1.12930     0.3232     0.1083
  1.14471     0.2940     0.0988
  1.16013     0.2647     0.0893
  1.17554     0.2353     0.0797
  1.19095     0.2058     0.0699
  1.20637     0.1762     0.0601
  1.22178     0.1464     0.0501
  1.23719     0.1166     0.0400
  1.25261     0.0866     0.0299
  1.26802     0.0568     0.0197
  1.28343     0.0314     0.0110
  1.29885     0.0145     0.0051
  1.31426     0.0047     0.0016
  1.32967     0.0007     0.0002
  1.34509     0.0000     0.0000
  1.36050     0.0000     0.0000
  1.37591     0.0000     0.0000
  1.39133     0.0000     0.0000
  1.40674     0.0000     0.0000
  1.42215     0.0000     0.0000
  1.43757     0.0000     0.0000
  1.45298     0.0000     0.0000
  1.46839     0.0000     0.0000
  1.48381     0.0000     0.0000
  1.49922     0.0000     0.0000
  1.51463     0.0000     0.0000
  1.53005     0.0000     0.0000
  1.54546     0.0000     0.0000
  1.56087     0.0000     0.0000
  1.57629     0.0000     0.0000
  1.59170     0.0000     0.0000
  1.60711     0.0000     0.0000
  1.62253     0.0000     0.0000
  1.63794     0.0000     0.0000
  1.65335     0.0000     0.0000
  1.66877     0.0000     0.0000
  1.68418     0.0000     0.0000
  1.69959     0.0000     0.0000
  1.71501     0.0000     0.0000
  1.73042     0.0000     0.0000
  1.74583     0.0000     0.0000
  1.76125     0.0000     0.0000
  1.77666     0.0001     0.0000
  1.79207     0.0001     0.0000
  1.80749     0.0002     0.0000
  1.82290     0.0004     0.0000
  1.83831     0.0008     0.0001
  1.85373     0.0014     0.0001
  1.86914     0.0021     0.0001
  1.88455     0.0030     0.0002
  1.89997     0.0040     0.0002
  1.91538     0.0052     0.0003
  1.93079     0.0066     0.0003
  1.94621     0.0081     0.0004
  1.96162     0.0098     0.0005
  1.97703     0.0118     0.0006
  1.99245     0.0142     0.0007
  2.00786     0.0172     0.0008
  2.02327     0.0206     0.0009
  2.03869     0.0246     0.0011
  2.05410     0.0290     0.0013
  2.06951     0.0340     0.0015
  2.08493     0.0395     0.0017
  2.10034     0.0465     0.0020
  2.11575     0.0558     0.0024
  2.13117     0.0678     0.0028
  2.14658     0.0825     0.0033
  2.16199     0.0999     0.0039
  2.17741     0.1200     0.0046
  2.19282     0.1428     0.0054
  2.20823     0.1683     0.0062
  2.22365     0.1962     0.0072
  2.23906     0.2262     0.0082
  2.25447     0.2584     0.0093
  2.26989     0.2926     0.0105
  2.28530     0.3287     0.0118
  2.30071     0.3651     0.0130
  2.31613     0.3996     0.0143
  2.33154     0.4322     0.0155
  2.34695     0.4642     0.0167
  2.36237     0.4959     0.0179
  2.37778     0.5273     0.0191
  2.39319     0.5585     0.0203
  2.40861     0.5895     0.0215
  2.42402     0.6202     0.0227
  2.43943     0.6506     0.0239
  2.45485     0.6808     0.0251
  2.47026     0.7107     0.0262
  2.48567     0.7409     0.0274
  2.50109     0.7809     0.0290
  2.51650     0.8371     0.0310
  2.53191     0.9031     0.0331
  2.54733     0.9745     0.0354
  2.56274     1.0510     0.0377
  2.57815     1.1324     0.0401
  2.59357     1.2063     0.0423
  2.60898     1.2354     0.0431
  2.62439     1.1944     0.0420
  2.63981     1.1762     0.0414
  2.65522     1.2597     0.0436
  2.67063     1.4030     0.0470
  2.68605     1.5759     0.0509
  2.70146     1.7529     0.0547
  2.71687     1.9086     0.0581
  2.73229     2.0415     0.0610
  2.74770     2.1566     0.0635
  2.76311     2.2602     0.0658
  2.77853     2.3146     0.0670
  2.79394     2.2972     0.0667
  2.80935     2.2663     0.0667
  2.82477     2.2492     0.0678
  2.84018     2.2007     0.0689
  2.85559     2.0860     0.0691
  2.87101     1.9007     0.0685
  2.88642     1.6752     0.0672
  2.90183     1.5273     0.0666
  2.91725     1.4950     0.0673
  2.93266     1.5044     0.0686
  2.94807     1.5047     0.0701
  2.96349     1.4748     0.0711
  2.97890     1.4328     0.0720
  2.99431     1.3916     0.0730
  3.00973     1.3539     0.0740
  3.02514     1.3221     0.0751
  3.04055     1.2962     0.0764
  3.05597     1.2763     0.0779
  3.07138     1.2624     0.0795
  3.08679     1.2547     0.0814
  3.10221     1.2574     0.0837
  3.11762     1.2695     0.0865
  3.13303     1.2831     0.0894
  3.14845     1.2957     0.0923
  3.16386     1.3074     0.0952
  3.17927     1.3181     0.0980
  3.19469     1.3278     0.1008
  3.21010     1.3366     0.1035
  3.22551     1.3444     0.1062
  3.24093     1.3511     0.1089
  3.25634     1.3569     0.1116
  3.27175     1.3615     0.1142
  3.28717     1.3650     0.1168
  3.30258     1.3676     0.1193
  3.31799     1.3692     0.1218
  3.33341     1.3698     0.1242
  3.34882     1.3695     0.1266
  3.36423     1.3682     0.1290
  3.37965     1.3659     0.1313
  3.39506     1.3627     0.1336
  3.41047     1.3585     0.1358
  3.42589     1.3773     0.1405
  3.44130     1.4312     0.1497
  3.45671     1.4803     0.1594
  3.47213     1.4974     0.1667
  3.48754     1.4883     0.1722
  3.50295     1.4728     0.1771
  3.51837     1.4608     0.1812
  3.53378     1.4284     0.1815
  3.54919     1.3761     0.1779
  3.56461     1.3239     0.1731
  3.58002     1.2721     0.1681
  3.59543     1.2202     0.1629
  3.61085     1.1684     0.1576
  3.62626     1.1165     0.1522
  3.64167     1.0646     0.1466
  3.65709     1.0127     0.1410
  3.67250     0.9607     0.1353
  3.68791     0.9087     0.1294
  3.70333     0.8567     0.1235
  3.71874     0.8046     0.1174
  3.73415     0.7525     0.1113
  3.74957     0.7004     0.1050
  3.76498     0.6483     0.0986
  3.78039     0.5961     0.0921
  3.79581     0.5439     0.0855
  3.81122     0.4917     0.0788
  3.82663     0.4395     0.0720
  3.84205     0.3872     0.0651
  3.85746     0.3349     0.0580
  3.87287     0.2826     0.0509
  3.88829     0.2302     0.0436
  3.90370     0.1778     0.0363
  3.91911     0.1254     0.0288
  3.93453     0.0804     0.0224
  3.94994     0.0599     0.0195
  3.96535     0.0584     0.0194
  3.98077     0.0591     0.0197
  3.99618     0.0597     0.0199
  4.01159     0.0604     0.0202
  4.02701     0.0610     0.0205
  4.04242     0.0617     0.0208
  4.05783     0.0624     0.0210
  4.07325     0.0631     0.0213
  4.08866     0.0638     0.0216
  4.10407     0.0644     0.0219
  4.11949     0.0651     0.0221
  4.13490     0.0658     0.0224
  4.15031     0.0666     0.0227
  4.16573     0.0673     0.0230
  4.18114     0.0680     0.0233
  4.19655     0.0687     0.0235
  4.21197     0.0695     0.0238
  4.22738     0.0702     0.0241
  4.24279     0.0710     0.0244
  4.25821     0.0717     0.0247
  4.27362     0.0725     0.0250
  4.28903     0.0732     0.0253
  4.30445     0.0740     0.0256
  4.31986     0.0748     0.0259
  4.33527     0.0755     0.0262
  4.35069     0.0763     0.0265
  4.36610     0.0771     0.0268
  4.38151     0.0779     0.0271
  4.39693     0.0787     0.0274
  4.41234     0.0795     0.0277
  4.42775     0.0803     0.0280
  4.44317     0.0811     0.0283
  4.45858     0.0819     0.0286
  4.47399     0.0827     0.0289
  4.48941     0.0835     0.0292
  4.50482     0.0843     0.0295
  4.52023     0.0852     0.0298
  4.53565     0.0860     0.0302
  4.55106     0.0868     0.0305
  4.56647     0.0876     0.0308
  4.58189     0.0885     0.0311
  4.59730     0.0893     0.0314
  4.61271     0.0902     0.0317
  4.62813     0.0910     0.0321
  4.64354     0.0918     0.0324
  4.65895     0.0927     0.0327
  4.67437     0.0936     0.0330
  4.68978     0.0944     0.0334
  4.70519     0.0953     0.0337
  4.72061     0.0962     0.0340
  4.73602     0.0970     0.0344
  4.75143     0.0979     0.0347
  4.76685     0.0988     0.0350
  4.78226     0.0997     0.0354
  4.79767     0.1006     0.0357
  4.81309     0.1014     0.0360
  4.82850     0.1023     0.0364
  4.84391     0.1032     0.0367
  4.85933     0.1041     0.0371
  4.87474     0.1050     0.0374
  4.89015     0.1060     0.0377
  4.90557     0.1069     0.0381
  4.92098     0.1078     0.0384
  4.93639     0.1087     0.0388
  4.95181     0.1097     0.0392
  4.96722     0.1106     0.0395
  4.98263     0.1116     0.0399
  4.99805     0.1126     0.0403
  5.01346     0.1136     0.0407
  5.02887     0.1146     0.0411
  5.04429     0.1156     0.0415
  5.05970     0.1166     0.0419
  5.07511     0.1177     0.0423
  5.09053     0.1188     0.0427
  5.10594     0.1199     0.0432
  5.12135     0.1210     0.0437
  5.13677     0.1222     0.0441
  5.15218     0.1233     0.0446
  5.16759     0.1245     0.0451
  5.18301     0.1257     0.0456
  5.19842     0.1270     0.0461
  5.21383     0.1283     0.0466
  5.22925     0.1296     0.0472
  5.24466     0.1309     0.0477
  5.26007     0.1323     0.0483
  5.27549     0.1337     0.0488
  5.29090     0.1352     0.0494
  5.30631     0.1367     0.0499
  5.32173     0.1383     0.0505
  5.33714     0.1399     0.0511
  5.35255     0.1415     0.0517
  5.36797     0.1432     0.0523
  5.38338     0.1449     0.0529
  5.39879     0.1466     0.0536
  5.41421     0.1484     0.0542
  5.42962     0.1502     0.0548
  5.44503     0.1521     0.0555
  5.46045     0.1540     0.0561
  5.47586     0.1560     0.0568
  5.49127     0.1580     0.0574
  5.50669     0.1600     0.0581
  5.52210     0.1621     0.0588
  5.53751     0.1642     0.0595
  5.55293     0.1663     0.0602
  5.56834     0.1685     0.0609
  5.58375     0.1707     0.0616
  5.59917     0.1730     0.0624
  5.61458     0.1753     0.0631
  5.62999     0.1777     0.0638
  5.64541     0.1800     0.0646
  5.66082     0.1825     0.0653
  5.67623     0.1849     0.0661
  5.69165     0.1874     0.0668
  5.70706     0.1899     0.0676
  5.72247     0.1924     0.0684
  5.73789     0.1949     0.0692
  5.75330     0.1974     0.0699
  5.76871     0.2000     0.0707
  5.78413     0.2026     0.0715
  5.79954     0.2051     0.0723
  5.81495     0.2077     0.0731
  5.83037     0.2102     0.0738
  5.84578     0.2128     0.0746
  5.86119     0.2153     0.0754
  5.87661     0.2179     0.0762
  5.89202     0.2204     0.0769
  5.90743     0.2230     0.0777
  5.92285     0.2255     0.0784
  5.93826     0.2280     0.0792
  5.95367     0.2306     0.0800
  5.96909     0.2331     0.0807
  5.98450     0.2357     0.0815
  5.99991     0.2382     0.0823
  6.01533     0.2408     0.0830
  6.03074     0.2434     0.0838
  6.04615     0.2459     0.0846
  6.06157     0.2485     0.0853
  6.07698     0.2511     0.0861
  6.09239     0.2536     0.0869
  6.10781     0.2562     0.0876
  6.12322     0.2588     0.0884
  6.13863     0.2614     0.0892
  6.15405     0.2640     0.0899
  6.16946     0.2666     0.0907
  6.18487     0.2692     0.0915
  6.20029     0.2718     0.0922
  6.21570     0.2744     0.0930
  6.23111     0.2770     0.0938
  6.24653     0.2797     0.0945
  6.26194     0.2823     0.0953
  6.27735     0.2849     0.0961
  6.29277     0.2875     0.0968
  6.30818     0.2902     0.0976
  6.32359     0.2928     0.0984
  6.33901     0.2955     0.0991
  6.35442     0.2981     0.0999
  6.36983     0.3007     0.1006
  6.38525     0.3034     0.1014
  6.40066     0.3063     0.1022
  6.41607     0.3100     0.1032
  6.43149     0.3145     0.1042
  6.44690     0.3192     0.1053
  6.46231     0.3239     0.1064
  6.47773     0.3286     0.1075
  6.49314     0.3331     0.1086
  6.50855     0.3377     0.1097
  6.52397     0.3421     0.1107
  6.53938     0.3466     0.1117
  6.55479     0.3509     0.1127
  6.57021     0.3553     0.1137
  6.58562     0.3595     0.1147
  6.60103     0.3637     0.1157
  6.61645     0.3679     0.1166
  6.63186     0.3720     0.1176
  6.64727     0.3761     0.1185
  6.66269     0.3801     0.1194
  6.67810     0.3840     0.1203
  6.69351     0.3879     0.1211
  6.70893     0.3916     0.1219
  6.72434     0.3951     0.1226
  6.73975     0.3985     0.1233
  6.75517     0.4021     0.1240
  6.77058     0.4062     0.1249
  6.78599     0.4110     0.1258
  6.80141     0.4160     0.1268
  6.81682     0.4209     0.1277
  6.83223     0.4254     0.1285
  6.84765     0.4295     0.1292
  6.86306     0.4333     0.1299
  6.87847     0.4367     0.1305
  6.89389     0.4399     0.1310
  6.90930     0.4427     0.1314
  6.92471     0.4452     0.1318
  6.94013     0.4473     0.1322
  6.95554     0.4494     0.1324
  6.97095     0.4519     0.1326
  6.98637     0.4543     0.1327
  7.00178     0.4564     0.1327
  7.01719     0.4583     0.1326
  7.03261     0.4599     0.1325
  7.04802     0.4612     0.1323
  7.06343     0.4622     0.1320
  7.07885     0.4630     0.1316
  7.09426     0.4635     0.1312
  7.10967     0.4642     0.1307
  7.12509     0.4654     0.1302
  7.14050     0.4664     0.1296
  7.15591     0.4673     0.1289
  7.17133     0.4679     0.1282
  7.18674     0.4685     0.1272
  7.20215     0.4688     0.1262
  7.21757     0.4688     0.1253
  7.23298     0.4683     0.1243
  7.24839     0.4674     0.1235
  7.26381     0.4661     0.1227
  7.27922     0.4644     0.1219
  7.29463     0.4625     0.1212
  7.31005     0.4605     0.1204
  7.32546     0.4584     0.1196
  7.34087     0.4562     0.1188
  7.35629     0.4540     0.1179
  7.37170     0.4517     0.1170
  7.38711     0.4493     0.1161
  7.40253     0.4469     0.1152
  7.41794     0.4444     0.1142
  7.43335     0.4420     0.1129
  7.44877     0.4398     0.1109
  7.46418     0.4366     0.1092
  7.47959     0.4325     0.1084
  7.49501     0.4284     0.1077
  7.51042     0.4244     0.1070
  7.52583     0.4204     0.1063
  7.54125     0.4165     0.1056
  7.55666     0.4127     0.1049
  7.57207     0.4089     0.1042
  7.58749     0.4053     0.1035
  7.60290     0.4017     0.1028
  7.61831     0.3981     0.1021
  7.63373     0.3947     0.1014
  7.64914     0.3913     0.1008
  7.66455     0.3880     0.1001
  7.67997     0.3848     0.0995
  7.69538     0.3817     0.0988
  7.71079     0.3786     0.0982
  7.72621     0.3756     0.0975
  7.74162     0.3727     0.0969
  7.75703     0.3698     0.0963
  7.77245     0.3671     0.0957
  7.78786     0.3644     0.0951
  7.80327     0.3617     0.0945
  7.81869     0.3592     0.0939
  7.83410     0.3568     0.0933
  7.84951     0.3548     0.0928
  7.86493     0.3534     0.0925
  7.88034     0.3521     0.0922
  7.89575     0.3508     0.0918
  7.91117     0.3494     0.0915
  7.92658     0.3480     0.0911
  7.94199     0.3466     0.0908
  7.95741     0.3452     0.0904
  7.97282     0.3438     0.0900
  7.98823     0.3424     0.0896
  8.00365     0.3409     0.0893
  8.01906     0.3394     0.0888
  8.03447     0.3379     0.0884
  8.04989     0.3363     0.0880
  8.06530     0.3348     0.0876
  8.08071     0.3332     0.0871
  8.09613     0.3316     0.0866
  8.11154     0.3300     0.0862
  8.12695     0.3284     0.0857
  8.14237     0.3268     0.0852
  8.15778     0.3258     0.0849
  8.17319     0.3252     0.0846
  8.18861     0.3246     0.0844
  8.20402     0.3238     0.0841
  8.21943     0.3230     0.0838
  8.23485     0.3220     0.0835
  8.25026     0.3209     0.0831
  8.26567     0.3196     0.0827
  8.28109     0.3183     0.0823
  8.29650     0.3168     0.0818
  8.31191     0.3152     0.0813
  8.32733     0.3135     0.0808
  8.34274     0.3116     0.0803
  8.35815     0.3096     0.0797
  8.37357     0.3075     0.0791
  8.38898     0.3053     0.0785
  8.40439     0.3030     0.0779
  8.41981     0.3005     0.0772
  8.43522     0.2979     0.0765
  8.45063     0.2952     0.0758
  8.46605     0.2924     0.0750
  8.48146     0.2894     0.0742
  8.49687     0.2863     0.0734
  8.51229     0.2831     0.0726
  8.52770     0.2798     0.0717
  8.54311     0.2763     0.0708
  8.55853     0.2728     0.0699
  8.57394     0.2691     0.0689
  8.58935     0.2652     0.0679
  8.60477     0.2613     0.0669
  8.62018     0.2572     0.0659
  8.63559     0.2530     0.0648
  8.65101     0.2487     0.0637
  8.66642     0.2443     0.0626
  8.68183     0.2397     0.0614
  8.69725     0.2350     0.0603
  8.71266     0.2302     0.0591
  8.72807     0.2253     0.0578
  8.74349     0.2202     0.0566
  8.75890     0.2150     0.0553
  8.77431     0.2097     0.0540
  8.78973     0.2043     0.0526
  8.80514     0.1988     0.0512
  8.82055     0.1931     0.0498
  8.83597     0.1865     0.0482
  8.85138     0.1780     0.0460
  8.86679     0.1670     0.0432
  8.88221     0.1536     0.0397
  8.89762     0.1377     0.0355
  8.91303     0.1194     0.0307
  8.92845     0.1004     0.0256
  8.94386     0.0888     0.0226
  8.95927     0.0858     0.0220
  8.97469     0.0872     0.0229
  8.99010     0.0913     0.0248
  9.00551     0.0957     0.0269
  9.02093     0.1002     0.0290
  9.03634     0.1048     0.0313
  9.05175     0.1095     0.0335
  9.06717     0.1048     0.0334
  9.08258     0.0872     0.0299
  9.09799     0.0758     0.0280
  9.11341     0.0789     0.0300
  9.12882     0.0877     0.0334
  9.14423     0.0997     0.0380
  9.15965     0.1187     0.0451
  9.17506     0.1418     0.0537
  9.19047     0.1645     0.0622
  9.20589     0.1868     0.0705
  9.22130     0.2086     0.0787
  9.23671     0.2299     0.0868
  9.25213     0.2507     0.0946
  9.26754     0.2711     0.1024
  9.28295     0.2909     0.1100
  9.29837     0.3103     0.1173
  9.31378     0.3291     0.1245
  9.32919     0.3474     0.1315
  9.34461     0.3652     0.1383
  9.36002     0.3824     0.1448
  9.37543     0.3991     0.1511
  9.39085     0.4152     0.1573
  9.40626     0.4308     0.1632
  9.42167     0.4459     0.1689
  9.43709     0.4604     0.1743
  9.45250     0.4744     0.1796
  9.46791     0.4879     0.1847
  9.48333     0.5008     0.1895
  9.49874     0.5132     0.1942
  9.51415     0.5250     0.1986
  9.52957     0.5364     0.2028
  9.54498     0.5471     0.2068
  9.56039     0.5574     0.2106
  9.57581     0.5671     0.2141
  9.59122     0.5763     0.2175
  9.60663     0.5855     0.2209
  9.62205     0.5999     0.2269
  9.63746     0.6196     0.2355
  9.65287     0.6387     0.2438
  9.66829     0.6557     0.2512
  9.68370     0.6707     0.2577
  9.69911     0.6837     0.2633
  9.71453     0.6947     0.2680
  9.72994     0.7085     0.2741
  9.74535     0.7303     0.2839
  9.76077     0.7537     0.2945
  9.77618     0.7718     0.3028
  9.79159     0.7848     0.3088
  9.80701     0.7925     0.3123
  9.82242     0.7949     0.3135
  9.83783     0.7921     0.3123
  9.85325     0.7843     0.3089
  9.86866     0.7724     0.3036
  9.88407     0.7574     0.2969
  9.89949     0.7406     0.2894
  9.91490     0.7238     0.2819
  9.93031     0.7077     0.2747
  9.94573     0.6923     0.2678
  9.96114     0.6776     0.2612
  9.97655     0.6636     0.2550
  9.99197     0.6503     0.2490
 10.00738     0.6377     0.2434
 10.02279     0.6258     0.2380
 10.03821     0.6146     0.2330
 10.05362     0.6041     0.2283
 10.06903     0.5943     0.2239
 10.08445     0.5851     0.2198
 10.09986     0.5763     0.2159
 10.11527     0.5672     0.2119
 10.13069     0.5580     0.2079
 10.14610     0.5493     0.2041
 10.16151     0.5410     0.2005
 10.17693     0.5444     0.2031
 10.19234     0.6092     0.2379
 10.20775     0.7137     0.2934
 10.22317     0.8442     0.3625
 10.23858     1.2609     0.5833
 10.25399     1.4381     0.6748
 10.26941     1.1292     0.5068
 10.28482     0.8633     0.3629
 10.30023     0.6837     0.2663
 10.31565     0.5930     0.2187
 10.33106     0.5580     0.2020
 10.34647     0.5376     0.1933
 10.36189     0.5184     0.1852
 10.37730     0.5001     0.1774
 10.39271     0.4827     0.1701
 10.40813     0.4664     0.1631
 10.42354     0.4513     0.1567
 10.43895     0.4375     0.1508
 10.45437     0.4250     0.1454
 10.46978     0.4139     0.1405
 10.48519     0.4040     0.1361
 10.50061     0.3954     0.1323
 10.51602     0.3882     0.1289
 10.53143     0.3823     0.1261
 10.54685     0.3776     0.1238
 10.56226     0.3743     0.1221
 10.57767     0.3719     0.1207
 10.59309     0.3703     0.1196
 10.60850     0.3694     0.1188
 10.62391     0.3692     0.1182
 10.63933     0.3697     0.1179
 10.65474     0.3709     0.1179
 10.67015     0.3727     0.1182
 10.68557     0.3752     0.1187
 10.70098     0.3785     0.1195
 10.71639     0.3824     0.1205
 10.73181     0.3870     0.1218
 10.74722     0.3923     0.1234
 10.76263     0.3982     0.1252
 10.77805     0.4048     0.1273
 10.79346     0.4121     0.1297
 10.80887     0.4200     0.1322
 10.82429     0.4284     0.1350
 10.83970     0.4374     0.1380
 10.85511     0.4468     0.1412
 10.87053     0.4567     0.1445
 10.88594     0.4670     0.1481
 10.90135     0.4778     0.1517
 10.91677     0.4890     0.1556
 10.93218     0.5007     0.1596
 10.94759     0.5128     0.1638
 10.96301     0.5254     0.1682
 10.97842     0.5398     0.1732
 10.99383     0.6049     0.1960
 11.00925     0.7163     0.2345
 11.02466     0.7873     0.2586
 11.04007     0.7832     0.2559
 11.05549     0.7106     0.2288
 11.07090     0.6463     0.2048
 11.08631     0.6387     0.2011
 11.10173     0.6834     0.2148
 11.11714     0.7576     0.2379
 11.13255     0.8081     0.2531
 11.14797     0.8216     0.2560
 11.16338     0.7982     0.2466
 11.17879     0.7393     0.2255
 11.19421     0.6862     0.2063
 11.20962     0.6688     0.1992
 11.22503     0.6648     0.1965
 11.24045     0.6609     0.1940
 11.25586     0.6573     0.1915
 11.27127     0.6539     0.1891
 11.28669     0.6504     0.1867
 11.30210     0.6468     0.1843
 11.31751     0.6431     0.1818
 11.33293     0.6391     0.1793
 11.34834     0.6350     0.1768
 11.36375     0.6308     0.1742
 11.37917     0.6263     0.1716
 11.39458     0.6217     0.1689
 11.40999     0.6168     0.1662
 11.42541     0.6116     0.1633
 11.44082     0.6059     0.1603
 11.45623     0.5998     0.1572
 11.47165     0.5932     0.1540
 11.48706     0.5862     0.1506
 11.50247     0.5788     0.1471
 11.51789     0.5713     0.1437
 11.53330     0.5651     0.1408
 11.54871     0.5598     0.1384
 11.56413     0.5544     0.1360
 11.57954     0.5488     0.1335
 11.59495     0.5430     0.1310
 11.61037     0.5370     0.1284
 11.62578     0.5308     0.1258
 11.64119     0.5245     0.1231
 11.65661     0.5180     0.1205
 11.67202     0.5115     0.1178
 11.68743     0.5058     0.1154
 11.70285     0.5012     0.1135
 11.71826     0.4971     0.1118
 11.73367     0.4931     0.1102
 11.74909     0.4890     0.1086
 11.76450     0.4850     0.1069
 11.77991     0.4809     0.1053
 11.79533     0.4769     0.1037
 11.81074     0.4729     0.1022
 11.82615     0.4689     0.1006
 11.84157     0.4650     0.0990
 11.85698     0.4611     0.0975
 11.87239     0.4574     0.0960
 11.88781     0.4538     0.0945
 11.90322     0.4502     0.0931
 11.91863     0.4466     0.0917
 11.93405     0.4431     0.0902
 11.94946     0.4397     0.0888
 11.96487     0.4363     0.0874
 11.98029     0.4329     0.0861
 11.99570     0.4296     0.0847
 12.01111     0.4263     0.0834
 12.02653     0.4230     0.0820
 12.04194     0.4198     0.0807
 12.05735     0.4166     0.0794
 12.07277     0.4135     0.0781
 12.08818     0.4104     0.0768
 12.10359     0.4074     0.0756
 12.11901     0.4044     0.0743
 12.13442     0.4014     0.0731
 12.14983     0.3985     0.0719
 12.16525     0.3956     0.0707
 12.18066     0.3927     0.0695
 12.19607     0.3897     0.0682
 12.21149     0.3863     0.0668
 12.22690     0.3824     0.0650
 12.24231     0.3781     0.0630
 12.25773     0.3733     0.0607
 12.27314     0.3687     0.0585
 12.28855     0.3651     0.0571
 12.30397     0.3622     0.0562
 12.31938     0.3594     0.0553
 12.33479     0.3565     0.0545
 12.35021     0.3538     0.0536
 12.36562     0.3511     0.0528
 12.38103     0.3484     0.0519
 12.39645     0.3457     0.0511
 12.41186     0.3430     0.0503
 12.42727     0.3400     0.0493
 12.44269     0.3367     0.0480
 12.45810     0.3330     0.0465
 12.47351     0.3290     0.0447
 12.48893     0.3251     0.0431
 12.50434     0.3220     0.0422
 12.51975     0.3193     0.0416
 12.53517     0.3167     0.0410
 12.55058     0.3140     0.0404
 12.56599     0.3114     0.0399
 12.58141     0.3089     0.0393
 12.59682     0.3063     0.0388
 12.61223     0.3038     0.0383
 12.62765     0.3014     0.0377
 12.64306     0.2989     0.0372
 12.65847     0.2964     0.0367
 12.67389     0.2940     0.0362
 12.68930     0.2916     0.0357
 12.70471     0.2893     0.0352
 12.72013     0.2869     0.0347
 12.73554     0.2846     0.0342
 12.75095     0.2823     0.0338
 12.76637     0.2801     0.0333
 12.78178     0.2778     0.0328
 12.79719     0.2756     0.0324
 12.81261     0.2735     0.0319
 12.82802     0.2713     0.0315
 12.84343     0.2692     0.0310
 12.85885     0.2671     0.0306
 12.87426     0.2650     0.0302
 12.88967     0.2629     0.0298
 12.90509     0.2609     0.0293
 12.92050     0.2589     0.0289
 12.93591     0.2569     0.0285
 12.95133     0.2549     0.0281
 12.96674     0.2529     0.0277
 12.98215     0.2510     0.0273
 12.99757     0.2490     0.0269
 13.01298     0.2471     0.0265
 13.02839     0.2452     0.0261
 13.04381     0.2434     0.0257
 13.05922     0.2415     0.0254
 13.07463     0.2397     0.0250
 13.09005     0.2378     0.0246
 13.10546     0.2360     0.0242
 13.12087     0.2342     0.0239
 13.13629     0.2325     0.0235
 13.15170     0.2307     0.0231
 13.16711     0.2289     0.0228
 13.18253     0.2272     0.0224
 13.19794     0.2255     0.0221
 13.21335     0.2237     0.0217
 13.22877     0.2220     0.0214
 13.24418     0.2203     0.0210
 13.25959     0.2186     0.0207
 13.27501     0.2169     0.0203
 13.29042     0.2152     0.0200
 13.30583     0.2136     0.0197
 13.32125     0.2119     0.0193
 13.33666     0.2102     0.0190
 13.35207     0.2085     0.0186
 13.36749     0.2068     0.0182
 13.38290     0.2050     0.0178
 13.39831     0.2033     0.0175
 13.41373     0.2016     0.0171
 13.42914     0.1998     0.0168
 13.44455     0.1981     0.0164
 13.45997     0.1965     0.0161
 13.47538     0.1948     0.0158
 13.49079     0.1931     0.0155
 13.50621     0.1915     0.0152
 13.52162     0.1898     0.0149
 13.53703     0.1882     0.0147
 13.55245     0.1866     0.0144
 13.56786     0.1850     0.0142
 13.58327     0.1834     0.0139
 13.59869     0.1819     0.0137
 13.61410     0.1803     0.0135
 13.62951     0.1787     0.0132
 13.64493     0.1771     0.0130
 13.66034     0.1755     0.0127
 13.67575     0.1738     0.0124
 13.69117     0.1722     0.0122
 13.70658     0.1706     0.0119
 13.72199     0.1689     0.0117
 13.73741     0.1673     0.0115
 13.75282     0.1657     0.0112
 13.76823     0.1641     0.0110
 13.78365     0.1626     0.0108
 13.79906     0.1610     0.0107
 13.81447     0.1595     0.0105
 13.82989     0.1581     0.0103
 13.84530     0.1569     0.0102
 13.86071     0.1558     0.0101
 13.87613     0.1548     0.0100
 13.89154     0.1539     0.0099
 13.90695     0.1529     0.0097
 13.92237     0.1519     0.0096
 13.93778     0.1510     0.0095
 13.95319     0.1502     0.0094
 13.96861     0.1496     0.0093
 13.98402     0.1491     0.0092
 13.99943     0.1487     0.0091
 14.01485     0.1485     0.0090
 14.03026     0.1485     0.0089
 14.04567     0.1485     0.0089
 14.06109     0.1487     0.0088
 14.07650     0.1490     0.0087
 14.09191     0.1493     0.0087
 14.10733     0.1498     0.0086
 14.12274     0.1506     0.0086
 14.13815     0.1516     0.0085
 14.15357     0.1856     0.0127
 14.16898     0.3111     0.0284
 14.18439     0.4319     0.0436
 14.19981     0.4195     0.0420
 14.21522     0.3150     0.0289
 14.23063     0.2524     0.0209
 14.24605     0.2571     0.0214
 14.26146     0.2658     0.0222
 14.27687     0.2764     0.0232
 14.29229     0.2888     0.0245
 14.30770     0.3031     0.0259
 14.32311     0.3192     0.0274
 14.33853     0.3372     0.0292
 14.35394     0.3571     0.0311
 14.36935     0.3788     0.0332
 14.38477     0.4309     0.0390
 14.40018     0.5791     0.0563
 14.41559     0.7309     0.0742
 14.43101     0.7467     0.0756
 14.44642     0.6687     0.0657
 14.46183     0.6361     0.0612
 14.47725     0.6728     0.0649
 14.49266     0.7131     0.0691
 14.50807     0.7371     0.0719
 14.52349     0.7406     0.0732
 14.53890     0.7412     0.0742
 14.55431     0.7443     0.0754
 14.56973     0.7497     0.0768
 14.58514     0.7576     0.0784
 14.60055     0.7679     0.0801
 14.61597     0.7806     0.0821
 14.63138     0.7957     0.0843
 14.64679     0.8132     0.0867
 14.66221     0.8331     0.0892
 14.67762     0.8555     0.0920
 14.69303     0.8802     0.0949
 14.70845     0.9092     0.0982
 14.72386     0.9452     0.1021
 14.73927     0.9725     0.1054
 14.75469     0.9800     0.1071
 14.77010     0.9797     0.1080
 14.78551     0.9780     0.1088
 14.80093     0.9749     0.1093
 14.81634     0.9703     0.1096
 14.83175     0.9643     0.1097
 14.84717     0.9569     0.1097
 14.86258     0.9480     0.1094
 14.87799     0.9378     0.1089
 14.89341     0.9262     0.1082
 14.90882     0.9132     0.1074
 14.92423     0.8989     0.1063
 14.93965     0.8833     0.1051
 14.95506     0.8663     0.1037
 14.97047     0.8483     0.1022
 14.98589     0.8307     0.1007
 15.00130     0.8182     0.0997
 15.01671     0.8144     0.0994
 15.03213     0.8138     0.0994
 15.04754     0.8117     0.0993
 15.06295     0.8081     0.0990
 15.07837     0.8030     0.0985
 15.09378     0.7963     0.0979
 15.10919     0.7881     0.0971
 15.12461     0.7784     0.0961
 15.14002     0.7672     0.0950
 15.15543     0.7541     0.0937
 15.17085     0.7387     0.0922
 15.18626     0.7208     0.0904
 15.20167     0.7007     0.0884
 15.21709     0.6800     0.0863
 15.23250     0.6605     0.0844
 15.24791     0.6427     0.0827
 15.26333     0.6266     0.0812
 15.27874     0.6122     0.0798
 15.29415     0.5995     0.0787
 15.30957     0.5885     0.0778
 15.32498     0.5793     0.0770
 15.34039     0.5717     0.0765
 15.35581     0.5658     0.0762
 15.37122     0.5616     0.0760
 15.38663     0.5584     0.0760
 15.40205     0.5556     0.0760
 15.41746     0.5530     0.0761
 15.43287     0.5508     0.0763
 15.44829     0.5488     0.0764
 15.46370     0.5470     0.0767
 15.47911     0.5455     0.0769
 15.49453     0.5442     0.0772
 15.50994     0.5432     0.0776
 15.52535     0.5425     0.0780
 15.54077     0.5420     0.0784
 15.55618     0.5418     0.0789
 15.57159     0.5418     0.0795
 15.58701     0.5420     0.0800
 15.60242     0.5410     0.0804
 15.61783     0.5385     0.0805
 15.63325     0.5354     0.0804
 15.64866     0.5318     0.0802
 15.66407     0.5277     0.0799
 15.67949     0.5232     0.0795
 15.69490     0.5182     0.0790
 15.71031     0.5132     0.0785
 15.72573     0.5089     0.0782
 15.74114     0.5050     0.0781
 15.75655     0.5012     0.0779
 15.77197     0.4974     0.0778
 15.78738     0.4936     0.0775
 15.80279     0.4895     0.0772
 15.81821     0.4835     0.0765
 15.83362     0.4751     0.0753
 15.84903     0.4652     0.0737
 15.86445     0.4538     0.0718
 15.87986     0.4417     0.0698
 15.89527     0.4300     0.0679
 15.91069     0.4182     0.0660
 15.92610     0.4063     0.0639
 15.94151     0.3941     0.0618
 15.95693     0.3817     0.0595
 15.97234     0.3691     0.0571
 15.98775     0.3562     0.0545
 16.00317     0.3431     0.0518
 16.01858     0.3299     0.0490
 16.03399     0.3166     0.0462
 16.04941     0.3037     0.0434
 16.06482     0.2912     0.0407
 16.08023     0.2792     0.0380
 16.09565     0.2677     0.0355
 16.11106     0.2567     0.0330
 16.12647     0.2461     0.0307
 16.14189     0.2360     0.0284
 16.15730     0.2264     0.0262
 16.17271     0.2172     0.0241
 16.18813     0.2088     0.0222
 16.20354     0.2015     0.0205
 16.21895     0.1950     0.0191
 16.23437     0.1892     0.0179
 16.24978     0.1843     0.0168
 16.26519     0.1800     0.0160
 16.28061     0.1766     0.0153
 16.29602     0.1739     0.0149
 16.31143     0.1719     0.0147
 16.32685     0.1706     0.0146
 16.34226     0.1697     0.0146
 16.35767     0.1689     0.0146
 16.37309     0.1682     0.0147
 16.38850     0.1675     0.0147
 16.40391     0.1669     0.0148
 16.41933     0.1663     0.0148
 16.43474     0.1658     0.0149
 16.45015     0.1654     0.0150
 16.46557     0.1650     0.0151
 16.48098     0.1647     0.0151
 16.49639     0.1644     0.0152
 16.51181     0.1642     0.0153
 16.52722     0.1640     0.0154
 16.54263     0.1639     0.0155
 16.55805     0.1638     0.0156
 16.57346     0.1637     0.0157
 16.58887     0.1637     0.0158
 16.60429     0.1637     0.0159
 16.61970     0.1638     0.0160
 16.63511     0.1639     0.0161
 16.65053     0.1641     0.0162
 16.66594     0.1643     0.0164
 16.68135     0.1645     0.0165
 16.69677     0.1648     0.0166
 16.71218     0.1651     0.0167
 16.72759     0.1655     0.0169
 16.74301     0.1659     0.0170
 16.75842     0.1663     0.0171
 16.77383     0.1668     0.0173
 16.78925     0.1673     0.0174
 16.80466     0.1678     0.0175
 16.82007     0.1684     0.0177
 16.83549     0.1689     0.0178
 16.85090     0.1694     0.0180
 16.86631     0.1700     0.0181
 16.88173     0.1705     0.0183
 16.89714     0.1711     0.0184
 16.91255     0.1717     0.0185
 16.92797     0.1723     0.0187
 16.94338     0.1729     0.0188
 16.95879     0.1736     0.0190
 16.97421     0.1742     0.0191
 16.98962     0.1749     0.0192
 17.00503     0.1755     0.0194
 17.02045     0.1762     0.0195
 17.03586     0.1767     0.0196
 17.05127     0.1773     0.0197
 17.06669     0.1778     0.0199
 17.08210     0.1782     0.0200
 17.09751     0.1786     0.0201
 17.11293     0.1789     0.0202
 17.12834     0.1792     0.0203
 17.14375     0.1795     0.0204
 17.15917     0.1797     0.0206
 17.17458     0.1799     0.0207
 17.18999     0.1800     0.0208
 17.20541     0.1801     0.0209
 17.22082     0.1801     0.0210
 17.23623     0.1801     0.0211
 17.25165     0.1800     0.0211
 17.26706     0.1799     0.0212
 17.28247     0.1798     0.0213
 17.29789     0.1796     0.0214
 17.31330     0.1793     0.0215
 17.32871     0.1790     0.0216
 17.34413     0.1787     0.0217
 17.35954     0.1783     0.0217
 17.37495     0.1779     0.0218
 17.39037     0.1776     0.0218
 17.40578     0.1773     0.0218
 17.42119     0.1770     0.0219
 17.43661     0.1767     0.0219
 17.45202     0.1764     0.0220
 17.46743     0.1760     0.0220
 17.48285     0.1756     0.0220
 17.49826     0.1753     0.0221
 17.51367     0.1748     0.0221
 17.52909     0.1744     0.0221
 17.54450     0.1740     0.0222
 17.55991     0.1735     0.0222
 17.57533     0.1729     0.0222
 17.59074     0.1722     0.0221
 17.60615     0.1715     0.0221
 17.62157     0.1707     0.0221
 17.63698     0.1701     0.0221
 17.65239     0.1696     0.0220
 17.66781     0.1693     0.0220
 17.68322     0.1690     0.0220
 17.69863     0.1687     0.0220
 17.71405     0.1685     0.0220
 17.72946     0.1682     0.0220
 17.74487     0.1680     0.0220
 17.76029     0.1678     0.0220
 17.77570     0.1676     0.0219
 17.79111     0.1674     0.0219
 17.80653     0.1673     0.0219
 17.82194     0.1671     0.0219
 17.83735     0.1670     0.0219
 17.85277     0.1669     0.0219
 17.86818     0.1668     0.0218
 17.88359     0.1667     0.0218
 17.89901     0.1667     0.0218
 17.91442     0.1666     0.0218
 17.92983     0.1666     0.0218
 17.94525     0.1666     0.0217
 17.96066     0.1666     0.0217
 17.97607     0.1666     0.0217
 17.99149     0.1667     0.0216
 18.00690     0.1667     0.0216
 18.02231     0.1668     0.0216
 18.03773     0.1669     0.0216
 18.05314     0.1670     0.0215
 18.06855     0.1671     0.0215
 18.08397     0.1673     0.0215
 18.09938     0.1674     0.0214
 18.11479     0.1676     0.0214
 18.13021     0.1678     0.0213
 18.14562     0.1680     0.0213
 18.16103     0.1683     0.0213
 18.17645     0.1685     0.0212
 18.19186     0.1688     0.0212
 18.20727     0.1690     0.0211
 18.22269     0.1693     0.0211
 18.23810     0.1696     0.0211
 18.25351     0.1700     0.0210
 18.26893     0.1703     0.0210
 18.28434     0.1707     0.0209
 18.29975     0.1711     0.0209
 18.31517     0.1715     0.0208
 18.33058     0.1720     0.0208
 18.34599     0.1725     0.0207
 18.36141     0.1731     0.0207
 18.37682     0.1737     0.0206
 18.39223     0.1743     0.0206
 18.40765     0.1749     0.0205
 18.42306     0.1755     0.0205
 18.43847     0.1761     0.0204
 18.45389     0.1768     0.0203
 18.46930     0.1775     0.0203
 18.48471     0.1782     0.0202
 18.50013     0.1789     0.0202
 18.51554     0.1796     0.0201
 18.53095     0.1803     0.0201
 18.54637     0.1812     0.0200
 18.56178     0.1821     0.0200
 18.57719     0.1830     0.0199
 18.59261     0.1839     0.0199
 18.60802     0.1849     0.0198
 18.62343     0.1859     0.0198
 18.63885     0.1868     0.0197
 18.65426     0.1878     0.0197
 18.66967     0.1888     0.0196
 18.68509     0.1898     0.0196
 18.70050     0.1907     0.0195
 18.71591     0.1917     0.0195
 18.73133     0.1927     0.0195
 18.74674     0.1937     0.0194
 18.76215     0.1947     0.0194
 18.77757     0.1957     0.0193
 18.79298     0.1967     0.0193
 18.80839     0.1977     0.0192
 18.82381     0.1986     0.0192
 18.83922     0.1996     0.0192
 18.85463     0.2006     0.0191
 18.87005     0.2016     0.0191
 18.88546     0.2025     0.0191
 18.90087     0.2035     0.0190
 18.91629     0.2044     0.0190
 18.93170     0.2053     0.0189
 18.94711     0.2062     0.0189
 18.96253     0.2071     0.0189
 18.97794     0.2080     0.0188
 18.99335     0.2089     0.0188
 19.00877     0.2097     0.0187
 19.02418     0.2106     0.0187
 19.03959     0.2114     0.0187
 19.05501     0.2123     0.0186
 19.07042     0.2131     0.0186
 19.08583     0.2139     0.0186
 19.10125     0.2148     0.0185
 19.11666     0.2157     0.0185
 19.13207     0.2167     0.0185
 19.14749     0.2176     0.0185
 19.16290     0.2185     0.0185
 19.17831     0.2194     0.0184
 19.19373     0.2203     0.0184
 19.20914     0.2212     0.0184
 19.22455     0.2221     0.0184
 19.23997     0.2230     0.0184
 19.25538     0.2239     0.0184
 19.27079     0.2248     0.0184
 19.28621     0.2258     0.0184
 19.30162     0.2269     0.0184
 19.31703     0.2280     0.0184
 19.33245     0.2291     0.0184
 19.34786     0.2302     0.0184
 19.36327     0.2313     0.0184
 19.37869     0.2325     0.0184
 19.39410     0.2336     0.0184
 19.40951     0.2348     0.0184
 19.42493     0.2360     0.0184
 19.44034     0.2372     0.0184
 19.45575     0.2384     0.0184
 19.47117     0.2397     0.0184
 19.48658     0.2410     0.0185
 19.50199     0.2423     0.0185
 19.51741     0.2436     0.0185
 19.53282     0.2450     0.0185
 19.54823     0.2464     0.0185
 19.56365     0.2478     0.0185
 19.57906     0.2492     0.0185
 19.59447     0.2507     0.0185
 19.60989     0.2522     0.0186
 19.62530     0.2537     0.0186
 19.64071     0.2552     0.0186
 19.65613     0.2568     0.0186
 19.67154     0.2582     0.0186
 19.68695     0.2595     0.0186
 19.70237     0.2606     0.0186
 19.71778     0.2615     0.0186
 19.73319     0.2622     0.0186
 19.74861     0.2628     0.0185
 19.76402     0.2631     0.0185
 19.77943     0.2632     0.0184
 19.79485     0.2632     0.0184
 19.81026     0.2629     0.0183
 19.82567     0.2624     0.0182
 19.84109     0.2621     0.0181
 19.85650     0.2626     0.0181
 19.87191     0.2633     0.0181
 19.88733     0.2638     0.0181
 19.90274     0.2641     0.0180
 19.91815     0.2643     0.0180
 19.93357     0.2642     0.0179
 19.94898     0.2640     0.0179
 19.96439     0.2636     0.0178
 19.97981     0.2631     0.0177
 19.99522     0.2623     0.0176
 20.01063     0.2614     0.0175
 20.02605     0.2603     0.0174
 20.04146     0.2591     0.0173
 20.05687     0.2585     0.0173
 20.07229     0.2585     0.0172
 20.08770     0.2586     0.0172
 20.10311     0.2586     0.0171
 20.11853     0.2586     0.0171
 20.13394     0.2585     0.0170
 20.14935     0.2585     0.0170
 20.16477     0.2584     0.0169
 20.18018     0.2583     0.0169
 20.19559     0.2582     0.0168
 20.21101     0.2581     0.0168
 20.22642     0.2579     0.0167
 20.24183     0.2577     0.0167
 20.25725     0.2575     0.0166
 20.27266     0.2573     0.0165
 20.28807     0.2571     0.0165
 20.30349     0.2568     0.0164
 20.31890     0.2565     0.0163
 20.33431     0.2562     0.0162
 20.34973     0.2558     0.0162
 20.36514     0.2555     0.0161
 20.38055     0.2551     0.0160
 20.39597     0.2547     0.0159
 20.41138     0.2543     0.0159
 20.42679     0.2538     0.0158
 20.44221     0.2534     0.0157
 20.45762     0.2529     0.0156
 20.47303     0.2524     0.0155
 20.48845     0.2518     0.0154
 20.50386     0.2513     0.0153
 20.51927     0.2507     0.0152
 20.53469     0.2501     0.0151
 20.55010     0.2495     0.0150
 20.56551     0.2488     0.0149
 20.58093     0.2482     0.0148
 20.59634     0.2475     0.0147
 20.61175     0.2468     0.0146
 20.62717     0.2460     0.0145
 20.64258     0.2453     0.0144
 20.65799     0.2448     0.0143
 20.67341     0.2444     0.0142
 20.68882     0.2442     0.0141
 20.70423     0.2442     0.0140
 20.71965     0.2448     0.0139
 20.73506     0.2476     0.0139
 20.75047     0.2521     0.0140
 20.76589     0.2565     0.0140
 20.78130     0.2605     0.0141
 20.79671     0.2643     0.0141
 20.81213     0.2677     0.0142
 20.82754     0.2708     0.0142
 20.84295     0.2735     0.0142
 20.85837     0.2760     0.0142
 20.87378     0.2781     0.0141
 20.88919     0.2799     0.0141
 20.90461     0.2814     0.0141
 20.92002     0.2825     0.0140
 20.93543     0.2835     0.0139
 20.95085     0.2844     0.0139
 20.96626     0.2862     0.0138
 20.98167     0.2902     0.0138
 20.99709     0.2955     0.0139
 21.01250     0.3002     0.0140
 21.02791     0.3043     0.0140
 21.04333     0.3078     0.0140
 21.05874     0.3106     0.0140
 21.07415     0.3128     0.0140
 21.08957     0.3146     0.0140
 21.10498     0.3162     0.0139
 21.12039     0.3177     0.0138
 21.13581     0.3185     0.0137
 21.15122     0.3187     0.0136
 21.16663     0.3182     0.0135
 21.18205     0.3171     0.0133
 21.19746     0.3154     0.0131
 21.21287     0.3129     0.0129
 21.22829     0.3099     0.0127
 21.24370     0.3062     0.0124
 21.25911     0.3019     0.0121
 21.27453     0.2975     0.0119
 21.28994     0.2930     0.0116
 21.30535     0.2880     0.0113
 21.32077     0.2827     0.0111
 21.33618     0.2768     0.0108
 21.35159     0.2706     0.0105
 21.36701     0.2641     0.0102
 21.38242     0.2574     0.0098
 21.39783     0.2504     0.0095
 21.41325     0.2433     0.0092
 21.42866     0.2360     0.0088
 21.44407     0.2291     0.0085
 21.45949     0.2224     0.0082
 21.47490     0.2160     0.0078
 21.49031     0.2098     0.0076
 21.50573     0.2039     0.0073
 21.52114     0.1979     0.0070
 21.53655     0.1920     0.0067
 21.55197     0.1860     0.0065
 21.56738     0.1802     0.0062
 21.58279     0.1743     0.0059
 21.59821     0.1684     0.0057
 21.61362     0.1626     0.0054
 21.62903     0.1568     0.0052
 21.64445     0.1510     0.0049
 21.65986     0.1452     0.0047
 21.67527     0.1394     0.0045
 21.69069     0.1338     0.0042
 21.70610     0.1283     0.0040
 21.72151     0.1231     0.0038
 21.73693     0.1182     0.0036
 21.75234     0.1135     0.0034
 21.76775     0.1090     0.0032
 21.78317     0.1049     0.0030
 21.79858     0.1009     0.0029
 21.81399     0.0973     0.0027
 21.82941     0.0939     0.0026
 21.84482     0.0908     0.0024
 21.86023     0.0880     0.0023
 21.87565     0.0854     0.0022
 21.89106     0.0832     0.0021
 21.90647     0.0812     0.0020
 21.92189     0.0795     0.0019
 21.93730     0.0782     0.0019
 21.95271     0.0772     0.0018
 21.96813     0.0762     0.0018
 21.98354     0.0755     0.0017
 21.99895     0.0749     0.0017
 22.01437     0.0744     0.0017
 22.02978     0.0741     0.0017
 22.04519     0.0740     0.0017
 22.06061     0.0740     0.0017
 22.07602     0.0744     0.0017
 22.09143     0.0754     0.0017
 22.10685     0.0767     0.0018
 22.12226     0.0782     0.0019
 22.13767     0.0797     0.0020
 22.15309     0.0812     0.0021
 22.16850     0.0827     0.0022
 22.18391     0.0842     0.0023
 22.19933     0.0856     0.0023
 22.21474     0.0871     0.0024
 22.23015     0.0886     0.0025
 22.24557     0.0901     0.0026
 22.26098     0.0917     0.0027
 22.27639     0.0937     0.0028
 22.29181     0.0960     0.0030
 22.30722     0.0984     0.0031
 22.32263     0.1008     0.0033
 22.33805     0.1032     0.0034
 22.35346     0.1056     0.0036
 22.36887     0.1081     0.0038
 22.38429     0.1106     0.0039
 22.39970     0.1131     0.0041
 22.41511     0.1157     0.0043
 22.43053     0.1183     0.0044
 22.44594     0.1210     0.0046
 22.46135     0.1237     0.0048
 22.47677     0.1264     0.0049
 22.49218     0.1292     0.0051
 22.50759     0.1320     0.0053
 22.52301     0.1349     0.0055
 22.53842     0.1378     0.0057
 22.55383     0.1408     0.0058
 22.56925     0.1438     0.0060
 22.58466     0.1468     0.0062
 22.60007     0.1499     0.0064
 22.61549     0.1530     0.0066
 22.63090     0.1562     0.0068
 22.64631     0.1595     0.0070
 22.66173     0.1628     0.0072
 22.67714     0.1661     0.0074
 22.69255     0.1695     0.0077
 22.70797     0.1730     0.0079
 22.72338     0.1766     0.0081
 22.73879     0.1802     0.0083
 22.75421     0.1839     0.0086
 22.76962     0.1876     0.0088
 22.78503     0.1914     0.0090
 22.80045     0.1952     0.0093
 22.81586     0.1992     0.0095
 22.83127     0.2031     0.0098
 22.84669     0.2072     0.0100
 22.86210     0.2113     0.0103
 22.87751     0.2154     0.0106
 22.89293     0.2196     0.0108
 22.90834     0.2239     0.0111
 22.92375     0.2282     0.0114
 22.93917     0.2325     0.0117
 22.95458     0.2369     0.0119
 22.96999     0.2414     0.0122
 22.98541     0.2459     0.0125
 23.00082     0.2505     0.0128
