% rows 2968 cols 3
-22.72492     0.0000     0.0000
-22.70951     0.0000     0.0000
-22.69409     0.0000     0.0000
-22.67868     0.0000     0.0000
-22.66327     0.0000     0.0000
-22.64785     0.0000     0.0000
-22.63244     0.0000     0.0000
-22.61703     0.0000     0.0000
-22.60161     0.0000     0.0000
-22.58620     0.0000     0.0000
-22.57079     0.0000     0.0000
-22.55537     0.0000     0.0000
-22.53996     0.0000     0.0000
-22.52455     0.0000     0.0000
-22.50913     0.0000     0.0000
-22.49372     0.0000     0.0000
-22.47831     0.0000     0.0000
-22.46289     0.0000     0.0000
-22.44748     0.0000     0.0000
-22.43207     0.0000     0.0000
-22.41665     0.0000     0.0000
-22.40124     0.0000     0.0000
-22.38583     0.0000     0.0000
-22.37041     0.0000     0.0000
-22.35500     0.0000     0.0000
-22.33959     0.0000     0.0000
-22.32417     0.0000     0.0000
-22.30876     0.0000     0.0000
-22.29335     0.0000     0.0000
-22.27793     0.0000     0.0000
-22.26252     0.0000     0.0000
-22.24711     0.0000     0.0000
-22.23169     0.0000     0.0000
-22.21628     0.0000     0.0000
-22.20087     0.0000     0.0000
-22.18545     0.0000     0.0000
-22.17004     0.0000     0.0000
-22.15463     0.0000     0.0000
-22.13921     0.0000     0.0000
-22.12380     0.0000     0.0000
-22.10839     0.0000     0.0000
-22.09297     0.0000     0.0000
-22.07756     0.0000     0.0000
-22.06215     0.0000     0.0000
-22.04673     0.0000     0.0000
-22.03132     0.0000     0.0000
-22.01591     0.0000     0.0000
-22.00049     0.0000     0.0000
-21.98508     0.0000     0.0000
-21.96967     0.0000     0.0000
-21.95425     0.0000     0.0000
-21.93884     0.0000     0.0000
-21.92343     0.0000     0.0000
-21.90801     0.0000     0.0000
-21.89260     0.0000     0.0000
-21.87719     0.0000     0.0000
-21.86177     0.0000     0.0000
-21.84636     0.0000     0.0000
-21.83095     0.0000     0.0000
-21.81553     0.0000     0.0000
-21.80012     0.0000     0.0000
-21.78471     0.0000     0.0000
-21.76929     0.0000     0.0000
-21.75388     0.0000     0.0000
-21.73847     0.0000     0.0000
-21.72305     0.0000     0.0000
-21.70764     0.0000     0.0000
-21.69223     0.0000     0.0000
-21.67681     0.0000     0.0000
-21.66140     0.0000     0.0000
-21.64599     0.0000     0.0000
-21.63057     0.0000     0.0000
-21.61516     0.0000     0.0000
-21.59975     0.0000     0.0000
-21.58433     0.0000     0.0000
-21.56892     0.0000     0.0000
-21.55351     0.0000     0.0000
-21.53809     0.0000     0.0000
-21.52268     0.0000     0.0000
-21.50727     0.0000     0.0000
-21.49185     0.0000     0.0000
-21.47644     0.0000     0.0000
-21.46103     0.0000     0.0000
-21.44561     0.0000     0.0000
-21.43020     0.0000     0.0000
-21.41479     0.0000     0.0000
-21.39937     0.0000     0.0000
-21.38396     0.0000     0.0000
-21.36855     0.0000     0.0000
-21.35313     0.0000     0.0000
-21.33772     0.0000     0.0000
-21.32231     0.0000     0.0000
-21.30689     0.0000     0.0000
-21.29148     0.0000     0.0000
-21.27607     0.0000     0.0000
-21.26065     0.0000     0.0000
-21.24524     0.0000     0.0000
-21.22983     0.0000     0.0000
-21.21441     0.0000     0.0000
-21.19900     0.0000     0.0000
-21.18359     0.0000     0.0000
-21.16817     0.0000     0.0000
-21.15276     0.0000     0.0000
-21.13735     0.0000     0.0000
-21.12193     0.0000     0.0000
-21.10652     0.0000     0.0000
-21.09111     0.0000     0.0000
-21.07569     0.0000     0.0000
-21.06028     0.0000     0.0000
-21.04487     0.0000     0.0000
-21.02945     0.0000     0.0000
-21.01404     0.0000     0.0000
-20.99863     0.0000     0.0000
-20.98321     0.0000     0.0000
-20.96780     0.0000     0.0000
-20.95239     0.0000     0.0000
-20.93697     0.0000     0.0000
-20.92156     0.0000     0.0000
-20.90615     0.0000     0.0000
-20.89073     0.0000     0.0000
-20.87532     0.0000     0.0000
-20.85991     0.0000     0.0000
-20.84449     0.0000     0.0000
-20.82908     0.0000     0.0000
-20.81367     0.0000     0.0000
-20.79825     0.0000     0.0000
-20.78284     0.0000     0.0000
-20.76743     0.0000     0.0000
-20.75201     0.0000     0.0000
-20.73660     0.0000     0.0000
-20.72119     0.0000     0.0000
-20.70577     0.0000     0.0000
-20.69036     0.0000     0.0000
-20.67495     0.0000     0.0000
-20.65953     0.0000     0.0000
-20.64412     0.0000     0.0000
-20.62871     0.0000     0.0000
-20.61329     0.0000     0.0000
-20.59788     0.0000     0.0000
-20.58247     0.0000     0.0000
-20.56705     0.0000     0.0000
-20.55164     0.0000     0.0000
-20.53623     0.0000     0.0000
-20.52081     0.0000     0.0000
-20.50540     0.0000     0.0000
-20.48999     0.0000     0.0000
-20.47457     0.0000     0.0000
-20.45916     0.0000     0.0000
-20.44375     0.0000     0.0000
-20.42833     0.0000     0.0000
-20.41292     0.0000     0.0000
-20.39751     0.0000     0.0000
-20.38209     0.0000     0.0000
-20.36668     0.0000     0.0000
-20.35127     0.0000     0.0000
-20.33585     0.0000     0.0000
-20.32044     0.0000     0.0000
-20.30503     0.0000     0.0000
-20.28961     0.0000     0.0000
-20.27420     0.0000     0.0000
-20.25879     0.0000     0.0000
-20.24337     0.0000     0.0000
-20.22796     0.0000     0.0000
-20.21255     0.0000     0.0000
-20.19713     0.0000     0.0000
-20.18172     0.0000     0.0000
-20.16631     0.0000     0.0000
-20.15089     0.0000     0.0000
-20.13548     0.0000     0.0000
-20.12007     0.0000     0.0000
-20.10465     0.0000     0.0000
-20.08924     0.0000     0.0000
-20.07383     0.0000     0.0000
-20.05841     0.0000     0.0000
-20.04300     0.0000     0.0000
-20.02759     0.0000     0.0000
-20.01217     0.0000     0.0000
-19.99676     0.0000     0.0000
-19.98135     0.0000     0.0000
-19.96593     0.0000     0.0000
-19.95052     0.0000     0.0000
-19.93511     0.0000     0.0000
-19.91969     0.0000     0.0000
-19.90428     0.0000     0.0000
-19.88887     0.0000     0.0000
-19.87345     0.0000     0.0000
-19.85804     0.0000     0.0000
-19.84263     0.0000     0.0000
-19.82721     0.0000     0.0000
-19.81180     0.0000     0.0000
-19.79639     0.0000     0.0000
-19.78097     0.0000     0.0000
-19.76556     0.0000     0.0000
-19.75015     0.0000     0.0000
-19.73473     0.0000     0.0000
-19.71932     0.0000     0.0000
-19.70391     0.0000     0.0000
-19.68849     0.0000     0.0000
-19.67308     0.0000     0.0000
-19.65767     0.0000     0.0000
-19.64225     0.0000     0.0000
-19.62684     0.0000     0.0000
-19.61143     0.0000     0.0000
-19.59601     0.0000     0.0000
-19.58060     0.0000     0.0000
-19.56519     0.0000     0.0000
-19.54977     0.0000     0.0000
-19.53436     0.0000     0.0000
-19.51895     0.0000     0.0000
-19.50353     0.0000     0.0000
-19.48812     0.0000     0.0000
-19.47271     0.0000     0.0000
-19.45729     0.0000     0.0000
-19.44188     0.0000     0.0000
-19.42647     0.0000     0.0000
-19.41105     0.0000     0.0000
-19.39564     0.0000     0.0000
-19.38023     0.0000     0.0000
-19.36481     0.0000     0.0000
-19.34940     0.0000     0.0000
-19.33399     0.0000     0.0000
-19.31857     0.0000     0.0000
-19.30316     0.0000     0.0000
-19.28775     0.0000     0.0000
-19.27233     0.0000     0.0000
-19.25692     0.0000     0.0000
-19.24151     0.0002     0.0000
-19.22609     0.0010     0.0000
-19.21068     0.0025     0.0000
-19.19527     0.0048     0.0000
-19.17985     0.0077     0.0000
-19.16444     0.0114     0.0000
-19.14903     0.0159     0.0000
-19.13361     0.0211     0.0000
-19.11820     0.0270     0.0000
-19.10279     0.0336     0.0000
-19.08737     0.0410     0.0000
-19.07196     0.0491     0.0000
-19.05655     0.0579     0.0001
-19.04113     0.0675     0.0001
-19.02572     0.0778     0.0001
-19.01031     0.0888     0.0001
-18.99489     0.1006     0.0001
-18.97948     0.1130     0.0001
-18.96407     0.1228     0.0001
-18.94865     0.1255     0.0001
-18.93324     0.1248     0.0002
-18.91783     0.1258     0.0002
-18.90241     0.1287     0.0002
-18.88700     0.1331     0.0002
-18.87159     0.1385     0.0002
-18.85617     0.1440     0.0002
-18.84076     0.1496     0.0002
-18.82535     0.1554     0.0002
-18.80993     0.1615     0.0002
-18.79452     0.1683     0.0003
-18.77911     0.1760     0.0003
-18.76369     0.1844     0.0003
-18.74828     0.1935     0.0003
-18.73287     0.2035     0.0003
-18.71745     0.2142     0.0003
-18.70204     0.2257     0.0003
-18.68663     0.2379     0.0004
-18.67121     0.2510     0.0004
-18.65580     0.2648     0.0004
-18.64039     0.2794     0.0004
-18.62497     0.2947     0.0004
-18.60956     0.3109     0.0005
-18.59415     0.3278     0.0005
-18.57873     0.3455     0.0005
-18.56332     0.3644     0.0005
-18.54791     0.3847     0.0005
-18.53249     0.4012     0.0006
-18.51708     0.4125     0.0006
-18.50167     0.4245     0.0006
-18.48625     0.4393     0.0007
-18.47084     0.4570     0.0007
-18.45543     0.4774     0.0007
-18.44001     0.4999     0.0008
-18.42460     0.5240     0.0008
-18.40919     0.5494     0.0008
-18.39377     0.5758     0.0009
-18.37836     0.6026     0.0009
-18.36295     0.6296     0.0009
-18.34753     0.6568     0.0009
-18.33212     0.6842     0.0010
-18.31671     0.7119     0.0010
-18.30129     0.7400     0.0010
-18.28588     0.7687     0.0010
-18.27047     0.7979     0.0010
-18.25505     0.8277     0.0011
-18.23964     0.8582     0.0011
-18.22423     0.8895     0.0011
-18.20881     0.9221     0.0011
-18.19340     0.9559     0.0011
-18.17799     0.9910     0.0011
-18.16257     1.0274     0.0012
-18.14716     1.0650     0.0012
-18.13175     1.1042     0.0012
-18.11633     1.1453     0.0012
-18.10092     1.1886     0.0012
-18.08551     1.2341     0.0012
-18.07009     1.2881     0.0013
-18.05468     1.4741     0.0013
-18.03927     1.7831     0.0014
-18.02385     2.1265     0.0015
-18.00844     2.5527     0.0015
-17.99303     3.1668     0.0016
-17.97761     4.1090     0.0018
-17.96220     4.6280     0.0018
-17.94679     4.1850     0.0016
-17.93137     3.6122     0.0014
-17.91596     3.2276     0.0012
-17.90055     3.1790     0.0011
-17.88513     2.6704     0.0009
-17.86972     1.2508     0.0007
-17.85431     0.5096     0.0007
-17.83889     0.5288     0.0007
-17.82348     0.5485     0.0007
-17.80807     0.5686     0.0007
-17.79265     0.5893     0.0007
-17.77724     0.6104     0.0008
-17.76183     0.6320     0.0008
-17.74641     0.6541     0.0008
-17.73100     0.6769     0.0008
-17.71559     0.7005     0.0008
-17.70017     0.7250     0.0008
-17.68476     0.7503     0.0008
-17.66935     0.7765     0.0008
-17.65393     0.8035     0.0008
-17.63852     0.8313     0.0008
-17.62311     0.8600     0.0008
-17.60769     0.9058     0.0008
-17.59228     1.0363     0.0009
-17.57687     1.2520     0.0009
-17.56145     1.5118     0.0010
-17.54604     1.8293     0.0010
-17.53063     2.2071     0.0011
-17.51521     2.4827     0.0012
-17.49980     2.3372     0.0010
-17.48439     2.1387     0.0009
-17.46897     2.2027     0.0009
-17.45356     2.4845     0.0008
-17.43815     2.8536     0.0008
-17.42273     2.8519     0.0007
-17.40732     2.5292     0.0006
-17.39191     2.2942     0.0004
-17.37649     2.1613     0.0003
-17.36108     1.1434     0.0001
-17.34567     0.1058     0.0000
-17.33025     0.0000     0.0000
-17.31484     0.0000     0.0000
-17.29943     0.0000     0.0000
-17.28401     0.0000     0.0000
-17.26860     0.0000     0.0000
-17.25319     0.0000     0.0000
-17.23777     0.0000     0.0000
-17.22236     0.0000     0.0000
-17.20695     0.0000     0.0000
-17.19153     0.0000     0.0000
-17.17612     0.0000     0.0000
-17.16071     0.0000     0.0000
-17.14529     0.0000     0.0000
-17.12988     0.0000     0.0000
-17.11447     0.0000     0.0000
-17.09905     0.0000     0.0000
-17.08364     0.0000     0.0000
-17.06823     0.0000     0.0000
-17.05281     0.0000     0.0000
-17.03740     0.0000     0.0000
-17.02199     0.0000     0.0000
-17.00657     0.0000     0.0000
-16.99116     0.0000     0.0000
-16.97575     0.0000     0.0000
-16.96033     0.0000     0.0000
-16.94492     0.0000     0.0000
-16.92951     0.0000     0.0000
-16.91409     0.0000     0.0000
-16.89868     0.0000     0.0000
-16.88327     0.0000     0.0000
-16.86785     0.0000     0.0000
-16.85244     0.0000     0.0000
-16.83703     0.0000     0.0000
-16.82161     0.0000     0.0000
-16.80620     0.0000     0.0000
-16.79079     0.0000     0.0000
-16.77537     0.0000     0.0000
-16.75996     0.0000     0.0000
-16.74455     0.0000     0.0000
-16.72913     0.0000     0.0000
-16.71372     0.0000     0.0000
-16.69831     0.0000     0.0000
-16.68289     0.0000     0.0000
-16.66748     0.0000     0.0000
-16.65207     0.0000     0.0000
-16.63665     0.0000     0.0000
-16.62124     0.0000     0.0000
-16.60583     0.0000     0.0000
-16.59041     0.0000     0.0000
-16.57500     0.0000     0.0000
-16.55959     0.0000     0.0000
-16.54417     0.0000     0.0000
-16.52876     0.0000     0.0000
-16.51335     0.0000     0.0000
-16.49793     0.0000     0.0000
-16.48252     0.0000     0.0000
-16.46711     0.0000     0.0000
-16.45169     0.0000     0.0000
-16.43628     0.0000     0.0000
-16.42087     0.0000     0.0000
-16.40545     0.0000     0.0000
-16.39004     0.0000     0.0000
-16.37463     0.0000     0.0000
-16.35921     0.0000     0.0000
-16.34380     0.0000     0.0000
-16.32839     0.0000     0.0000
-16.31297     0.0000     0.0000
-16.29756     0.0000     0.0000
-16.28215     0.0000     0.0000
-16.26673     0.0000     0.0000
-16.25132     0.0000     0.0000
-16.23591     0.0000     0.0000
-16.22049     0.0000     0.0000
-16.20508     0.0000     0.0000
-16.18967     0.0000     0.0000
-16.17425     0.0000     0.0000
-16.15884     0.0000     0.0000
-16.14343     0.0000     0.0000
-16.12801     0.0000     0.0000
-16.11260     0.0000     0.0000
-16.09719     0.0000     0.0000
-16.08177     0.0000     0.0000
-16.06636     0.0000     0.0000
-16.05095     0.0000     0.0000
-16.03553     0.0000     0.0000
-16.02012     0.0000     0.0000
-16.00471     0.0000     0.0000
-15.98929     0.0000     0.0000
-15.97388     0.0000     0.0000
-15.95847     0.0000     0.0000
-15.94305     0.0000     0.0000
-15.92764     0.0000     0.0000
-15.91223     0.0000     0.0000
-15.89681     0.0000     0.0000
-15.88140     0.0000     0.0000
-15.86599     0.0000     0.0000
-15.85057     0.0000     0.0000
-15.83516     0.0000     0.0000
-15.81975     0.0000     0.0000
-15.80433     0.0000     0.0000
-15.78892     0.0000     0.0000
-15.77351     0.0000     0.0000
-15.75809     0.0000     0.0000
-15.74268     0.0000     0.0000
-15.72727     0.0000     0.0000
-15.71185     0.0000     0.0000
-15.69644     0.0000     0.0000
-15.68103     0.0000     0.0000
-15.66561     0.0000     0.0000
-15.65020     0.0000     0.0000
-15.63479     0.0000     0.0000
-15.61937     0.0000     0.0000
-15.60396     0.0000     0.0000
-15.58855     0.0000     0.0000
-15.57313     0.0000     0.0000
-15.55772     0.0000     0.0000
-15.54231     0.0000     0.0000
-15.52689     0.0000     0.0000
-15.51148     0.0000     0.0000
-15.49607     0.0000     0.0000
-15.48065     0.0000     0.0000
-15.46524     0.0000     0.0000
-15.44983     0.0000     0.0000
-15.43441     0.0000     0.0000
-15.41900     0.0000     0.0000
-15.40359     0.0000     0.0000
-15.38817     0.0000     0.0000
-15.37276     0.0000     0.0000
-15.35735     0.0000     0.0000
-15.34193     0.0000     0.0000
-15.32652     0.0000     0.0000
-15.31111     0.0000     0.0000
-15.29569     0.0000     0.0000
-15.28028     0.0000     0.0000
-15.26487     0.0000     0.0000
-15.24945     0.0000     0.0000
-15.23404     0.0000     0.0000
-15.21863     0.0000     0.0000
-15.20321     0.0000     0.0000
-15.18780     0.0000     0.0000
-15.17239     0.0000     0.0000
-15.15697     0.0000     0.0000
-15.14156     0.0000     0.0000
-15.12615     0.0000     0.0000
-15.11073     0.0000     0.0000
-15.09532     0.0000     0.0000
-15.07991     0.0000     0.0000
-15.06449     0.0000     0.0000
-15.04908     0.0000     0.0000
-15.03367     0.0000     0.0000
-15.01825     0.0000     0.0000
-15.00284     0.0000     0.0000
-14.98743     0.0000     0.0000
-14.97201     0.0000     0.0000
-14.95660     0.0000     0.0000
-14.94119     0.0000     0.0000
-14.92577     0.0000     0.0000
-14.91036     0.0000     0.0000
-14.89495     0.0000     0.0000
-14.87953     0.0000     0.0000
-14.86412     0.0000     0.0000
-14.84871     0.0000     0.0000
-14.83329     0.0000     0.0000
-14.81788     0.0000     0.0000
-14.80247     0.0000     0.0000
-14.78705     0.0000     0.0000
-14.77164     0.0000     0.0000
-14.75623     0.0000     0.0000
-14.74081     0.0000     0.0000
-14.72540     0.0000     0.0000
-14.70999     0.0000     0.0000
-14.69457     0.0000     0.0000
-14.67916     0.0000     0.0000
-14.66375     0.0000     0.0000
-14.64833     0.0000     0.0000
-14.63292     0.0000     0.0000
-14.61751     0.0000     0.0000
-14.60209     0.0000     0.0000
-14.58668     0.0000     0.0000
-14.57127     0.0000     0.0000
-14.55585     0.0000     0.0000
-14.54044     0.0000     0.0000
-14.52503     0.0000     0.0000
-14.50961     0.0000     0.0000
-14.49420     0.0000     0.0000
-14.47879     0.0000     0.0000
-14.46337     0.0000     0.0000
-14.44796     0.0000     0.0000
-14.43255     0.0000     0.0000
-14.41713     0.0000     0.0000
-14.40172     0.0000     0.0000
-14.38631     0.0000     0.0000
-14.37089     0.0000     0.0000
-14.35548     0.0000     0.0000
-14.34007     0.0000     0.0000
-14.32465     0.0000     0.0000
-14.30924     0.0000     0.0000
-14.29383     0.0000     0.0000
-14.27841     0.0000     0.0000
-14.26300     0.0000     0.0000
-14.24759     0.0000     0.0000
-14.23217     0.0000     0.0000
-14.21676     0.0000     0.0000
-14.20135     0.0000     0.0000
-14.18593     0.0000     0.0000
-14.17052     0.0000     0.0000
-14.15511     0.0000     0.0000
-14.13969     0.0000     0.0000
-14.12428     0.0000     0.0000
-14.10887     0.0000     0.0000
-14.09345     0.0000     0.0000
-14.07804     0.0000     0.0000
-14.06263     0.0000     0.0000
-14.04721     0.0000     0.0000
-14.03180     0.0000     0.0000
-14.01639     0.0000     0.0000
-14.00097     0.0000     0.0000
-13.98556     0.0000     0.0000
-13.97015     0.0000     0.0000
-13.95473     0.0000     0.0000
-13.93932     0.0000     0.0000
-13.92391     0.0000     0.0000
-13.90849     0.0000     0.0000
-13.89308     0.0000     0.0000
-13.87767     0.0000     0.0000
-13.86225     0.0000     0.0000
-13.84684     0.0000     0.0000
-13.83143     0.0000     0.0000
-13.81601     0.0000     0.0000
-13.80060     0.0000     0.0000
-13.78519     0.0000     0.0000
-13.76977     0.0000     0.0000
-13.75436     0.0000     0.0000
-13.73895     0.0000     0.0000
-13.72353     0.0000     0.0000
-13.70812     0.0000     0.0000
-13.69271     0.0000     0.0000
-13.67729     0.0000     0.0000
-13.66188     0.0000     0.0000
-13.64647     0.0000     0.0000
-13.63105     0.0000     0.0000
-13.61564     0.0000     0.0000
-13.60023     0.0000     0.0000
-13.58481     0.0000     0.0000
-13.56940     0.0000     0.0000
-13.55399     0.0000     0.0000
-13.53857     0.0000     0.0000
-13.52316     0.0000     0.0000
-13.50775     0.0000     0.0000
-13.49233     0.0000     0.0000
-13.47692     0.0000     0.0000
-13.46151     0.0000     0.0000
-13.44609     0.0000     0.0000
-13.43068     0.0000     0.0000
-13.41527     0.0000     0.0000
-13.39985     0.0000     0.0000
-13.38444     0.0000     0.0000
-13.36903     0.0000     0.0000
-13.35361     0.0000     0.0000
-13.33820     0.0000     0.0000
-13.32279     0.0000     0.0000
-13.30737     0.0000     0.0000
-13.29196     0.0000     0.0000
-13.27655     0.0000     0.0000
-13.26113     0.0000     0.0000
-13.24572     0.0000     0.0000
-13.23031     0.0000     0.0000
-13.21489     0.0000     0.0000
-13.19948     0.0000     0.0000
-13.18407     0.0000     0.0000
-13.16865     0.0000     0.0000
-13.15324     0.0000     0.0000
-13.13783     0.0000     0.0000
-13.12241     0.0000     0.0000
-13.10700     0.0000     0.0000
-13.09159     0.0000     0.0000
-13.07617     0.0000     0.0000
-13.06076     0.0000     0.0000
-13.04535     0.0000     0.0000
-13.02993     0.0000     0.0000
-13.01452     0.0000     0.0000
-12.99911     0.0000     0.0000
-12.98369     0.0000     0.0000
-12.96828     0.0000     0.0000
-12.95287     0.0000     0.0000
-12.93745     0.0000     0.0000
-12.92204     0.0000     0.0000
-12.90663     0.0000     0.0000
-12.89121     0.0000     0.0000
-12.87580     0.0000     0.0000
-12.86039     0.0000     0.0000
-12.84497     0.0000     0.0000
-12.82956     0.0000     0.0000
-12.81415     0.0000     0.0000
-12.79873     0.0000     0.0000
-12.78332     0.0000     0.0000
-12.76791     0.0000     0.0000
-12.75249     0.0000     0.0000
-12.73708     0.0000     0.0000
-12.72167     0.0000     0.0000
-12.70625     0.0000     0.0000
-12.69084     0.0000     0.0000
-12.67543     0.0000     0.0000
-12.66001     0.0000     0.0000
-12.64460     0.0000     0.0000
-12.62919     0.0000     0.0000
-12.61377     0.0000     0.0000
-12.59836     0.0000     0.0000
-12.58295     0.0000     0.0000
-12.56753     0.0000     0.0000
-12.55212     0.0000     0.0000
-12.53671     0.0000     0.0000
-12.52129     0.0000     0.0000
-12.50588     0.0000     0.0000
-12.49047     0.0000     0.0000
-12.47505     0.0000     0.0000
-12.45964     0.0000     0.0000
-12.44423     0.0000     0.0000
-12.42881     0.0000     0.0000
-12.41340     0.0000     0.0000
-12.39799     0.0000     0.0000
-12.38257     0.0000     0.0000
-12.36716     0.0000     0.0000
-12.35175     0.0000     0.0000
-12.33633     0.0000     0.0000
-12.32092     0.0000     0.0000
-12.30551     0.0000     0.0000
-12.29009     0.0000     0.0000
-12.27468     0.0000     0.0000
-12.25927     0.0000     0.0000
-12.24385     0.0000     0.0000
-12.22844     0.0000     0.0000
-12.21303     0.0000     0.0000
-12.19761     0.0000     0.0000
-12.18220     0.0000     0.0000
-12.16679     0.0000     0.0000
-12.15137     0.0000     0.0000
-12.13596     0.0000     0.0000
-12.12055     0.0000     0.0000
-12.10513     0.0000     0.0000
-12.08972     0.0000     0.0000
-12.07431     0.0000     0.0000
-12.05889     0.0000     0.0000
-12.04348     0.0000     0.0000
-12.02807     0.0000     0.0000
-12.01265     0.0000     0.0000
-11.99724     0.0000     0.0000
-11.98183     0.0000     0.0000
-11.96641     0.0000     0.0000
-11.95100     0.0000     0.0000
-11.93559     0.0000     0.0000
-11.92017     0.0000     0.0000
-11.90476     0.0000     0.0000
-11.88935     0.0000     0.0000
-11.87393     0.0000     0.0000
-11.85852     0.0000     0.0000
-11.84311     0.0000     0.0000
-11.82769     0.0000     0.0000
-11.81228     0.0000     0.0000
-11.79687     0.0000     0.0000
-11.78145     0.0000     0.0000
-11.76604     0.0000     0.0000
-11.75063     0.0000     0.0000
-11.73521     0.0000     0.0000
-11.71980     0.0000     0.0000
-11.70439     0.0000     0.0000
-11.68897     0.0000     0.0000
-11.67356     0.0000     0.0000
-11.65815     0.0000     0.0000
-11.64273     0.0000     0.0000
-11.62732     0.0000     0.0000
-11.61191     0.0000     0.0000
-11.59649     0.0000     0.0000
-11.58108     0.0000     0.0000
-11.56567     0.0000     0.0000
-11.55025     0.0000     0.0000
-11.53484     0.0000     0.0000
-11.51943     0.0000     0.0000
-11.50401     0.0000     0.0000
-11.48860     0.0000     0.0000
-11.47319     0.0000     0.0000
-11.45777     0.0000     0.0000
-11.44236     0.0000     0.0000
-11.42695     0.0000     0.0000
-11.41153     0.0000     0.0000
-11.39612     0.0000     0.0000
-11.38071     0.0000     0.0000
-11.36529     0.0000     0.0000
-11.34988     0.0000     0.0000
-11.33447     0.0000     0.0000
-11.31905     0.0000     0.0000
-11.30364     0.0000     0.0000
-11.28823     0.0000     0.0000
-11.27281     0.0000     0.0000
-11.25740     0.0000     0.0000
-11.24199     0.0000     0.0000
-11.22657     0.0000     0.0000
-11.21116     0.0000     0.0000
-11.19575     0.0000     0.0000
-11.18033     0.0000     0.0000
-11.16492     0.0000     0.0000
-11.14951     0.0000     0.0000
-11.13409     0.0000     0.0000
-11.11868     0.0000     0.0000
-11.10327     0.0000     0.0000
-11.08785     0.0000     0.0000
-11.07244     0.0000     0.0000
-11.05703     0.0000     0.0000
-11.04161     0.0000     0.0000
-11.02620     0.0000     0.0000
-11.01079     0.0000     0.0000
-10.99537     0.0000     0.0000
-10.97996     0.0000     0.0000
-10.96455     0.0000     0.0000
-10.94913     0.0000     0.0000
-10.93372     0.0000     0.0000
-10.91831     0.0000     0.0000
-10.90289     0.0000     0.0000
-10.88748     0.0000     0.0000
-10.87207     0.0000     0.0000
-10.85665     0.0000     0.0000
-10.84124     0.0000     0.0000
-10.82583     0.0000     0.0000
-10.81041     0.0000     0.0000
-10.79500     0.0000     0.0000
-10.77959     0.0000     0.0000
-10.76417     0.0000     0.0000
-10.74876     0.0000     0.0000
-10.73335     0.0000     0.0000
-10.71793     0.0000     0.0000
-10.70252     0.0000     0.0000
-10.68711     0.0000     0.0000
-10.67169     0.0000     0.0000
-10.65628     0.0000     0.0000
-10.64087     0.0000     0.0000
-10.62545     0.0000     0.0000
-10.61004     0.0000     0.0000
-10.59463     0.0000     0.0000
-10.57921     0.0000     0.0000
-10.56380     0.0000     0.0000
-10.54839     0.0000     0.0000
-10.53297     0.0000     0.0000
-10.51756     0.0000     0.0000
-10.50215     0.0000     0.0000
-10.48673     0.0000     0.0000
-10.47132     0.0000     0.0000
-10.45591     0.0000     0.0000
-10.44049     0.0000     0.0000
-10.42508     0.0000     0.0000
-10.40967     0.0000     0.0000
-10.39425     0.0000     0.0000
-10.37884     0.0000     0.0000
-10.36343     0.0000     0.0000
-10.34801     0.0000     0.0000
-10.33260     0.0000     0.0000
-10.31719     0.0000     0.0000
-10.30177     0.0000     0.0000
-10.28636     0.0000     0.0000
-10.27095     0.0000     0.0000
-10.25553     0.0000     0.0000
-10.24012     0.0000     0.0000
-10.22471     0.0000     0.0000
-10.20929     0.0000     0.0000
-10.19388     0.0000     0.0000
-10.17847     0.0000     0.0000
-10.16305     0.0000     0.0000
-10.14764     0.0000     0.0000
-10.13223     0.0000     0.0000
-10.11681     0.0000     0.0000
-10.10140     0.0000     0.0000
-10.08599     0.0000     0.0000
-10.07057     0.0000     0.0000
-10.05516     0.0000     0.0000
-10.03975     0.0000     0.0000
-10.02433     0.0000     0.0000
-10.00892     0.0000     0.0000
 -9.99351     0.0000     0.0000
 -9.97809     0.0000     0.0000
 -9.96268     0.0000     0.0000
 -9.94727     0.0000     0.0000
 -9.93185     0.0000     0.0000
 -9.91644     0.0000     0.0000
 -9.90103     0.0000     0.0000
 -9.88561     0.0000     0.0000
 -9.87020     0.0000     0.0000
 -9.85479     0.0000     0.0000
 -9.83937     0.0000     0.0000
 -9.82396     0.0000     0.0000
 -9.80855     0.0000     0.0000
 -9.79313     0.0000     0.0000
 -9.77772     0.0000     0.0000
 -9.76231     0.0000     0.0000
 -9.74689     0.0000     0.0000
 -9.73148     0.0000     0.0000
 -9.71607     0.0000     0.0000
 -9.70065     0.0000     0.0000
 -9.68524     0.0000     0.0000
 -9.66983     0.0000     0.0000
 -9.65441     0.0000     0.0000
 -9.63900     0.0000     0.0000
 -9.62359     0.0000     0.0000
 -9.60817     0.0000     0.0000
 -9.59276     0.0000     0.0000
 -9.57735     0.0000     0.0000
 -9.56193     0.0000     0.0000
 -9.54652     0.0000     0.0000
 -9.53111     0.0000     0.0000
 -9.51569     0.0000     0.0000
 -9.50028     0.0000     0.0000
 -9.48487     0.0000     0.0000
 -9.46945     0.0000     0.0000
 -9.45404     0.0000     0.0000
 -9.43863     0.0000     0.0000
 -9.42321     0.0000     0.0000
 -9.40780     0.0000     0.0000
 -9.39239     0.0000     0.0000
 -9.37697     0.0000     0.0000
 -9.36156     0.0000     0.0000
 -9.34615     0.0000     0.0000
 -9.33073     0.0000     0.0000
 -9.31532     0.0000     0.0000
 -9.29991     0.0000     0.0000
 -9.28449     0.0000     0.0000
 -9.26908     0.0000     0.0000
 -9.25367     0.0000     0.0000
 -9.23825     0.0000     0.0000
 -9.22284     0.0000     0.0000
 -9.20743     0.0000     0.0000
 -9.19201     0.0000     0.0000
 -9.17660     0.0000     0.0000
 -9.16119     0.0000     0.0000
 -9.14577     0.0000     0.0000
 -9.13036     0.0000     0.0000
 -9.11495     0.0000     0.0000
 -9.09953     0.0000     0.0000
 -9.08412     0.0000     0.0000
 -9.06871     0.0000     0.0000
 -9.05329     0.0000     0.0000
 -9.03788     0.0000     0.0000
 -9.02247     0.0000     0.0000
 -9.00705     0.0000     0.0000
 -8.99164     0.0000     0.0000
 -8.97623     0.0000     0.0000
 -8.96081     0.0000     0.0000
 -8.94540     0.0000     0.0000
 -8.92999     0.0000     0.0000
 -8.91457     0.0000     0.0000
 -8.89916     0.0000     0.0000
 -8.88375     0.0000     0.0000
 -8.86833     0.0000     0.0000
 -8.85292     0.0000     0.0000
 -8.83751     0.0000     0.0000
 -8.82209     0.0000     0.0000
 -8.80668     0.0000     0.0000
 -8.79127     0.0000     0.0000
 -8.77585     0.0000     0.0000
 -8.76044     0.0000     0.0000
 -8.74503     0.0000     0.0000
 -8.72961     0.0000     0.0000
 -8.71420     0.0000     0.0000
 -8.69879     0.0000     0.0000
 -8.68337     0.0000     0.0000
 -8.66796     0.0000     0.0000
 -8.65255     0.0000     0.0000
 -8.63713     0.0000     0.0000
 -8.62172     0.0000     0.0000
 -8.60631     0.0000     0.0000
 -8.59089     0.0000     0.0000
 -8.57548     0.0000     0.0000
 -8.56007     0.0000     0.0000
 -8.54465     0.0000     0.0000
 -8.52924     0.0000     0.0000
 -8.51383     0.0000     0.0000
 -8.49841     0.0000     0.0000
 -8.48300     0.0000     0.0000
 -8.46759     0.0000     0.0000
 -8.45217     0.0000     0.0000
 -8.43676     0.0000     0.0000
 -8.42135     0.0000     0.0000
 -8.40593     0.0000     0.0000
 -8.39052     0.0000     0.0000
 -8.37511     0.0000     0.0000
 -8.35969     0.0000     0.0000
 -8.34428     0.0000     0.0000
 -8.32887     0.0000     0.0000
 -8.31345     0.0000     0.0000
 -8.29804     0.0000     0.0000
 -8.28263     0.0000     0.0000
 -8.26721     0.0000     0.0000
 -8.25180     0.0000     0.0000
 -8.23639     0.0000     0.0000
 -8.22097     0.0000     0.0000
 -8.20556     0.0000     0.0000
 -8.19015     0.0000     0.0000
 -8.17473     0.0000     0.0000
 -8.15932     0.0000     0.0000
 -8.14391     0.0000     0.0000
 -8.12849     0.0000     0.0000
 -8.11308     0.0000     0.0000
 -8.09767     0.0000     0.0000
 -8.08225     0.0000     0.0000
 -8.06684     0.0000     0.0000
 -8.05143     0.0000     0.0000
 -8.03601     0.0001     0.0000
 -8.02060     0.0002     0.0001
 -8.00519     0.0006     0.0003
 -7.98977     0.0012     0.0006
 -7.97436     0.0019     0.0009
 -7.95895     0.0029     0.0014
 -7.94353     0.0040     0.0019
 -7.92812     0.0054     0.0025
 -7.91271     0.0069     0.0032
 -7.89729     0.0086     0.0041
 -7.88188     0.0106     0.0050
 -7.86647     0.0128     0.0061
 -7.85105     0.0155     0.0073
 -7.83564     0.0185     0.0088
 -7.82023     0.0219     0.0104
 -7.80481     0.0257     0.0122
 -7.78940     0.0298     0.0142
 -7.77399     0.0344     0.0164
 -7.75857     0.0393     0.0188
 -7.74316     0.0446     0.0214
 -7.72775     0.0502     0.0242
 -7.71233     0.0563     0.0271
 -7.69692     0.0627     0.0303
 -7.68151     0.0695     0.0336
 -7.66609     0.0767     0.0371
 -7.65068     0.0842     0.0408
 -7.63527     0.0922     0.0447
 -7.61985     0.1005     0.0488
 -7.60444     0.1092     0.0530
 -7.58903     0.1182     0.0575
 -7.57361     0.1277     0.0621
 -7.55820     0.1375     0.0669
 -7.54279     0.1476     0.0719
 -7.52737     0.1572     0.0766
 -7.51196     0.1660     0.0809
 -7.49655     0.1755     0.0854
 -7.48113     0.1864     0.0907
 -7.46572     0.1987     0.0966
 -7.45031     0.2123     0.1032
 -7.43489     0.2271     0.1102
 -7.41948     0.2426     0.1177
 -7.40407     0.2589     0.1256
 -7.38865     0.2760     0.1338
 -7.37324     0.2939     0.1425
 -7.35783     0.3126     0.1513
 -7.34241     0.3330     0.1610
 -7.32700     0.3571     0.1724
 -7.31159     0.3848     0.1856
 -7.29617     0.4136     0.1993
 -7.28076     0.4416     0.2128
 -7.26535     0.4693     0.2261
 -7.24993     0.4966     0.2393
 -7.23452     0.5226     0.2519
 -7.21911     0.5469     0.2637
 -7.20369     0.5695     0.2747
 -7.18828     0.5904     0.2849
 -7.17287     0.6097     0.2944
 -7.15745     0.6275     0.3031
 -7.14204     0.6437     0.3111
 -7.12663     0.6585     0.3184
 -7.11121     0.6717     0.3250
 -7.09580     0.6834     0.3309
 -7.08039     0.6937     0.3361
 -7.06497     0.7027     0.3407
 -7.04956     0.7124     0.3457
 -7.03415     0.7267     0.3529
 -7.01873     0.7474     0.3631
 -7.00332     0.7747     0.3765
 -6.98791     0.8088     0.3931
 -6.97249     0.8564     0.4161
 -6.95708     0.9062     0.4403
 -6.94167     0.9262     0.4507
 -6.92625     0.9258     0.4517
 -6.91084     0.9341     0.4569
 -6.89543     0.9578     0.4696
 -6.88001     0.9908     0.4870
 -6.86460     1.0205     0.5029
 -6.84919     1.0538     0.5205
 -6.83377     1.0946     0.5418
 -6.81836     1.0904     0.5416
 -6.80295     1.0483     0.5232
 -6.78753     1.0131     0.5079
 -6.77212     0.9794     0.4933
 -6.75671     0.9536     0.4825
 -6.74129     0.9268     0.4712
 -6.72588     0.9007     0.4603
 -6.71047     0.8872     0.4558
 -6.69505     0.8766     0.4527
 -6.67964     0.8643     0.4487
 -6.66423     0.8522     0.4446
 -6.64881     0.8411     0.4411
 -6.63340     0.8310     0.4380
 -6.61799     0.8209     0.4348
 -6.60257     0.8099     0.4310
 -6.58716     0.7990     0.4272
 -6.57175     0.7885     0.4236
 -6.55633     0.7782     0.4200
 -6.54092     0.7678     0.4164
 -6.52551     0.7575     0.4129
 -6.51009     0.7485     0.4097
 -6.49468     0.7441     0.4077
 -6.47927     0.7473     0.4078
 -6.46385     0.7620     0.4114
 -6.44844     0.7958     0.4207
 -6.43303     0.8527     0.4370
 -6.41761     0.9329     0.4605
 -6.40220     1.0366     0.4910
 -6.38679     1.1641     0.5289
 -6.37137     1.3107     0.5733
 -6.35596     1.4671     0.6237
 -6.34055     1.5560     0.6539
 -6.32513     1.5793     0.6610
 -6.30972     1.6077     0.6688
 -6.29431     1.6388     0.6772
 -6.27889     1.6746     0.6871
 -6.26348     1.7192     0.7009
 -6.24807     1.7730     0.7188
 -6.23265     1.8328     0.7388
 -6.21724     1.9003     0.7614
 -6.20183     1.9805     0.7884
 -6.18641     2.0975     0.8334
 -6.17100     2.2473     0.8935
 -6.15559     2.3877     0.9424
 -6.14017     2.5205     0.9845
 -6.12476     2.6367     1.0251
 -6.10935     2.7040     1.0522
 -6.09393     2.7379     1.0697
 -6.07852     2.7820     1.0913
 -6.06311     2.8422     1.1190
 -6.04769     2.9001     1.1467
 -6.03228     2.9499     1.1721
 -6.01687     2.9702     1.1871
 -6.00145     2.9755     1.1963
 -5.98604     2.9849     1.2070
 -5.97063     2.9691     1.2091
 -5.95521     2.9785     1.2218
 -5.93980     2.9974     1.2423
 -5.92439     2.9932     1.2693
 -5.90897     3.0249     1.3224
 -5.89356     3.0643     1.3718
 -5.87815     3.0649     1.3905
 -5.86273     3.0200     1.3799
 -5.84732     2.9533     1.3562
 -5.83191     2.8866     1.3336
 -5.81649     2.8352     1.3175
 -5.80108     2.7713     1.2874
 -5.78567     2.6331     1.2051
 -5.77025     2.4502     1.0914
 -5.75484     2.2773     0.9842
 -5.73943     2.1204     0.8866
 -5.72401     1.9786     0.7984
 -5.70860     1.8507     0.7196
 -5.69319     1.7375     0.6509
 -5.67777     1.6403     0.5929
 -5.66236     1.5594     0.5459
 -5.64695     1.4928     0.5085
 -5.63153     1.4368     0.4783
 -5.61612     1.3891     0.4537
 -5.60071     1.3484     0.4338
 -5.58529     1.3128     0.4173
 -5.56988     1.2799     0.4024
 -5.55447     1.2478     0.3883
 -5.53905     1.2165     0.3749
 -5.52364     1.1862     0.3621
 -5.50823     1.1577     0.3502
 -5.49281     1.1320     0.3393
 -5.47740     1.1095     0.3298
 -5.46199     1.0894     0.3214
 -5.44657     1.0675     0.3130
 -5.43116     1.0425     0.3041
 -5.41575     1.0175     0.2954
 -5.40033     0.9929     0.2870
 -5.38492     0.9666     0.2782
 -5.36951     0.9373     0.2688
 -5.35409     0.9060     0.2592
 -5.33868     0.8747     0.2503
 -5.32327     0.8438     0.2422
 -5.30785     0.8127     0.2346
 -5.29244     0.7813     0.2270
 -5.27703     0.7500     0.2190
 -5.26161     0.7203     0.2113
 -5.24620     0.6960     0.2056
 -5.23079     0.6809     0.2034
 -5.21537     0.6734     0.2042
 -5.19996     0.6700     0.2069
 -5.18455     0.6692     0.2110
 -5.16913     0.6707     0.2162
 -5.15372     0.6736     0.2222
 -5.13831     0.6775     0.2286
 -5.12289     0.6827     0.2355
 -5.10748     0.6896     0.2430
 -5.09207     0.6980     0.2513
 -5.07665     0.7074     0.2602
 -5.06124     0.7175     0.2695
 -5.04583     0.7281     0.2793
 -5.03041     0.7393     0.2895
 -5.01500     0.7511     0.3001
 -4.99959     0.7635     0.3111
 -4.98417     0.7765     0.3225
 -4.96876     0.7927     0.3351
 -4.95335     0.8145     0.3493
 -4.93793     0.8341     0.3632
 -4.92252     0.8486     0.3762
 -4.90711     0.8639     0.3895
 -4.89169     0.8781     0.4020
 -4.87628     0.8859     0.4101
 -4.86087     0.8843     0.4121
 -4.84545     0.8807     0.4112
 -4.83004     0.8848     0.4113
 -4.81463     0.8989     0.4130
 -4.79921     0.9210     0.4155
 -4.78380     0.9501     0.4183
 -4.76839     0.9852     0.4216
 -4.75297     1.0194     0.4252
 -4.73756     1.0433     0.4288
 -4.72215     1.0576     0.4325
 -4.70673     1.0712     0.4368
 -4.69132     1.0885     0.4418
 -4.67591     1.1095     0.4476
 -4.66049     1.1340     0.4540
 -4.64508     1.1693     0.4653
 -4.62967     1.2466     0.4990
 -4.61425     1.3690     0.5552
 -4.59884     1.4775     0.6014
 -4.58343     1.5258     0.6108
 -4.56801     1.5142     0.5796
 -4.55260     1.4808     0.5352
 -4.53719     1.4845     0.5121
 -4.52177     1.5122     0.5017
 -4.50636     1.5262     0.4881
 -4.49095     1.5380     0.4749
 -4.47553     1.5735     0.4643
 -4.46012     1.6362     0.4564
 -4.44471     1.7010     0.4506
 -4.42929     1.7589     0.4467
 -4.41388     1.8106     0.4446
 -4.39847     1.8558     0.4440
 -4.38305     1.8880     0.4437
 -4.36764     1.8753     0.4424
 -4.35223     1.8047     0.4401
 -4.33681     1.7653     0.4386
 -4.32140     1.7828     0.4391
 -4.30599     1.8058     0.4441
 -4.29057     1.8365     0.4586
 -4.27516     1.8716     0.4788
 -4.25975     1.9082     0.4951
 -4.24433     1.9747     0.5094
 -4.22892     2.0992     0.5285
 -4.21351     2.2978     0.5540
 -4.19809     2.6107     0.5900
 -4.18268     2.8719     0.6180
 -4.16727     2.8412     0.6161
 -4.15185     2.6985     0.6047
 -4.13644     2.6386     0.6016
 -4.12103     2.5843     0.5993
 -4.10561     2.5160     0.5992
 -4.09020     2.4719     0.6103
 -4.07479     2.4609     0.6287
 -4.05937     2.4782     0.6476
 -4.04396     2.5932     0.6733
 -4.02855     2.8913     0.7120
 -4.01313     3.0311     0.7370
 -3.99772     2.8188     0.7336
 -3.98231     2.5393     0.7231
 -3.96689     2.3084     0.7161
 -3.95148     2.1423     0.7189
 -3.93607     2.1042     0.7425
 -3.92065     2.1849     0.7893
 -3.90524     2.3530     0.8840
 -3.88983     2.5846     1.0284
 -3.87441     2.7792     1.1650
 -3.85900     2.8792     1.2614
 -3.84359     2.9108     1.3195
 -3.82817     2.9342     1.3548
 -3.81276     2.9757     1.3817
 -3.79735     3.0250     1.3986
 -3.78193     3.0697     1.4029
 -3.76652     3.1007     1.3951
 -3.75111     3.1401     1.3897
 -3.73569     3.2170     1.4059
 -3.72028     3.1732     1.3304
 -3.70487     3.0745     1.2049
 -3.68945     3.0745     1.1623
 -3.67404     3.0689     1.1413
 -3.65863     3.0509     1.1180
 -3.64321     3.0366     1.1001
 -3.62780     2.9957     1.0607
 -3.61239     2.9886     0.9898
 -3.59697     3.1274     0.9338
 -3.58156     3.3192     0.9044
 -3.56615     3.4517     0.8797
 -3.55073     3.5410     0.8573
 -3.53532     3.5988     0.8365
 -3.51991     3.6124     0.8105
 -3.50449     3.5767     0.7766
 -3.48908     3.5005     0.7390
 -3.47367     3.3784     0.6960
 -3.45825     3.2048     0.6501
 -3.44284     3.0145     0.6061
 -3.42743     2.7938     0.5627
 -3.41201     2.5147     0.5178
 -3.39660     2.2403     0.4734
 -3.38119     1.9838     0.4311
 -3.36577     1.7203     0.3912
 -3.35036     1.4103     0.3558
 -3.33495     1.0992     0.3228
 -3.31953     0.8716     0.2904
 -3.30412     0.7117     0.2648
 -3.28871     0.6046     0.2480
 -3.27329     0.5418     0.2354
 -3.25788     0.5085     0.2257
 -3.24247     0.4888     0.2173
 -3.22705     0.4792     0.2085
 -3.21164     0.4941     0.2006
 -3.19623     0.5513     0.2001
 -3.18081     0.6227     0.2061
 -3.16540     0.6814     0.2128
 -3.14999     0.7350     0.2202
 -3.13457     0.7850     0.2283
 -3.11916     0.8312     0.2370
 -3.10375     0.8738     0.2463
 -3.08833     0.9913     0.2738
 -3.07292     1.1238     0.3050
 -3.05751     1.1506     0.3108
 -3.04209     1.1712     0.3133
 -3.02668     1.2308     0.3241
 -3.01127     1.2933     0.3355
 -2.99585     1.3614     0.3478
 -2.98044     1.4445     0.3627
 -2.96503     1.5551     0.3830
 -2.94961     1.7018     0.4112
 -2.93420     1.8883     0.4480
 -2.91879     2.1212     0.4942
 -2.90337     2.4060     0.5488
 -2.88796     2.7069     0.6011
 -2.87255     2.9606     0.6402
 -2.85713     3.1379     0.6643
 -2.84172     3.2414     0.6741
 -2.82631     3.1013     0.6521
 -2.81089     2.6408     0.5939
 -2.79548     2.2993     0.5511
 -2.78007     2.2082     0.5366
 -2.76465     2.1420     0.5231
 -2.74924     2.0807     0.5085
 -2.73383     2.0265     0.4952
 -2.71841     2.0268     0.4941
 -2.70300     2.0707     0.5000
 -2.68759     2.1101     0.5027
 -2.67217     2.1474     0.5052
 -2.65676     2.1759     0.5055
 -2.64135     2.2099     0.5071
 -2.62593     2.2672     0.5145
 -2.61052     2.3461     0.5273
 -2.59511     2.4429     0.5444
 -2.57969     2.4914     0.5518
 -2.56428     2.4331     0.5394
 -2.54887     2.2548     0.5083
 -2.53345     1.9497     0.4566
 -2.51804     1.6989     0.4130
 -2.50263     1.5914     0.3936
 -2.48721     1.5270     0.3835
 -2.47180     1.4859     0.3799
 -2.45639     1.4761     0.3830
 -2.44097     1.5014     0.3924
 -2.42556     1.5442     0.4051
 -2.41015     1.5889     0.4183
 -2.39473     1.6270     0.4295
 -2.37932     1.6531     0.4372
 -2.36391     1.6658     0.4409
 -2.34849     1.6669     0.4411
 -2.33308     1.6679     0.4408
 -2.31767     1.6794     0.4430
 -2.30225     1.7043     0.4487
 -2.28684     1.7436     0.4586
 -2.27143     1.7898     0.4708
 -2.25601     1.8312     0.4822
 -2.24060     1.8692     0.4919
 -2.22519     1.9127     0.5027
 -2.20977     1.9653     0.5188
 -2.19436     2.0295     0.5421
 -2.17895     2.1036     0.5689
 -2.16353     2.1812     0.5953
 -2.14812     2.2562     0.6204
 -2.13271     2.2843     0.6372
 -2.11729     2.2941     0.6487
 -2.10188     2.3516     0.6639
 -2.08647     2.4476     0.6818
 -2.07105     2.5614     0.7012
 -2.05564     2.6753     0.7208
 -2.04023     2.7867     0.7400
 -2.02481     2.8937     0.7581
 -2.00940     2.9458     0.7716
 -1.99399     2.9367     0.7789
 -1.97857     2.9075     0.7804
 -1.96316     2.8358     0.7753
 -1.94775     2.7622     0.7691
 -1.93233     2.7472     0.7679
 -1.91692     2.7694     0.7703
 -1.90151     2.7837     0.7729
 -1.88609     2.7594     0.7739
 -1.87068     2.7471     0.7760
 -1.85527     2.8118     0.7823
 -1.83985     2.9069     0.7901
 -1.82444     2.9442     0.7943
 -1.80903     2.9272     0.7934
 -1.79361     2.9165     0.7898
 -1.77820     2.9272     0.7867
 -1.76279     2.9307     0.7839
 -1.74737     2.9158     0.7800
 -1.73196     2.8931     0.7752
 -1.71655     2.8695     0.7712
 -1.70113     2.8496     0.7694
 -1.68572     2.8225     0.7670
 -1.67031     2.7812     0.7629
 -1.65489     2.7287     0.7581
 -1.63948     2.6645     0.7522
 -1.62407     2.5881     0.7450
 -1.60865     2.4974     0.7365
 -1.59324     2.4131     0.7306
 -1.57783     2.3435     0.7292
 -1.56241     2.2199     0.7183
 -1.54700     2.1194     0.7120
 -1.53159     2.1819     0.7467
 -1.51617     2.3496     0.8152
 -1.50076     2.3722     0.8358
 -1.48535     2.1857     0.7834
 -1.46993     1.9821     0.7203
 -1.45452     1.8343     0.6720
 -1.43911     1.7445     0.6433
 -1.42369     1.7004     0.6316
 -1.40828     1.6760     0.6268
 -1.39287     1.6561     0.6231
 -1.37745     1.6376     0.6194
 -1.36204     1.6151     0.6142
 -1.34663     1.5833     0.6057
 -1.33121     1.5401     0.5933
 -1.31580     1.4884     0.5780
 -1.30039     1.4454     0.5657
 -1.28497     1.4137     0.5570
 -1.26956     1.3799     0.5473
 -1.25415     1.3435     0.5367
 -1.23873     1.3062     0.5263
 -1.22332     1.2636     0.5155
 -1.20791     1.2116     0.5039
 -1.19249     1.1576     0.4927
 -1.17708     1.1084     0.4828
 -1.16167     1.0639     0.4739
 -1.14625     1.0186     0.4645
 -1.13084     0.9689     0.4532
 -1.11543     0.9197     0.4413
 -1.10001     0.8749     0.4302
 -1.08460     0.8350     0.4201
 -1.06919     0.8016     0.4116
 -1.05377     0.7760     0.4055
 -1.03836     0.7582     0.4016
 -1.02295     0.7473     0.3996
 -1.00753     0.7422     0.3991
 -0.99212     0.7410     0.3995
 -0.97671     0.7411     0.4001
 -0.96129     0.7412     0.4006
 -0.94588     0.7412     0.4011
 -0.93047     0.7410     0.4013
 -0.91505     0.7405     0.4014
 -0.89964     0.7395     0.4012
 -0.88423     0.7379     0.4006
 -0.86881     0.7356     0.3997
 -0.85340     0.7327     0.3984
 -0.83799     0.7291     0.3968
 -0.82257     0.7249     0.3947
 -0.80716     0.7199     0.3923
 -0.79175     0.7143     0.3895
 -0.77633     0.7076     0.3862
 -0.76092     0.6995     0.3822
 -0.74551     0.6908     0.3778
 -0.73009     0.6816     0.3733
 -0.71468     0.6721     0.3685
 -0.69927     0.6622     0.3636
 -0.68385     0.6521     0.3585
 -0.66844     0.6417     0.3533
 -0.65303     0.6310     0.3480
 -0.63761     0.6204     0.3426
 -0.62220     0.6097     0.3372
 -0.60679     0.5988     0.3316
 -0.59137     0.5872     0.3257
 -0.57596     0.5745     0.3191
 -0.56055     0.5608     0.3119
 -0.54513     0.5458     0.3040
 -0.52972     0.5294     0.2952
 -0.51431     0.5121     0.2859
 -0.49889     0.4943     0.2764
 -0.48348     0.4760     0.2665
 -0.46807     0.4568     0.2560
 -0.45265     0.4366     0.2450
 -0.43724     0.4161     0.2338
 -0.42183     0.3953     0.2224
 -0.40641     0.3743     0.2108
 -0.39100     0.3531     0.1991
 -0.37559     0.3316     0.1872
 -0.36017     0.3099     0.1751
 -0.34476     0.2880     0.1629
 -0.32935     0.2659     0.1505
 -0.31393     0.2435     0.1380
 -0.29852     0.2209     0.1253
 -0.28311     0.1981     0.1125
 -0.26769     0.1750     0.0995
 -0.25228     0.1520     0.0864
 -0.23687     0.1308     0.0744
 -0.22145     0.1125     0.0640
 -0.20604     0.0955     0.0544
 -0.19063     0.0795     0.0453
 -0.17521     0.0644     0.0368
 -0.15980     0.0510     0.0291
 -0.14439     0.0394     0.0225
 -0.12897     0.0291     0.0167
 -0.11356     0.0206     0.0118
 -0.09815     0.0142     0.0081
 -0.08273     0.0097     0.0056
 -0.06732     0.0064     0.0037
 -0.05191     0.0038     0.0022
 -0.03649     0.0019     0.0011
 -0.02108     0.0007     0.0004
 -0.00567     0.0001     0.0001
  0.00975     0.0000     0.0000
  0.02516     0.0000     0.0000
  0.04057     0.0000     0.0000
  0.05599     0.0000     0.0000
  0.07140     0.0000     0.0000
  0.08681     0.0000     0.0000
  0.10223     0.0000     0.0000
  0.11764     0.0000     0.0000
  0.13305     0.0000     0.0000
  0.14847     0.0000     0.0000
  0.16388     0.0000     0.0000
  0.17929     0.0000     0.0000
  0.19471     0.0000     0.0000
  0.21012     0.0000     0.0000
  0.22553     0.0000     0.0000
  0.24095     0.0000     0.0000
  0.25636     0.0000     0.0000
  0.27177     0.0000     0.0000
  0.28719     0.0000     0.0000
  0.30260     0.0000     0.0000
  0.31801     0.0000     0.0000
  0.33343     0.0000     0.0000
  0.34884     0.0000     0.0000
  0.36425     0.0000     0.0000
  0.37967     0.0000     0.0000
  0.39508     0.0000     0.0000
  0.41049     0.0000     0.0000
  0.42591     0.0000     0.0000
  0.44132     0.0000     0.0000
  0.45673     0.0000     0.0000
  0.47215     0.0000     0.0000
  0.48756     0.0000     0.0000
  0.50297     0.0000     0.0000
  0.51839     0.0000     0.0000
  0.53380     0.0000     0.0000
  0.54921     0.0000     0.0000
  0.56463     0.0000     0.0000
  0.58004     0.0000     0.0000
  0.59545     0.0000     0.0000
  0.61087     0.0000     0.0000
  0.62628     0.0000     0.0000
  0.64169     0.0000     0.0000
  0.65711     0.0000     0.0000
  0.67252     0.0000     0.0000
  0.68793     0.0000     0.0000
  0.70335     0.0000     0.0000
  0.71876     0.0000     0.0000
  0.73417     0.0000     0.0000
  0.74959     0.0000     0.0000
  0.76500     0.0000     0.0000
  0.78041     0.0000     0.0000
  0.79583     0.0000     0.0000
  0.81124     0.0000     0.0000
  0.82665     0.0000     0.0000
  0.84207     0.0000     0.0000
  0.85748     0.0000     0.0000
  0.87289     0.0000     0.0000
  0.88831     0.0000     0.0000
  0.90372     0.0000     0.0000
  0.91913     0.0000     0.0000
  0.93455     0.0000     0.0000
  0.94996     0.0000     0.0000
  0.96537     0.0000     0.0000
  0.98079     0.0000     0.0000
  0.99620     0.0000     0.0000
  1.01161     0.0004     0.0000
  1.02703     0.0018     0.0000
  1.04244     0.0046     0.0001
  1.05785     0.0088     0.0002
  1.07327     0.0145     0.0003
  1.08868     0.0215     0.0004
  1.10409     0.0301     0.0006
  1.11951     0.0400     0.0008
  1.13492     0.0514     0.0010
  1.15033     0.0642     0.0013
  1.16575     0.0785     0.0016
  1.18116     0.0941     0.0019
  1.19657     0.1112     0.0023
  1.21199     0.1293     0.0027
  1.22740     0.1452     0.0037
  1.24281     0.1610     0.0049
  1.25823     0.1838     0.0059
  1.27364     0.2140     0.0069
  1.28905     0.2396     0.0079
  1.30447     0.2567     0.0087
  1.31988     0.2747     0.0095
  1.33529     0.3004     0.0105
  1.35071     0.3391     0.0118
  1.36612     0.3924     0.0134
  1.38153     0.4593     0.0154
  1.39695     0.5367     0.0176
  1.41236     0.6211     0.0201
  1.42777     0.7116     0.0229
  1.44319     0.8083     0.0259
  1.45860     0.9108     0.0292
  1.47401     0.9990     0.0324
  1.48943     1.0453     0.0352
  1.50484     1.0590     0.0374
  1.52025     1.0629     0.0393
  1.53567     1.0730     0.0414
  1.55108     1.1032     0.0442
  1.56649     1.1438     0.0474
  1.58191     1.1813     0.0503
  1.59732     1.2144     0.0527
  1.61273     1.2430     0.0547
  1.62815     1.2663     0.0562
  1.64356     1.2853     0.0574
  1.65897     1.3117     0.0587
  1.67439     1.3465     0.0601
  1.68980     1.3753     0.0611
  1.70521     1.3930     0.0614
  1.72063     1.3997     0.0610
  1.73604     1.4025     0.0604
  1.75145     1.4139     0.0602
  1.76687     1.4411     0.0610
  1.78228     1.4859     0.0625
  1.79769     1.5355     0.0641
  1.81311     1.5742     0.0655
  1.82852     1.6061     0.0669
  1.84393     1.6353     0.0683
  1.85935     1.6607     0.0695
  1.87476     1.6827     0.0705
  1.89017     1.6979     0.0711
  1.90559     1.7111     0.0715
  1.92100     1.7350     0.0719
  1.93641     1.7675     0.0725
  1.95183     1.8000     0.0727
  1.96724     1.8290     0.0722
  1.98265     1.8498     0.0715
  1.99807     1.8716     0.0714
  2.01348     1.8980     0.0717
  2.02889     1.9186     0.0717
  2.04431     1.9210     0.0712
  2.05972     1.8872     0.0701
  2.07513     1.7521     0.0676
  2.09055     1.5340     0.0636
  2.10596     1.3662     0.0600
  2.12137     1.2596     0.0568
  2.13679     1.1615     0.0536
  2.15220     1.0749     0.0506
  2.16761     1.0077     0.0480
  2.18303     0.9846     0.0472
  2.19844     1.0289     0.0490
  2.21385     1.1041     0.0521
  2.22927     1.1707     0.0548
  2.24468     1.2262     0.0571
  2.26009     1.2791     0.0591
  2.27551     1.3565     0.0616
  2.29092     1.4753     0.0652
  2.30633     1.6513     0.0702
  2.32175     1.8646     0.0762
  2.33716     1.9606     0.0800
  2.35257     1.8693     0.0802
  2.36799     1.7328     0.0795
  2.38340     1.6615     0.0800
  2.39881     1.6412     0.0816
  2.41423     1.6376     0.0835
  2.42964     1.6294     0.0851
  2.44505     1.5993     0.0859
  2.46047     1.5616     0.0863
  2.47588     1.5363     0.0870
  2.49129     1.5226     0.0879
  2.50671     1.5138     0.0888
  2.52212     1.5054     0.0896
  2.53753     1.5012     0.0904
  2.55295     1.5037     0.0915
  2.56836     1.5021     0.0924
  2.58377     1.4862     0.0928
  2.59919     1.4590     0.0927
  2.61460     1.4261     0.0924
  2.63001     1.3925     0.0922
  2.64543     1.3625     0.0924
  2.66084     1.3330     0.0931
  2.67625     1.2992     0.0943
  2.69167     1.2599     0.0957
  2.70708     1.2308     0.0973
  2.72249     1.2171     0.0988
  2.73791     1.2075     0.1003
  2.75332     1.1995     0.1018
  2.76873     1.1929     0.1034
  2.78415     1.1878     0.1051
  2.79956     1.1841     0.1069
  2.81497     1.1818     0.1087
  2.83039     1.1812     0.1108
  2.84580     1.1824     0.1129
  2.86121     1.1839     0.1150
  2.87663     1.1848     0.1171
  2.89204     1.1847     0.1191
  2.90745     1.1837     0.1210
  2.92287     1.1817     0.1228
  2.93828     1.1789     0.1245
  2.95369     1.1755     0.1262
  2.96911     1.1718     0.1279
  2.98452     1.1681     0.1296
  2.99993     1.1643     0.1311
  3.01535     1.1605     0.1326
  3.03076     1.1564     0.1341
  3.04617     1.1517     0.1356
  3.06159     1.1466     0.1371
  3.07700     1.1410     0.1386
  3.09241     1.1349     0.1400
  3.10783     1.1282     0.1414
  3.12324     1.1223     0.1429
  3.13865     1.1253     0.1455
  3.15407     1.1455     0.1503
  3.16948     1.1844     0.1573
  3.18489     1.2185     0.1639
  3.20031     1.1737     0.1614
  3.21572     1.0880     0.1541
  3.23113     1.0559     0.1527
  3.24655     1.0533     0.1545
  3.26196     1.0501     0.1561
  3.27737     1.0456     0.1574
  3.29279     1.0398     0.1585
  3.30820     1.0327     0.1593
  3.32361     1.0238     0.1597
  3.33903     1.0117     0.1595
  3.35444     0.9954     0.1585
  3.36985     0.9756     0.1568
  3.38527     0.9521     0.1545
  3.40068     0.9252     0.1516
  3.41609     0.8958     0.1484
  3.43151     0.8638     0.1448
  3.44692     0.8299     0.1407
  3.46233     0.7958     0.1365
  3.47775     0.7618     0.1322
  3.49316     0.7279     0.1278
  3.50857     0.6942     0.1233
  3.52399     0.6605     0.1186
  3.53940     0.6268     0.1139
  3.55481     0.5931     0.1091
  3.57023     0.5594     0.1041
  3.58564     0.5256     0.0990
  3.60105     0.4918     0.0938
  3.61647     0.4580     0.0885
  3.63188     0.4242     0.0830
  3.64729     0.3905     0.0775
  3.66271     0.3583     0.0721
  3.67812     0.3297     0.0674
  3.69353     0.3046     0.0632
  3.70895     0.2811     0.0592
  3.72436     0.2585     0.0554
  3.73977     0.2367     0.0518
  3.75519     0.2159     0.0483
  3.77060     0.1959     0.0450
  3.78601     0.1768     0.0418
  3.80143     0.1586     0.0387
  3.81684     0.1412     0.0358
  3.83225     0.1247     0.0330
  3.84767     0.1091     0.0304
  3.86308     0.0944     0.0279
  3.87849     0.0806     0.0256
  3.89391     0.0697     0.0238
  3.90932     0.0646     0.0230
  3.92473     0.0639     0.0230
  3.94015     0.0645     0.0233
  3.95556     0.0652     0.0236
  3.97097     0.0659     0.0239
  3.98639     0.0666     0.0242
  4.00180     0.0673     0.0245
  4.01721     0.0681     0.0248
  4.03263     0.0688     0.0251
  4.04804     0.0696     0.0254
  4.06345     0.0703     0.0257
  4.07887     0.0710     0.0260
  4.09428     0.0718     0.0264
  4.10969     0.0726     0.0267
  4.12511     0.0733     0.0270
  4.14052     0.0741     0.0273
  4.15593     0.0749     0.0276
  4.17135     0.0756     0.0279
  4.18676     0.0764     0.0282
  4.20217     0.0772     0.0286
  4.21759     0.0780     0.0289
  4.23300     0.0788     0.0292
  4.24841     0.0796     0.0295
  4.26383     0.0804     0.0298
  4.27924     0.0812     0.0302
  4.29465     0.0820     0.0305
  4.31007     0.0828     0.0308
  4.32548     0.0836     0.0311
  4.34089     0.0844     0.0315
  4.35631     0.0853     0.0318
  4.37172     0.0861     0.0321
  4.38713     0.0869     0.0325
  4.40255     0.0878     0.0328
  4.41796     0.0886     0.0331
  4.43337     0.0894     0.0335
  4.44879     0.0903     0.0338
  4.46420     0.0912     0.0341
  4.47961     0.0920     0.0345
  4.49503     0.0929     0.0348
  4.51044     0.0938     0.0352
  4.52585     0.0946     0.0355
  4.54127     0.0955     0.0359
  4.55668     0.0964     0.0362
  4.57209     0.0974     0.0366
  4.58751     0.0983     0.0370
  4.60292     0.0993     0.0374
  4.61833     0.1002     0.0378
  4.63375     0.1012     0.0382
  4.64916     0.1022     0.0386
  4.66457     0.1032     0.0390
  4.67999     0.1043     0.0394
  4.69540     0.1053     0.0398
  4.71081     0.1064     0.0403
  4.72623     0.1075     0.0407
  4.74164     0.1086     0.0412
  4.75705     0.1097     0.0416
  4.77247     0.1109     0.0421
  4.78788     0.1121     0.0426
  4.80329     0.1133     0.0431
  4.81871     0.1145     0.0435
  4.83412     0.1158     0.0440
  4.84953     0.1171     0.0445
  4.86495     0.1184     0.0450
  4.88036     0.1198     0.0456
  4.89577     0.1212     0.0461
  4.91119     0.1226     0.0466
  4.92660     0.1241     0.0471
  4.94201     0.1255     0.0477
  4.95743     0.1271     0.0482
  4.97284     0.1286     0.0488
  4.98825     0.1302     0.0493
  5.00367     0.1318     0.0499
  5.01908     0.1334     0.0505
  5.03449     0.1351     0.0510
  5.04991     0.1367     0.0516
  5.06532     0.1385     0.0522
  5.08073     0.1402     0.0528
  5.09615     0.1420     0.0534
  5.11156     0.1438     0.0540
  5.12697     0.1456     0.0546
  5.14239     0.1475     0.0553
  5.15780     0.1493     0.0559
  5.17321     0.1512     0.0565
  5.18863     0.1531     0.0571
  5.20404     0.1550     0.0578
  5.21945     0.1569     0.0584
  5.23487     0.1588     0.0590
  5.25028     0.1607     0.0597
  5.26569     0.1626     0.0603
  5.28111     0.1646     0.0610
  5.29652     0.1666     0.0617
  5.31193     0.1687     0.0624
  5.32735     0.1708     0.0631
  5.34276     0.1729     0.0638
  5.35817     0.1751     0.0645
  5.37359     0.1773     0.0653
  5.38900     0.1796     0.0660
  5.40441     0.1818     0.0668
  5.41983     0.1842     0.0675
  5.43524     0.1865     0.0683
  5.45065     0.1890     0.0691
  5.46607     0.1914     0.0699
  5.48148     0.1939     0.0707
  5.49689     0.1964     0.0715
  5.51231     0.1990     0.0723
  5.52772     0.2016     0.0731
  5.54313     0.2043     0.0740
  5.55855     0.2070     0.0748
  5.57396     0.2097     0.0757
  5.58937     0.2125     0.0765
  5.60479     0.2153     0.0774
  5.62020     0.2181     0.0783
  5.63561     0.2209     0.0791
  5.65103     0.2238     0.0800
  5.66644     0.2267     0.0809
  5.68185     0.2298     0.0818
  5.69727     0.2329     0.0827
  5.71268     0.2362     0.0836
  5.72809     0.2396     0.0846
  5.74351     0.2432     0.0856
  5.75892     0.2469     0.0866
  5.77433     0.2507     0.0876
  5.78975     0.2547     0.0886
  5.80516     0.2589     0.0897
  5.82057     0.2632     0.0908
  5.83599     0.2676     0.0919
  5.85140     0.2722     0.0931
  5.86681     0.2769     0.0942
  5.88223     0.2818     0.0954
  5.89764     0.2866     0.0965
  5.91305     0.2914     0.0977
  5.92847     0.2961     0.0988
  5.94388     0.3008     0.0999
  5.95929     0.3054     0.1010
  5.97471     0.3099     0.1021
  5.99012     0.3143     0.1032
  6.00553     0.3186     0.1042
  6.02095     0.3229     0.1052
  6.03636     0.3271     0.1063
  6.05177     0.3313     0.1072
  6.06719     0.3353     0.1082
  6.08260     0.3393     0.1091
  6.09801     0.3432     0.1101
  6.11343     0.3470     0.1110
  6.12884     0.3508     0.1119
  6.14425     0.3545     0.1128
  6.15967     0.3582     0.1136
  6.17508     0.3617     0.1145
  6.19049     0.3653     0.1153
  6.20591     0.3687     0.1161
  6.22132     0.3721     0.1169
  6.23673     0.3754     0.1177
  6.25215     0.3785     0.1184
  6.26756     0.3815     0.1190
  6.28297     0.3843     0.1197
  6.29839     0.3870     0.1203
  6.31380     0.3895     0.1209
  6.32921     0.3919     0.1214
  6.34463     0.3941     0.1219
  6.36004     0.3961     0.1224
  6.37545     0.3979     0.1229
  6.39087     0.3996     0.1233
  6.40628     0.4011     0.1238
  6.42169     0.4024     0.1242
  6.43711     0.4037     0.1245
  6.45252     0.4052     0.1248
  6.46793     0.4065     0.1251
  6.48335     0.4078     0.1253
  6.49876     0.4090     0.1253
  6.51417     0.4102     0.1253
  6.52959     0.4110     0.1251
  6.54500     0.4113     0.1247
  6.56041     0.4114     0.1243
  6.57583     0.4114     0.1239
  6.59124     0.4113     0.1235
  6.60665     0.4111     0.1231
  6.62207     0.4109     0.1227
  6.63748     0.4109     0.1224
  6.65289     0.4110     0.1222
  6.66831     0.4113     0.1220
  6.68372     0.4116     0.1219
  6.69913     0.4122     0.1218
  6.71455     0.4128     0.1218
  6.72996     0.4136     0.1218
  6.74537     0.4146     0.1219
  6.76079     0.4156     0.1221
  6.77620     0.4168     0.1223
  6.79161     0.4182     0.1226
  6.80703     0.4197     0.1230
  6.82244     0.4213     0.1234
  6.83785     0.4231     0.1238
  6.85327     0.4250     0.1243
  6.86868     0.4269     0.1248
  6.88409     0.4289     0.1252
  6.89951     0.4307     0.1256
  6.91492     0.4324     0.1259
  6.93033     0.4338     0.1261
  6.94575     0.4352     0.1263
  6.96116     0.4364     0.1265
  6.97657     0.4374     0.1267
  6.99199     0.4382     0.1268
  7.00740     0.4389     0.1269
  7.02281     0.4395     0.1269
  7.03823     0.4399     0.1269
  7.05364     0.4402     0.1268
  7.06905     0.4405     0.1267
  7.08447     0.4407     0.1266
  7.09988     0.4410     0.1265
  7.11529     0.4412     0.1263
  7.13071     0.4414     0.1260
  7.14612     0.4414     0.1257
  7.16153     0.4416     0.1254
  7.17695     0.4419     0.1250
  7.19236     0.4424     0.1247
  7.20777     0.4432     0.1244
  7.22319     0.4439     0.1241
  7.23860     0.4445     0.1238
  7.25401     0.4449     0.1234
  7.26943     0.4451     0.1230
  7.28484     0.4451     0.1225
  7.30025     0.4449     0.1219
  7.31567     0.4445     0.1213
  7.33108     0.4439     0.1207
  7.34649     0.4431     0.1199
  7.36191     0.4421     0.1192
  7.37732     0.4408     0.1183
  7.39273     0.4394     0.1174
  7.40815     0.4377     0.1165
  7.42356     0.4351     0.1152
  7.43897     0.4311     0.1134
  7.45439     0.4266     0.1115
  7.46980     0.4220     0.1097
  7.48521     0.4176     0.1080
  7.50063     0.4134     0.1065
  7.51604     0.4092     0.1050
  7.53145     0.4052     0.1036
  7.54687     0.4013     0.1024
  7.56228     0.3976     0.1013
  7.57769     0.3939     0.1002
  7.59311     0.3904     0.0993
  7.60852     0.3869     0.0984
  7.62393     0.3835     0.0976
  7.63935     0.3801     0.0968
  7.65476     0.3767     0.0960
  7.67017     0.3732     0.0952
  7.68559     0.3698     0.0944
  7.70100     0.3663     0.0936
  7.71641     0.3628     0.0927
  7.73183     0.3592     0.0919
  7.74724     0.3557     0.0910
  7.76265     0.3521     0.0901
  7.77807     0.3486     0.0893
  7.79348     0.3450     0.0884
  7.80889     0.3414     0.0875
  7.82431     0.3377     0.0866
  7.83972     0.3341     0.0857
  7.85513     0.3304     0.0848
  7.87055     0.3267     0.0839
  7.88596     0.3230     0.0829
  7.90137     0.3193     0.0820
  7.91679     0.3156     0.0810
  7.93220     0.3118     0.0801
  7.94761     0.3080     0.0791
  7.96303     0.3042     0.0781
  7.97844     0.3004     0.0771
  7.99385     0.2966     0.0762
  8.00927     0.2927     0.0752
  8.02468     0.2888     0.0742
  8.04009     0.2850     0.0731
  8.05551     0.2811     0.0721
  8.07092     0.2771     0.0711
  8.08633     0.2732     0.0700
  8.10175     0.2693     0.0690
  8.11716     0.2658     0.0681
  8.13257     0.2627     0.0672
  8.14799     0.2596     0.0664
  8.16340     0.2560     0.0654
  8.17881     0.2520     0.0643
  8.19423     0.2475     0.0631
  8.20964     0.2424     0.0617
  8.22505     0.2368     0.0602
  8.24047     0.2307     0.0586
  8.25588     0.2240     0.0568
  8.27129     0.2164     0.0547
  8.28671     0.2079     0.0524
  8.30212     0.1985     0.0499
  8.31753     0.1882     0.0471
  8.33295     0.1770     0.0440
  8.34836     0.1655     0.0409
  8.36377     0.1581     0.0389
  8.37919     0.1559     0.0382
  8.39460     0.1550     0.0380
  8.41001     0.1541     0.0377
  8.42543     0.1531     0.0374
  8.44084     0.1526     0.0373
  8.45625     0.1539     0.0380
  8.47167     0.1570     0.0394
  8.48708     0.1608     0.0410
  8.50249     0.1652     0.0429
  8.51791     0.1706     0.0452
  8.53332     0.1768     0.0479
  8.54873     0.1835     0.0508
  8.56415     0.1902     0.0537
  8.57956     0.1972     0.0567
  8.59497     0.2042     0.0598
  8.61039     0.2115     0.0630
  8.62580     0.2188     0.0663
  8.64121     0.2263     0.0697
  8.65663     0.2339     0.0731
  8.67204     0.2416     0.0766
  8.68745     0.2492     0.0800
  8.70287     0.2567     0.0834
  8.71828     0.2639     0.0868
  8.73369     0.2710     0.0900
  8.74911     0.2778     0.0932
  8.76452     0.2845     0.0963
  8.77993     0.2908     0.0993
  8.79535     0.2969     0.1021
  8.81076     0.3026     0.1049
  8.82617     0.3080     0.1075
  8.84159     0.3131     0.1100
  8.85700     0.3179     0.1124
  8.87241     0.3224     0.1146
  8.88783     0.3265     0.1167
  8.90324     0.3304     0.1187
  8.91865     0.3339     0.1206
  8.93407     0.3371     0.1223
  8.94948     0.3400     0.1239
  8.96489     0.3425     0.1254
  8.98031     0.3444     0.1267
  8.99572     0.3455     0.1277
  9.01113     0.3452     0.1284
  9.02655     0.3429     0.1285
  9.04196     0.3383     0.1279
  9.05737     0.3319     0.1269
  9.07279     0.3256     0.1259
  9.08820     0.3210     0.1252
  9.10361     0.3185     0.1254
  9.11903     0.3203     0.1275
  9.13444     0.3258     0.1313
  9.14985     0.3332     0.1356
  9.16527     0.3416     0.1398
  9.18068     0.3497     0.1438
  9.19609     0.3571     0.1473
  9.21151     0.3635     0.1504
  9.22692     0.3689     0.1530
  9.24233     0.3733     0.1551
  9.25775     0.3783     0.1573
  9.27316     0.3880     0.1612
  9.28857     0.4011     0.1664
  9.30399     0.4136     0.1713
  9.31940     0.4248     0.1756
  9.33481     0.4348     0.1793
  9.35023     0.4435     0.1826
  9.36564     0.4511     0.1853
  9.38105     0.4575     0.1874
  9.39647     0.4628     0.1891
  9.41188     0.4670     0.1903
  9.42729     0.4705     0.1912
  9.44271     0.4739     0.1920
  9.45812     0.4777     0.1931
  9.47353     0.4819     0.1943
  9.48895     0.4865     0.1958
  9.50436     0.4914     0.1974
  9.51977     0.4967     0.1991
  9.53519     0.5022     0.2011
  9.55060     0.5078     0.2030
  9.56601     0.5135     0.2050
  9.58143     0.5185     0.2068
  9.59684     0.5228     0.2083
  9.61225     0.5267     0.2097
  9.62767     0.5304     0.2110
  9.64308     0.5340     0.2122
  9.65849     0.5374     0.2133
  9.67391     0.5406     0.2143
  9.68932     0.5445     0.2158
  9.70473     0.5576     0.2218
  9.72015     0.5810     0.2331
  9.73556     0.6047     0.2445
  9.75097     0.6305     0.2569
  9.76639     0.6660     0.2741
  9.78180     0.7090     0.2952
  9.79721     0.7487     0.3146
  9.81263     0.7772     0.3283
  9.82804     0.7940     0.3362
  9.84345     0.7992     0.3383
  9.85887     0.7927     0.3345
  9.87428     0.7745     0.3248
  9.88969     0.7485     0.3111
  9.90511     0.7237     0.2978
  9.92052     0.7014     0.2859
  9.93593     0.6773     0.2733
  9.95135     0.6528     0.2605
  9.96676     0.6331     0.2498
  9.98217     0.6195     0.2419
  9.99759     0.6125     0.2378
 10.01300     0.6121     0.2373
 10.02841     0.6140     0.2382
 10.04383     0.6160     0.2390
 10.05924     0.6176     0.2396
 10.07465     0.6185     0.2398
 10.09007     0.6188     0.2398
 10.10548     0.6183     0.2393
 10.12089     0.6172     0.2385
 10.13631     0.6154     0.2374
 10.15172     0.6129     0.2359
 10.16713     0.6096     0.2341
 10.18255     0.6058     0.2319
 10.19796     0.6016     0.2296
 10.21337     0.5977     0.2273
 10.22879     0.5941     0.2252
 10.24420     0.5909     0.2233
 10.25961     0.5885     0.2217
 10.27503     0.5872     0.2206
 10.29044     0.5872     0.2201
 10.30585     0.5885     0.2202
 10.32127     0.5913     0.2210
 10.33668     0.6074     0.2288
 10.35209     0.6460     0.2485
 10.36751     0.6988     0.2757
 10.38292     0.7595     0.3072
 10.39833     0.8297     0.3433
 10.41375     0.9009     0.3780
 10.42916     0.9834     0.4127
 10.44457     1.0900     0.4519
 10.45999     1.0900     0.4444
 10.47540     0.9795     0.3896
 10.49081     0.8809     0.3370
 10.50623     0.7965     0.2931
 10.52164     0.7364     0.2652
 10.53705     0.6982     0.2485
 10.55247     0.6693     0.2356
 10.56788     0.6479     0.2256
 10.58329     0.6304     0.2173
 10.59871     0.6149     0.2098
 10.61412     0.6014     0.2032
 10.62953     0.5896     0.1973
 10.64495     0.5795     0.1920
 10.66036     0.5709     0.1875
 10.67577     0.5636     0.1835
 10.69119     0.5574     0.1799
 10.70660     0.5521     0.1768
 10.72201     0.5474     0.1739
 10.73743     0.5431     0.1712
 10.75284     0.5390     0.1687
 10.76825     0.5349     0.1661
 10.78367     0.5309     0.1637
 10.79908     0.5269     0.1612
 10.81449     0.5230     0.1588
 10.82991     0.5196     0.1567
 10.84532     0.5177     0.1554
 10.86073     0.5170     0.1546
 10.87615     0.5165     0.1539
 10.89156     0.5163     0.1533
 10.90697     0.5162     0.1528
 10.92239     0.5164     0.1524
 10.93780     0.5167     0.1521
 10.95321     0.5175     0.1521
 10.96863     0.5188     0.1522
 10.98404     0.5208     0.1527
 10.99945     0.5235     0.1533
 11.01487     0.5267     0.1542
 11.03028     0.5302     0.1553
 11.04569     0.5342     0.1566
 11.06111     0.5386     0.1579
 11.07652     0.5433     0.1594
 11.09193     0.5484     0.1611
 11.10735     0.5563     0.1637
 11.12276     0.5741     0.1697
 11.13817     0.6040     0.1798
 11.15359     0.6458     0.1940
 11.16900     0.6937     0.2101
 11.18441     0.7160     0.2169
 11.19983     0.7018     0.2107
 11.21524     0.6795     0.2015
 11.23065     0.6630     0.1944
 11.24607     0.6473     0.1877
 11.26148     0.6284     0.1800
 11.27689     0.6064     0.1712
 11.29231     0.5916     0.1650
 11.30772     0.5861     0.1621
 11.32313     0.5815     0.1596
 11.33855     0.5773     0.1571
 11.35396     0.5733     0.1548
 11.36937     0.5695     0.1526
 11.38479     0.5659     0.1505
 11.40020     0.5623     0.1484
 11.41561     0.5587     0.1463
 11.43103     0.5551     0.1442
 11.44644     0.5514     0.1421
 11.46185     0.5477     0.1400
 11.47727     0.5437     0.1378
 11.49268     0.5397     0.1356
 11.50809     0.5354     0.1333
 11.52351     0.5309     0.1310
 11.53892     0.5262     0.1286
 11.55433     0.5213     0.1261
 11.56975     0.5160     0.1235
 11.58516     0.5104     0.1207
 11.60057     0.5042     0.1177
 11.61599     0.4974     0.1144
 11.63140     0.4901     0.1108
 11.64681     0.4829     0.1073
 11.66223     0.4761     0.1040
 11.67764     0.4698     0.1011
 11.69305     0.4641     0.0987
 11.70847     0.4589     0.0966
 11.72388     0.4539     0.0947
 11.73929     0.4491     0.0929
 11.75471     0.4444     0.0913
 11.77012     0.4401     0.0898
 11.78553     0.4361     0.0883
 11.80095     0.4322     0.0869
 11.81636     0.4283     0.0856
 11.83177     0.4246     0.0842
 11.84719     0.4208     0.0829
 11.86260     0.4172     0.0816
 11.87801     0.4135     0.0803
 11.89343     0.4099     0.0790
 11.90884     0.4064     0.0778
 11.92425     0.4029     0.0765
 11.93967     0.3994     0.0753
 11.95508     0.3960     0.0741
 11.97049     0.3926     0.0729
 11.98591     0.3892     0.0717
 12.00132     0.3859     0.0705
 12.01673     0.3827     0.0693
 12.03215     0.3795     0.0682
 12.04756     0.3763     0.0670
 12.06297     0.3731     0.0659
 12.07839     0.3700     0.0648
 12.09380     0.3669     0.0637
 12.10921     0.3638     0.0626
 12.12463     0.3608     0.0615
 12.14004     0.3578     0.0605
 12.15545     0.3549     0.0594
 12.17087     0.3519     0.0584
 12.18628     0.3491     0.0574
 12.20169     0.3462     0.0564
 12.21711     0.3434     0.0554
 12.23252     0.3406     0.0544
 12.24793     0.3379     0.0534
 12.26335     0.3351     0.0525
 12.27876     0.3324     0.0515
 12.29417     0.3296     0.0505
 12.30959     0.3263     0.0493
 12.32500     0.3225     0.0476
 12.34041     0.3182     0.0456
 12.35583     0.3137     0.0436
 12.37124     0.3098     0.0420
 12.38665     0.3064     0.0409
 12.40207     0.3033     0.0400
 12.41748     0.3004     0.0392
 12.43289     0.2977     0.0386
 12.44831     0.2950     0.0380
 12.46372     0.2923     0.0374
 12.47913     0.2897     0.0368
 12.49455     0.2871     0.0362
 12.50996     0.2846     0.0357
 12.52537     0.2820     0.0351
 12.54079     0.2795     0.0346
 12.55620     0.2770     0.0340
 12.57161     0.2745     0.0335
 12.58703     0.2720     0.0329
 12.60244     0.2696     0.0324
 12.61785     0.2672     0.0319
 12.63327     0.2648     0.0314
 12.64868     0.2623     0.0308
 12.66409     0.2599     0.0303
 12.67951     0.2574     0.0297
 12.69492     0.2550     0.0292
 12.71033     0.2526     0.0287
 12.72575     0.2502     0.0282
 12.74116     0.2478     0.0276
 12.75657     0.2455     0.0271
 12.77199     0.2432     0.0267
 12.78740     0.2409     0.0262
 12.80281     0.2386     0.0257
 12.81823     0.2364     0.0253
 12.83364     0.2342     0.0249
 12.84905     0.2320     0.0245
 12.86447     0.2298     0.0241
 12.87988     0.2277     0.0237
 12.89529     0.2256     0.0233
 12.91071     0.2236     0.0230
 12.92612     0.2215     0.0226
 12.94153     0.2195     0.0223
 12.95695     0.2175     0.0219
 12.97236     0.2155     0.0216
 12.98777     0.2135     0.0213
 13.00319     0.2116     0.0210
 13.01860     0.2097     0.0207
 13.03401     0.2078     0.0204
 13.04943     0.2059     0.0200
 13.06484     0.2040     0.0197
 13.08025     0.2021     0.0194
 13.09567     0.2002     0.0191
 13.11108     0.1984     0.0188
 13.12649     0.1965     0.0186
 13.14191     0.1947     0.0183
 13.15732     0.1929     0.0180
 13.17273     0.1911     0.0177
 13.18815     0.1893     0.0174
 13.20356     0.1875     0.0171
 13.21897     0.1856     0.0168
 13.23439     0.1838     0.0165
 13.24980     0.1819     0.0162
 13.26521     0.1800     0.0159
 13.28063     0.1782     0.0156
 13.29604     0.1764     0.0153
 13.31145     0.1747     0.0150
 13.32687     0.1733     0.0148
 13.34228     0.1720     0.0145
 13.35769     0.1709     0.0142
 13.37311     0.1700     0.0140
 13.38852     0.1693     0.0138
 13.40393     0.1687     0.0135
 13.41935     0.1683     0.0133
 13.43476     0.1681     0.0131
 13.45017     0.1722     0.0135
 13.46559     0.1934     0.0162
 13.48100     0.2218     0.0198
 13.49641     0.2369     0.0216
 13.51183     0.2369     0.0215
 13.52724     0.2245     0.0196
 13.54265     0.2101     0.0175
 13.55807     0.2032     0.0163
 13.57348     0.2032     0.0161
 13.58889     0.2294     0.0193
 13.60431     0.2999     0.0284
 13.61972     0.3427     0.0339
 13.63513     0.3386     0.0332
 13.65055     0.3364     0.0327
 13.66596     0.3347     0.0322
 13.68137     0.3324     0.0316
 13.69679     0.3296     0.0310
 13.71220     0.3317     0.0309
 13.72761     0.3434     0.0320
 13.74303     0.3606     0.0338
 13.75844     0.3801     0.0359
 13.77385     0.4017     0.0381
 13.78927     0.4255     0.0406
 13.80468     0.4515     0.0433
 13.82009     0.4796     0.0462
 13.83551     0.5083     0.0492
 13.85092     0.5355     0.0521
 13.86633     0.5604     0.0549
 13.88175     0.5825     0.0574
 13.89716     0.5969     0.0594
 13.91257     0.5993     0.0603
 13.92799     0.5942     0.0606
 13.94340     0.5872     0.0606
 13.95881     0.5789     0.0606
 13.97423     0.5694     0.0604
 13.98964     0.5588     0.0601
 14.00505     0.5477     0.0598
 14.02047     0.5385     0.0595
 14.03588     0.5323     0.0595
 14.05129     0.5292     0.0597
 14.06671     0.5305     0.0603
 14.08212     0.5352     0.0612
 14.09753     0.5398     0.0620
 14.11295     0.5436     0.0626
 14.12836     0.5465     0.0632
 14.14377     0.5485     0.0636
 14.15919     0.5496     0.0638
 14.17460     0.5497     0.0640
 14.19001     0.5494     0.0640
 14.20543     0.5488     0.0640
 14.22084     0.5474     0.0638
 14.23625     0.5448     0.0635
 14.25167     0.5411     0.0630
 14.26708     0.5372     0.0625
 14.28249     0.5887     0.0695
 14.29791     0.6413     0.0767
 14.31332     0.6001     0.0712
 14.32873     0.5587     0.0657
 14.34415     0.7003     0.0847
 14.35956     0.7804     0.0957
 14.37497     0.6424     0.0774
 14.39039     0.5657     0.0673
 14.40580     0.5652     0.0672
 14.42121     0.5676     0.0674
 14.43663     0.5729     0.0679
 14.45204     0.5811     0.0688
 14.46745     0.5922     0.0700
 14.48287     0.6062     0.0714
 14.49828     0.6230     0.0732
 14.51369     0.6429     0.0754
 14.52911     0.6657     0.0778
 14.54452     0.6914     0.0806
 14.55993     0.7197     0.0837
 14.57535     0.7467     0.0867
 14.59076     0.7681     0.0893
 14.60617     0.7838     0.0914
 14.62159     0.7896     0.0927
 14.63700     0.7826     0.0929
 14.65241     0.7711     0.0927
 14.66783     0.7607     0.0926
 14.68324     0.7513     0.0926
 14.69865     0.7428     0.0927
 14.71407     0.7353     0.0928
 14.72948     0.7288     0.0931
 14.74489     0.7231     0.0933
 14.76031     0.7184     0.0937
 14.77572     0.7147     0.0941
 14.79113     0.7119     0.0946
 14.80655     0.7106     0.0953
 14.82196     0.7116     0.0961
 14.83737     0.7151     0.0971
 14.85279     0.7206     0.0983
 14.86820     0.7269     0.0996
 14.88361     0.7326     0.1008
 14.89903     0.7370     0.1017
 14.91444     0.7402     0.1026
 14.92985     0.7420     0.1032
 14.94527     0.7426     0.1037
 14.96068     0.7418     0.1040
 14.97609     0.7397     0.1041
 14.99151     0.7357     0.1039
 15.00692     0.7292     0.1034
 15.02233     0.7207     0.1025
 15.03775     0.7105     0.1013
 15.05316     0.6986     0.0999
 15.06857     0.6850     0.0982
 15.08399     0.6698     0.0963
 15.09940     0.6532     0.0942
 15.11481     0.6354     0.0919
 15.13023     0.6169     0.0895
 15.14564     0.5989     0.0874
 15.16105     0.5824     0.0857
 15.17647     0.5671     0.0842
 15.19188     0.5525     0.0826
 15.20729     0.5386     0.0811
 15.22271     0.5254     0.0797
 15.23812     0.5130     0.0782
 15.25353     0.5012     0.0766
 15.26895     0.4898     0.0750
 15.28436     0.4789     0.0733
 15.29977     0.4683     0.0714
 15.31519     0.4576     0.0693
 15.33060     0.4467     0.0670
 15.34601     0.4355     0.0646
 15.36143     0.4244     0.0620
 15.37684     0.4137     0.0596
 15.39225     0.4038     0.0574
 15.40767     0.3947     0.0554
 15.42308     0.3865     0.0537
 15.43849     0.3790     0.0521
 15.45391     0.3724     0.0508
 15.46932     0.3666     0.0496
 15.48473     0.3616     0.0487
 15.50015     0.3574     0.0480
 15.51556     0.3541     0.0476
 15.53097     0.3515     0.0473
 15.54639     0.3498     0.0472
 15.56180     0.3486     0.0473
 15.57721     0.3478     0.0475
 15.59263     0.3472     0.0477
 15.60804     0.3469     0.0480
 15.62345     0.3468     0.0483
 15.63887     0.3470     0.0486
 15.65428     0.3474     0.0490
 15.66969     0.3480     0.0495
 15.68511     0.3484     0.0499
 15.70052     0.3483     0.0502
 15.71593     0.3476     0.0504
 15.73135     0.3461     0.0505
 15.74676     0.3438     0.0503
 15.76217     0.3410     0.0501
 15.77759     0.3377     0.0498
 15.79300     0.3340     0.0493
 15.80841     0.3298     0.0488
 15.82383     0.3252     0.0481
 15.83924     0.3201     0.0473
 15.85465     0.3146     0.0464
 15.87007     0.3093     0.0457
 15.88548     0.3046     0.0452
 15.90089     0.3006     0.0449
 15.91631     0.2965     0.0446
 15.93172     0.2922     0.0441
 15.94713     0.2876     0.0436
 15.96255     0.2828     0.0429
 15.97796     0.2778     0.0422
 15.99337     0.2726     0.0413
 16.00879     0.2671     0.0403
 16.02420     0.2614     0.0392
 16.03961     0.2554     0.0380
 16.05503     0.2492     0.0366
 16.07044     0.2428     0.0352
 16.08585     0.2361     0.0336
 16.10127     0.2291     0.0319
 16.11668     0.2220     0.0301
 16.13209     0.2149     0.0283
 16.14751     0.2082     0.0266
 16.16292     0.2020     0.0251
 16.17833     0.1962     0.0237
 16.19375     0.1909     0.0224
 16.20916     0.1861     0.0212
 16.22457     0.1818     0.0202
 16.23999     0.1780     0.0193
 16.25540     0.1747     0.0186
 16.27081     0.1720     0.0180
 16.28623     0.1698     0.0176
 16.30164     0.1681     0.0173
 16.31705     0.1670     0.0171
 16.33247     0.1663     0.0171
 16.34788     0.1659     0.0172
 16.36329     0.1656     0.0172
 16.37871     0.1654     0.0173
 16.39412     0.1653     0.0175
 16.40953     0.1653     0.0176
 16.42495     0.1653     0.0177
 16.44036     0.1654     0.0179
 16.45577     0.1654     0.0180
 16.47119     0.1656     0.0182
 16.48660     0.1657     0.0183
 16.50201     0.1658     0.0185
 16.51743     0.1660     0.0186
 16.53284     0.1661     0.0187
 16.54825     0.1662     0.0189
 16.56367     0.1663     0.0190
 16.57908     0.1663     0.0192
 16.59449     0.1664     0.0193
 16.60991     0.1664     0.0195
 16.62532     0.1665     0.0196
 16.64073     0.1665     0.0198
 16.65615     0.1664     0.0199
 16.67156     0.1664     0.0201
 16.68697     0.1664     0.0202
 16.70239     0.1663     0.0204
 16.71780     0.1662     0.0205
 16.73321     0.1660     0.0206
 16.74863     0.1659     0.0207
 16.76404     0.1659     0.0208
 16.77945     0.1662     0.0209
 16.79487     0.1665     0.0210
 16.81028     0.1669     0.0212
 16.82569     0.1673     0.0213
 16.84111     0.1677     0.0214
 16.85652     0.1681     0.0215
 16.87193     0.1686     0.0216
 16.88735     0.1690     0.0217
 16.90276     0.1694     0.0218
 16.91817     0.1697     0.0219
 16.93359     0.1701     0.0220
 16.94900     0.1705     0.0221
 16.96441     0.1708     0.0222
 16.97983     0.1712     0.0223
 16.99524     0.1715     0.0224
 17.01065     0.1718     0.0224
 17.02607     0.1721     0.0225
 17.04148     0.1724     0.0226
 17.05689     0.1727     0.0227
 17.07231     0.1730     0.0228
 17.08772     0.1733     0.0228
 17.10313     0.1735     0.0229
 17.11855     0.1737     0.0230
 17.13396     0.1740     0.0231
 17.14937     0.1742     0.0231
 17.16479     0.1744     0.0232
 17.18020     0.1746     0.0232
 17.19561     0.1747     0.0233
 17.21103     0.1749     0.0234
 17.22644     0.1751     0.0234
 17.24185     0.1752     0.0235
 17.25727     0.1753     0.0235
 17.27268     0.1755     0.0236
 17.28809     0.1756     0.0236
 17.30351     0.1756     0.0236
 17.31892     0.1757     0.0237
 17.33433     0.1758     0.0237
 17.34975     0.1758     0.0237
 17.36516     0.1759     0.0238
 17.38057     0.1759     0.0238
 17.39599     0.1759     0.0238
 17.41140     0.1759     0.0239
 17.42681     0.1759     0.0239
 17.44223     0.1757     0.0239
 17.45764     0.1755     0.0239
 17.47305     0.1754     0.0239
 17.48847     0.1752     0.0239
 17.50388     0.1750     0.0239
 17.51929     0.1749     0.0239
 17.53471     0.1748     0.0239
 17.55012     0.1748     0.0238
 17.56553     0.1749     0.0238
 17.58095     0.1749     0.0238
 17.59636     0.1751     0.0237
 17.61177     0.1752     0.0237
 17.62719     0.1753     0.0237
 17.64260     0.1755     0.0236
 17.65801     0.1757     0.0236
 17.67343     0.1760     0.0235
 17.68884     0.1762     0.0235
 17.70425     0.1765     0.0235
 17.71967     0.1768     0.0234
 17.73508     0.1771     0.0234
 17.75049     0.1774     0.0233
 17.76591     0.1778     0.0233
 17.78132     0.1781     0.0232
 17.79673     0.1785     0.0232
 17.81215     0.1789     0.0231
 17.82756     0.1793     0.0231
 17.84297     0.1797     0.0231
 17.85839     0.1801     0.0230
 17.87380     0.1806     0.0230
 17.88921     0.1810     0.0229
 17.90463     0.1815     0.0229
 17.92004     0.1820     0.0228
 17.93545     0.1825     0.0228
 17.95087     0.1831     0.0228
 17.96628     0.1836     0.0227
 17.98169     0.1841     0.0227
 17.99711     0.1847     0.0226
 18.01252     0.1853     0.0226
 18.02793     0.1858     0.0225
 18.04335     0.1864     0.0225
 18.05876     0.1870     0.0224
 18.07417     0.1877     0.0224
 18.08959     0.1883     0.0224
 18.10500     0.1889     0.0223
 18.12041     0.1895     0.0223
 18.13583     0.1901     0.0222
 18.15124     0.1908     0.0222
 18.16665     0.1914     0.0221
 18.18207     0.1921     0.0221
 18.19748     0.1927     0.0220
 18.21289     0.1934     0.0220
 18.22831     0.1940     0.0219
 18.24372     0.1947     0.0219
 18.25913     0.1954     0.0218
 18.27455     0.1960     0.0218
 18.28996     0.1967     0.0217
 18.30537     0.1974     0.0217
 18.32079     0.1981     0.0216
 18.33620     0.1987     0.0216
 18.35161     0.1994     0.0215
 18.36703     0.2001     0.0215
 18.38244     0.2008     0.0214
 18.39785     0.2016     0.0214
 18.41327     0.2024     0.0213
 18.42868     0.2032     0.0213
 18.44409     0.2041     0.0212
 18.45951     0.2051     0.0212
 18.47492     0.2060     0.0212
 18.49033     0.2070     0.0211
 18.50575     0.2080     0.0211
 18.52116     0.2090     0.0210
 18.53657     0.2100     0.0210
 18.55199     0.2111     0.0210
 18.56740     0.2122     0.0210
 18.58281     0.2133     0.0209
 18.59823     0.2144     0.0209
 18.61364     0.2155     0.0209
 18.62905     0.2166     0.0209
 18.64447     0.2178     0.0208
 18.65988     0.2189     0.0208
 18.67529     0.2201     0.0208
 18.69071     0.2213     0.0208
 18.70612     0.2225     0.0207
 18.72153     0.2237     0.0207
 18.73695     0.2249     0.0207
 18.75236     0.2262     0.0207
 18.76777     0.2274     0.0207
 18.78319     0.2286     0.0207
 18.79860     0.2299     0.0206
 18.81401     0.2311     0.0206
 18.82943     0.2323     0.0206
 18.84484     0.2336     0.0206
 18.86025     0.2348     0.0206
 18.87567     0.2360     0.0206
 18.89108     0.2373     0.0205
 18.90649     0.2385     0.0205
 18.92191     0.2397     0.0205
 18.93732     0.2409     0.0205
 18.95273     0.2421     0.0205
 18.96815     0.2433     0.0205
 18.98356     0.2445     0.0204
 18.99897     0.2457     0.0204
 19.01439     0.2469     0.0204
 19.02980     0.2481     0.0204
 19.04521     0.2493     0.0204
 19.06063     0.2500     0.0203
 19.07604     0.2497     0.0202
 19.09145     0.2489     0.0201
 19.10687     0.2485     0.0200
 19.12228     0.2483     0.0199
 19.13769     0.2480     0.0199
 19.15311     0.2478     0.0198
 19.16852     0.2477     0.0197
 19.18393     0.2476     0.0196
 19.19935     0.2475     0.0196
 19.21476     0.2476     0.0195
 19.23017     0.2477     0.0195
 19.24559     0.2479     0.0194
 19.26100     0.2480     0.0194
 19.27641     0.2483     0.0194
 19.29183     0.2486     0.0193
 19.30724     0.2490     0.0193
 19.32265     0.2494     0.0193
 19.33807     0.2499     0.0193
 19.35348     0.2503     0.0192
 19.36889     0.2508     0.0192
 19.38431     0.2513     0.0192
 19.39972     0.2517     0.0191
 19.41513     0.2522     0.0191
 19.43055     0.2527     0.0191
 19.44596     0.2532     0.0191
 19.46137     0.2538     0.0190
 19.47679     0.2543     0.0190
 19.49220     0.2548     0.0190
 19.50761     0.2554     0.0190
 19.52303     0.2559     0.0189
 19.53844     0.2565     0.0189
 19.55385     0.2571     0.0189
 19.56927     0.2577     0.0188
 19.58468     0.2582     0.0188
 19.60009     0.2588     0.0188
 19.61551     0.2594     0.0187
 19.63092     0.2600     0.0187
 19.64633     0.2606     0.0187
 19.66175     0.2611     0.0186
 19.67716     0.2616     0.0186
 19.69257     0.2619     0.0185
 19.70799     0.2618     0.0185
 19.72340     0.2613     0.0184
 19.73881     0.2604     0.0183
 19.75423     0.2591     0.0181
 19.76964     0.2575     0.0180
 19.78505     0.2558     0.0178
 19.80047     0.2545     0.0177
 19.81588     0.2537     0.0176
 19.83129     0.2534     0.0175
 19.84671     0.2534     0.0174
 19.86212     0.2535     0.0174
 19.87753     0.2535     0.0173
 19.89295     0.2536     0.0173
 19.90836     0.2537     0.0172
 19.92377     0.2537     0.0171
 19.93919     0.2538     0.0171
 19.95460     0.2539     0.0170
 19.97001     0.2540     0.0169
 19.98543     0.2541     0.0168
 20.00084     0.2544     0.0168
 20.01625     0.2553     0.0167
 20.03167     0.2566     0.0167
 20.04708     0.2584     0.0167
 20.06249     0.2610     0.0167
 20.07791     0.2641     0.0167
 20.09332     0.2677     0.0167
 20.10873     0.2716     0.0168
 20.12415     0.2756     0.0169
 20.13956     0.2795     0.0169
 20.15497     0.2833     0.0170
 20.17039     0.2868     0.0171
 20.18580     0.2901     0.0171
 20.20121     0.2929     0.0171
 20.21663     0.2954     0.0171
 20.23204     0.2975     0.0171
 20.24745     0.2992     0.0171
 20.26287     0.3006     0.0171
 20.27828     0.3017     0.0170
 20.29369     0.3026     0.0170
 20.30911     0.3031     0.0169
 20.32452     0.3033     0.0168
 20.33993     0.3032     0.0167
 20.35535     0.3028     0.0166
 20.37076     0.3022     0.0165
 20.38617     0.3012     0.0163
 20.40159     0.2998     0.0162
 20.41700     0.2980     0.0160
 20.43241     0.2960     0.0158
 20.44783     0.2939     0.0156
 20.46324     0.2916     0.0154
 20.47865     0.2892     0.0152
 20.49407     0.2866     0.0150
 20.50948     0.2840     0.0148
 20.52489     0.2811     0.0146
 20.54031     0.2779     0.0144
 20.55572     0.2745     0.0141
 20.57113     0.2708     0.0139
 20.58655     0.2669     0.0136
 20.60196     0.2627     0.0133
 20.61737     0.2583     0.0131
 20.63279     0.2538     0.0128
 20.64820     0.2494     0.0125
 20.66361     0.2451     0.0123
 20.67903     0.2409     0.0120
 20.69444     0.2369     0.0118
 20.70985     0.2330     0.0116
 20.72527     0.2293     0.0113
 20.74068     0.2258     0.0111
 20.75609     0.2225     0.0109
 20.77151     0.2194     0.0107
 20.78692     0.2168     0.0105
 20.80233     0.2155     0.0103
 20.81775     0.2156     0.0103
 20.83316     0.2163     0.0102
 20.84857     0.2176     0.0102
 20.86399     0.2192     0.0101
 20.87940     0.2210     0.0101
 20.89481     0.2227     0.0101
 20.91023     0.2241     0.0101
 20.92564     0.2252     0.0101
 20.94105     0.2261     0.0100
 20.95647     0.2266     0.0100
 20.97188     0.2269     0.0099
 20.98729     0.2269     0.0098
 21.00271     0.2266     0.0098
 21.01812     0.2260     0.0097
 21.03353     0.2252     0.0096
 21.04895     0.2241     0.0094
 21.06436     0.2227     0.0093
 21.07977     0.2210     0.0092
 21.09519     0.2191     0.0091
 21.11060     0.2169     0.0089
 21.12601     0.2144     0.0087
 21.14143     0.2117     0.0086
 21.15684     0.2087     0.0084
 21.17225     0.2054     0.0082
 21.18767     0.2019     0.0080
 21.20308     0.1983     0.0078
 21.21849     0.1944     0.0076
 21.23391     0.1904     0.0073
 21.24932     0.1862     0.0071
 21.26473     0.1818     0.0069
 21.28015     0.1777     0.0066
 21.29556     0.1737     0.0064
 21.31097     0.1698     0.0062
 21.32639     0.1660     0.0060
 21.34180     0.1622     0.0058
 21.35721     0.1585     0.0056
 21.37263     0.1547     0.0055
 21.38804     0.1509     0.0053
 21.40345     0.1470     0.0051
 21.41887     0.1431     0.0049
 21.43428     0.1394     0.0047
 21.44969     0.1359     0.0046
 21.46511     0.1327     0.0045
 21.48052     0.1298     0.0043
 21.49593     0.1271     0.0042
 21.51135     0.1245     0.0041
 21.52676     0.1222     0.0041
 21.54217     0.1200     0.0040
 21.55759     0.1180     0.0039
 21.57300     0.1162     0.0039
 21.58841     0.1144     0.0038
 21.60383     0.1129     0.0038
 21.61924     0.1114     0.0037
 21.63465     0.1102     0.0037
 21.65007     0.1091     0.0037
 21.66548     0.1081     0.0036
 21.68089     0.1072     0.0036
 21.69631     0.1066     0.0036
 21.71172     0.1060     0.0036
 21.72713     0.1056     0.0036
 21.74255     0.1054     0.0036
 21.75796     0.1053     0.0037
 21.77337     0.1054     0.0037
 21.78879     0.1056     0.0037
 21.80420     0.1061     0.0038
 21.81961     0.1067     0.0038
 21.83503     0.1074     0.0039
 21.85044     0.1084     0.0039
 21.86585     0.1095     0.0040
 21.88127     0.1108     0.0041
 21.89668     0.1122     0.0042
 21.91209     0.1139     0.0043
 21.92751     0.1157     0.0044
 21.94292     0.1177     0.0046
 21.95833     0.1198     0.0047
 21.97375     0.1220     0.0048
 21.98916     0.1243     0.0050
 22.00457     0.1265     0.0051
 22.01999     0.1288     0.0053
 22.03540     0.1312     0.0054
 22.05081     0.1335     0.0056
 22.06623     0.1359     0.0057
 22.08164     0.1384     0.0059
 22.09705     0.1409     0.0060
 22.11247     0.1434     0.0062
 22.12788     0.1463     0.0064
 22.14329     0.1495     0.0066
 22.15871     0.1528     0.0068
 22.17412     0.1561     0.0071
 22.18953     0.1596     0.0073
 22.20495     0.1631     0.0075
 22.22036     0.1666     0.0078
 22.23577     0.1702     0.0080
 22.25119     0.1737     0.0083
 22.26660     0.1774     0.0085
 22.28201     0.1810     0.0087
 22.29743     0.1847     0.0090
 22.31284     0.1885     0.0093
 22.32825     0.1922     0.0095
 22.34367     0.1961     0.0098
 22.35908     0.1999     0.0100
 22.37449     0.2038     0.0103
 22.38991     0.2078     0.0106
 22.40532     0.2118     0.0108
 22.42073     0.2158     0.0111
 22.43615     0.2199     0.0114
 22.45156     0.2241     0.0117
 22.46697     0.2283     0.0119
 22.48239     0.2326     0.0122
 22.49780     0.2369     0.0125
 22.51321     0.2412     0.0128
 22.52863     0.2457     0.0131
 22.54404     0.2502     0.0134
 22.55945     0.2547     0.0137
 22.57487     0.2593     0.0140
 22.59028     0.2640     0.0143
 22.60569     0.2689     0.0147
 22.62111     0.2741     0.0150
 22.63652     0.2794     0.0154
 22.65193     0.2847     0.0157
 22.66735     0.2898     0.0160
 22.68276     0.2948     0.0164
 22.69817     0.2999     0.0167
 22.71359     0.3051     0.0170
 22.72900     0.3101     0.0174
 22.74441     0.3158     0.0177
 22.75983     0.3220     0.0182
 22.77524     0.3271     0.0185
 22.79065     0.3311     0.0187
 22.80607     0.3349     0.0190
 22.82148     0.3385     0.0192
 22.83689     0.3420     0.0194
 22.85231     0.3453     0.0196
 22.86772     0.3484     0.0198
 22.88313     0.3514     0.0200
 22.89855     0.3541     0.0202
 22.91396     0.3567     0.0203
 22.92937     0.3592     0.0205
 22.94479     0.3616     0.0206
 22.96020     0.3641     0.0208
 22.97561     0.3665     0.0209
 22.99103     0.3690     0.0211
 23.00644     0.3715     0.0212
