% rows 2845 cols 3
-20.83629     0.0000     0.0000
-20.82087     0.0000     0.0000
-20.80546     0.0000     0.0000
-20.79005     0.0000     0.0000
-20.77463     0.0000     0.0000
-20.75922     0.0000     0.0000
-20.74381     0.0000     0.0000
-20.72839     0.0000     0.0000
-20.71298     0.0000     0.0000
-20.69757     0.0000     0.0000
-20.68215     0.0000     0.0000
-20.66674     0.0000     0.0000
-20.65133     0.0000     0.0000
-20.63591     0.0000     0.0000
-20.62050     0.0000     0.0000
-20.60509     0.0000     0.0000
-20.58967     0.0000     0.0000
-20.57426     0.0000     0.0000
-20.55885     0.0000     0.0000
-20.54343     0.0000     0.0000
-20.52802     0.0000     0.0000
-20.51261     0.0000     0.0000
-20.49719     0.0000     0.0000
-20.48178     0.0000     0.0000
-20.46637     0.0000     0.0000
-20.45095     0.0000     0.0000
-20.43554     0.0000     0.0000
-20.42013     0.0000     0.0000
-20.40471     0.0000     0.0000
-20.38930     0.0000     0.0000
-20.37389     0.0000     0.0000
-20.35847     0.0000     0.0000
-20.34306     0.0000     0.0000
-20.32765     0.0000     0.0000
-20.31223     0.0000     0.0000
-20.29682     0.0000     0.0000
-20.28141     0.0000     0.0000
-20.26599     0.0000     0.0000
-20.25058     0.0000     0.0000
-20.23517     0.0000     0.0000
-20.21975     0.0000     0.0000
-20.20434     0.0000     0.0000
-20.18893     0.0000     0.0000
-20.17351     0.0000     0.0000
-20.15810     0.0000     0.0000
-20.14269     0.0000     0.0000
-20.12727     0.0000     0.0000
-20.11186     0.0000     0.0000
-20.09645     0.0000     0.0000
-20.08103     0.0000     0.0000
-20.06562     0.0000     0.0000
-20.05021     0.0000     0.0000
-20.03479     0.0000     0.0000
-20.01938     0.0000     0.0000
-20.00397     0.0000     0.0000
-19.98855     0.0000     0.0000
-19.97314     0.0000     0.0000
-19.95773     0.0000     0.0000
-19.94231     0.0000     0.0000
-19.92690     0.0000     0.0000
-19.91149     0.0000     0.0000
-19.89607     0.0000     0.0000
-19.88066     0.0000     0.0000
-19.86525     0.0000     0.0000
-19.84983     0.0000     0.0000
-19.83442     0.0000     0.0000
-19.81901     0.0000     0.0000
-19.80359     0.0000     0.0000
-19.78818     0.0000     0.0000
-19.77277     0.0000     0.0000
-19.75735     0.0000     0.0000
-19.74194     0.0000     0.0000
-19.72653     0.0000     0.0000
-19.71111     0.0000     0.0000
-19.69570     0.0000     0.0000
-19.68029     0.0000     0.0000
-19.66487     0.0000     0.0000
-19.64946     0.0000     0.0000
-19.63405     0.0000     0.0000
-19.61863     0.0000     0.0000
-19.60322     0.0000     0.0000
-19.58781     0.0000     0.0000
-19.57239     0.0000     0.0000
-19.55698     0.0000     0.0000
-19.54157     0.0000     0.0000
-19.52615     0.0000     0.0000
-19.51074     0.0000     0.0000
-19.49533     0.0000     0.0000
-19.47991     0.0000     0.0000
-19.46450     0.0000     0.0000
-19.44909     0.0000     0.0000
-19.43367     0.0000     0.0000
-19.41826     0.0000     0.0000
-19.40285     0.0000     0.0000
-19.38743     0.0000     0.0000
-19.37202     0.0000     0.0000
-19.35661     0.0000     0.0000
-19.34119     0.0000     0.0000
-19.32578     0.0000     0.0000
-19.31037     0.0000     0.0000
-19.29495     0.0000     0.0000
-19.27954     0.0000     0.0000
-19.26413     0.0000     0.0000
-19.24871     0.0000     0.0000
-19.23330     0.0000     0.0000
-19.21789     0.0000     0.0000
-19.20247     0.0000     0.0000
-19.18706     0.0000     0.0000
-19.17165     0.0000     0.0000
-19.15623     0.0000     0.0000
-19.14082     0.0000     0.0000
-19.12541     0.0000     0.0000
-19.10999     0.0000     0.0000
-19.09458     0.0000     0.0000
-19.07917     0.0000     0.0000
-19.06375     0.0000     0.0000
-19.04834     0.0000     0.0000
-19.03293     0.0000     0.0000
-19.01751     0.0000     0.0000
-19.00210     0.0000     0.0000
-18.98669     0.0000     0.0000
-18.97127     0.0000     0.0000
-18.95586     0.0000     0.0000
-18.94045     0.0000     0.0000
-18.92503     0.0000     0.0000
-18.90962     0.0000     0.0000
-18.89421     0.0000     0.0000
-18.87879     0.0000     0.0000
-18.86338     0.0000     0.0000
-18.84797     0.0000     0.0000
-18.83255     0.0000     0.0000
-18.81714     0.0000     0.0000
-18.80173     0.0000     0.0000
-18.78631     0.0000     0.0000
-18.77090     0.0000     0.0000
-18.75549     0.0000     0.0000
-18.74007     0.0000     0.0000
-18.72466     0.0000     0.0000
-18.70925     0.0000     0.0000
-18.69383     0.0000     0.0000
-18.67842     0.0000     0.0000
-18.66301     0.0000     0.0000
-18.64759     0.0000     0.0000
-18.63218     0.0000     0.0000
-18.61677     0.0000     0.0000
-18.60135     0.0000     0.0000
-18.58594     0.0000     0.0000
-18.57053     0.0000     0.0000
-18.55511     0.0000     0.0000
-18.53970     0.0000     0.0000
-18.52429     0.0000     0.0000
-18.50887     0.0000     0.0000
-18.49346     0.0000     0.0000
-18.47805     0.0000     0.0000
-18.46263     0.0000     0.0000
-18.44722     0.0000     0.0000
-18.43181     0.0000     0.0000
-18.41639     0.0000     0.0000
-18.40098     0.0000     0.0000
-18.38557     0.0000     0.0000
-18.37015     0.0000     0.0000
-18.35474     0.0000     0.0000
-18.33933     0.0000     0.0000
-18.32391     0.0000     0.0000
-18.30850     0.0000     0.0000
-18.29309     0.0000     0.0000
-18.27767     0.0000     0.0000
-18.26226     0.0000     0.0000
-18.24685     0.0000     0.0000
-18.23143     0.0000     0.0000
-18.21602     0.0000     0.0000
-18.20061     0.0000     0.0000
-18.18519     0.0000     0.0000
-18.16978     0.0000     0.0000
-18.15437     0.0000     0.0000
-18.13895     0.0000     0.0000
-18.12354     0.0000     0.0000
-18.10813     0.0000     0.0000
-18.09271     0.0000     0.0000
-18.07730     0.0000     0.0000
-18.06189     0.0000     0.0000
-18.04647     0.0000     0.0000
-18.03106     0.0000     0.0000
-18.01565     0.0000     0.0000
-18.00023     0.0000     0.0000
-17.98482     0.0000     0.0000
-17.96941     0.0000     0.0000
-17.95399     0.0000     0.0000
-17.93858     0.0000     0.0000
-17.92317     0.0000     0.0000
-17.90775     0.0000     0.0000
-17.89234     0.0000     0.0000
-17.87693     0.0000     0.0000
-17.86151     0.0000     0.0000
-17.84610     0.0000     0.0000
-17.83069     0.0000     0.0000
-17.81527     0.0000     0.0000
-17.79986     0.0000     0.0000
-17.78445     0.0000     0.0000
-17.76903     0.0000     0.0000
-17.75362     0.0000     0.0000
-17.73821     0.0000     0.0000
-17.72279     0.0000     0.0000
-17.70738     0.0000     0.0000
-17.69197     0.0014     0.0000
-17.67655     0.0171     0.0001
-17.66114     0.0645     0.0005
-17.64573     0.1494     0.0012
-17.63031     0.2718     0.0021
-17.61490     0.4317     0.0033
-17.59949     0.6291     0.0049
-17.58407     0.8640     0.0067
-17.56866     1.1364     0.0088
-17.55325     1.4075     0.0110
-17.53783     1.5390     0.0122
-17.52242     1.5653     0.0127
-17.50701     1.6335     0.0135
-17.49159     1.7501     0.0147
-17.47618     1.8933     0.0160
-17.46077     2.0463     0.0175
-17.44535     2.2069     0.0190
-17.42994     2.3754     0.0205
-17.41453     2.5516     0.0222
-17.39911     2.7355     0.0239
-17.38370     2.9272     0.0257
-17.36829     3.1266     0.0276
-17.35287     3.3356     0.0295
-17.33746     3.6781     0.0328
-17.32205     4.4143     0.0398
-17.30663     5.3200     0.0485
-17.29122     5.8918     0.0541
-17.27581     5.9884     0.0553
-17.26039     5.6096     0.0521
-17.24498     4.8098     0.0449
-17.22957     4.1280     0.0387
-17.21415     3.8342     0.0361
-17.19874     3.6228     0.0341
-17.18333     3.4026     0.0321
-17.16791     3.1734     0.0300
-17.15250     2.9355     0.0278
-17.13709     2.6886     0.0255
-17.12167     2.4329     0.0231
-17.10626     2.1684     0.0206
-17.09085     1.8949     0.0180
-17.07543     1.6127     0.0154
-17.06002     1.3215     0.0126
-17.04461     1.0215     0.0098
-17.02919     0.7126     0.0068
-17.01378     0.3948     0.0038
-16.99837     0.1793     0.0017
-16.98295     0.3112     0.0029
-16.96754     0.6933     0.0065
-16.95213     1.0793     0.0102
-16.93671     1.4543     0.0137
-16.92130     1.8185     0.0170
-16.90589     2.1717     0.0203
-16.89047     2.5141     0.0235
-16.87506     2.8456     0.0265
-16.85965     3.1662     0.0294
-16.84423     3.4759     0.0322
-16.82882     3.7747     0.0349
-16.81341     4.0626     0.0374
-16.79799     4.8359     0.0440
-16.78258     7.4991     0.0660
-16.76717     8.6997     0.0753
-16.75175     7.1081     0.0611
-16.73634     5.7322     0.0489
-16.72093     4.6489     0.0392
-16.70551     3.8583     0.0323
-16.69010     3.3595     0.0279
-16.67469     3.0988     0.0257
-16.65927     2.9414     0.0244
-16.64386     2.7980     0.0232
-16.62845     2.6617     0.0220
-16.61303     2.5323     0.0209
-16.59762     2.4100     0.0198
-16.58221     2.2947     0.0188
-16.56679     2.1863     0.0178
-16.55138     2.0850     0.0169
-16.53597     1.9907     0.0160
-16.52055     1.9034     0.0151
-16.50514     1.8310     0.0140
-16.48973     1.6702     0.0121
-16.47431     1.3889     0.0099
-16.45890     1.1036     0.0079
-16.44349     0.8512     0.0061
-16.42807     0.6317     0.0045
-16.41266     0.4452     0.0032
-16.39725     0.3108     0.0021
-16.38183    13.6769     0.0435
-16.36642    21.1096     0.0672
-16.35101    13.5777     0.0443
-16.33559    11.8919     0.0390
-16.32018    11.7724     0.0387
-16.30477    11.9558     0.0395
-16.28935    12.4380     0.0413
-16.27394    13.2997     0.0445
-16.25853    14.8074     0.0500
-16.24311    16.1069     0.0549
-16.22770    17.5225     0.0596
-16.21229    19.8456     0.0662
-16.19687    21.7102     0.0702
-16.18146    25.9059     0.0751
-16.16605    31.8898     0.0834
-16.15063    30.6427     0.0783
-16.13522    23.6655     0.0604
-16.11981    18.7657     0.0477
-16.10439    17.4172     0.0453
-16.08898    25.4456     0.0688
-16.07357    38.0632     0.1051
-16.05815    34.3906     0.0963
-16.04274    31.6440     0.0901
-16.02733    43.7470     0.1244
-16.01191    51.7006     0.1471
-15.99650    57.5358     0.1648
-15.98109    36.7837     0.1059
-15.96567     6.7770     0.0197
-15.95026     0.8816     0.0026
-15.93485     0.0001     0.0000
-15.91943     0.0000     0.0000
-15.90402     0.0000     0.0000
-15.88861     0.0000     0.0000
-15.87319     0.0000     0.0000
-15.85778     0.0000     0.0000
-15.84237     0.0000     0.0000
-15.82695     0.0000     0.0000
-15.81154     0.0000     0.0000
-15.79613     0.0000     0.0000
-15.78071     0.0000     0.0000
-15.76530     0.0000     0.0000
-15.74989     0.0000     0.0000
-15.73447     0.0000     0.0000
-15.71906     0.0000     0.0000
-15.70365     0.0000     0.0000
-15.68823     0.0000     0.0000
-15.67282     0.0000     0.0000
-15.65741     0.0000     0.0000
-15.64199     0.0000     0.0000
-15.62658     0.0000     0.0000
-15.61117     0.0000     0.0000
-15.59575     0.0000     0.0000
-15.58034     0.0000     0.0000
-15.56493     0.0000     0.0000
-15.54951     0.0000     0.0000
-15.53410     0.0000     0.0000
-15.51869     0.0000     0.0000
-15.50327     0.0000     0.0000
-15.48786     0.0000     0.0000
-15.47245     0.0000     0.0000
-15.45703     0.0000     0.0000
-15.44162     0.0000     0.0000
-15.42621     0.0000     0.0000
-15.41079     0.0000     0.0000
-15.39538     0.0000     0.0000
-15.37997     0.0000     0.0000
-15.36455     0.0000     0.0000
-15.34914     0.0000     0.0000
-15.33373     0.0000     0.0000
-15.31831     0.0000     0.0000
-15.30290     0.0000     0.0000
-15.28749     0.0000     0.0000
-15.27207     0.0000     0.0000
-15.25666     0.0000     0.0000
-15.24125     0.0000     0.0000
-15.22583     0.0000     0.0000
-15.21042     0.0000     0.0000
-15.19501     0.0000     0.0000
-15.17959     0.0000     0.0000
-15.16418     0.0000     0.0000
-15.14877     0.0000     0.0000
-15.13335     0.0000     0.0000
-15.11794     0.0000     0.0000
-15.10253     0.0000     0.0000
-15.08711     0.0000     0.0000
-15.07170     0.0000     0.0000
-15.05629     0.0000     0.0000
-15.04087     0.0000     0.0000
-15.02546     0.0000     0.0000
-15.01005     0.0000     0.0000
-14.99463     0.0000     0.0000
-14.97922     0.0000     0.0000
-14.96381     0.0000     0.0000
-14.94839     0.0000     0.0000
-14.93298     0.0000     0.0000
-14.91757     0.0000     0.0000
-14.90215     0.0000     0.0000
-14.88674     0.0000     0.0000
-14.87133     0.0000     0.0000
-14.85591     0.0000     0.0000
-14.84050     0.0000     0.0000
-14.82509     0.0000     0.0000
-14.80967     0.0000     0.0000
-14.79426     0.0000     0.0000
-14.77885     0.0000     0.0000
-14.76343     0.0000     0.0000
-14.74802     0.0000     0.0000
-14.73261     0.0000     0.0000
-14.71719     0.0000     0.0000
-14.70178     0.0000     0.0000
-14.68637     0.0000     0.0000
-14.67095     0.0000     0.0000
-14.65554     0.0000     0.0000
-14.64013     0.0000     0.0000
-14.62471     0.0000     0.0000
-14.60930     0.0000     0.0000
-14.59389     0.0000     0.0000
-14.57847     0.0000     0.0000
-14.56306     0.0000     0.0000
-14.54765     0.0000     0.0000
-14.53223     0.0000     0.0000
-14.51682     0.0000     0.0000
-14.50141     0.0000     0.0000
-14.48599     0.0000     0.0000
-14.47058     0.0000     0.0000
-14.45517     0.0000     0.0000
-14.43975     0.0000     0.0000
-14.42434     0.0000     0.0000
-14.40893     0.0000     0.0000
-14.39351     0.0000     0.0000
-14.37810     0.0000     0.0000
-14.36269     0.0000     0.0000
-14.34727     0.0000     0.0000
-14.33186     0.0000     0.0000
-14.31645     0.0000     0.0000
-14.30103     0.0000     0.0000
-14.28562     0.0000     0.0000
-14.27021     0.0000     0.0000
-14.25479     0.0000     0.0000
-14.23938     0.0000     0.0000
-14.22397     0.0000     0.0000
-14.20855     0.0000     0.0000
-14.19314     0.0000     0.0000
-14.17773     0.0000     0.0000
-14.16231     0.0000     0.0000
-14.14690     0.0000     0.0000
-14.13149     0.0000     0.0000
-14.11607     0.0000     0.0000
-14.10066     0.0000     0.0000
-14.08525     0.0000     0.0000
-14.06983     0.0000     0.0000
-14.05442     0.0000     0.0000
-14.03901     0.0000     0.0000
-14.02359     0.0000     0.0000
-14.00818     0.0000     0.0000
-13.99277     0.0000     0.0000
-13.97735     0.0000     0.0000
-13.96194     0.0000     0.0000
-13.94653     0.0000     0.0000
-13.93111     0.0000     0.0000
-13.91570     0.0000     0.0000
-13.90029     0.0000     0.0000
-13.88487     0.0000     0.0000
-13.86946     0.0000     0.0000
-13.85405     0.0000     0.0000
-13.83863     0.0000     0.0000
-13.82322     0.0000     0.0000
-13.80781     0.0000     0.0000
-13.79239     0.0000     0.0000
-13.77698     0.0000     0.0000
-13.76157     0.0000     0.0000
-13.74615     0.0000     0.0000
-13.73074     0.0000     0.0000
-13.71533     0.0000     0.0000
-13.69991     0.0000     0.0000
-13.68450     0.0000     0.0000
-13.66909     0.0000     0.0000
-13.65367     0.0000     0.0000
-13.63826     0.0000     0.0000
-13.62285     0.0000     0.0000
-13.60743     0.0000     0.0000
-13.59202     0.0000     0.0000
-13.57661     0.0000     0.0000
-13.56119     0.0000     0.0000
-13.54578     0.0000     0.0000
-13.53037     0.0000     0.0000
-13.51495     0.0000     0.0000
-13.49954     0.0000     0.0000
-13.48413     0.0000     0.0000
-13.46871     0.0000     0.0000
-13.45330     0.0000     0.0000
-13.43789     0.0000     0.0000
-13.42247     0.0000     0.0000
-13.40706     0.0000     0.0000
-13.39165     0.0000     0.0000
-13.37623     0.0000     0.0000
-13.36082     0.0000     0.0000
-13.34541     0.0000     0.0000
-13.32999     0.0000     0.0000
-13.31458     0.0000     0.0000
-13.29917     0.0000     0.0000
-13.28375     0.0000     0.0000
-13.26834     0.0000     0.0000
-13.25293     0.0000     0.0000
-13.23751     0.0000     0.0000
-13.22210     0.0000     0.0000
-13.20669     0.0000     0.0000
-13.19127     0.0000     0.0000
-13.17586     0.0000     0.0000
-13.16045     0.0000     0.0000
-13.14503     0.0000     0.0000
-13.12962     0.0000     0.0000
-13.11421     0.0000     0.0000
-13.09879     0.0000     0.0000
-13.08338     0.0000     0.0000
-13.06797     0.0000     0.0000
-13.05255     0.0000     0.0000
-13.03714     0.0000     0.0000
-13.02173     0.0000     0.0000
-13.00631     0.0000     0.0000
-12.99090     0.0000     0.0000
-12.97549     0.0000     0.0000
-12.96007     0.0000     0.0000
-12.94466     0.0000     0.0000
-12.92925     0.0000     0.0000
-12.91383     0.0000     0.0000
-12.89842     0.0000     0.0000
-12.88301     0.0000     0.0000
-12.86759     0.0000     0.0000
-12.85218     0.0000     0.0000
-12.83677     0.0000     0.0000
-12.82135     0.0000     0.0000
-12.80594     0.0000     0.0000
-12.79053     0.0000     0.0000
-12.77511     0.0000     0.0000
-12.75970     0.0000     0.0000
-12.74429     0.0000     0.0000
-12.72887     0.0000     0.0000
-12.71346     0.0000     0.0000
-12.69805     0.0000     0.0000
-12.68263     0.0000     0.0000
-12.66722     0.0000     0.0000
-12.65181     0.0000     0.0000
-12.63639     0.0000     0.0000
-12.62098     0.0000     0.0000
-12.60557     0.0000     0.0000
-12.59015     0.0000     0.0000
-12.57474     0.0000     0.0000
-12.55933     0.0000     0.0000
-12.54391     0.0000     0.0000
-12.52850     0.0000     0.0000
-12.51309     0.0000     0.0000
-12.49767     0.0000     0.0000
-12.48226     0.0000     0.0000
-12.46685     0.0000     0.0000
-12.45143     0.0000     0.0000
-12.43602     0.0000     0.0000
-12.42061     0.0000     0.0000
-12.40519     0.0000     0.0000
-12.38978     0.0000     0.0000
-12.37437     0.0000     0.0000
-12.35895     0.0000     0.0000
-12.34354     0.0000     0.0000
-12.32813     0.0000     0.0000
-12.31271     0.0000     0.0000
-12.29730     0.0000     0.0000
-12.28189     0.0000     0.0000
-12.26647     0.0000     0.0000
-12.25106     0.0000     0.0000
-12.23565     0.0000     0.0000
-12.22023     0.0000     0.0000
-12.20482     0.0000     0.0000
-12.18941     0.0000     0.0000
-12.17399     0.0000     0.0000
-12.15858     0.0000     0.0000
-12.14317     0.0000     0.0000
-12.12775     0.0000     0.0000
-12.11234     0.0000     0.0000
-12.09693     0.0000     0.0000
-12.08151     0.0000     0.0000
-12.06610     0.0000     0.0000
-12.05069     0.0000     0.0000
-12.03527     0.0000     0.0000
-12.01986     0.0000     0.0000
-12.00445     0.0000     0.0000
-11.98903     0.0000     0.0000
-11.97362     0.0000     0.0000
-11.95821     0.0000     0.0000
-11.94279     0.0000     0.0000
-11.92738     0.0000     0.0000
-11.91197     0.0000     0.0000
-11.89655     0.0000     0.0000
-11.88114     0.0000     0.0000
-11.86573     0.0000     0.0000
-11.85031     0.0000     0.0000
-11.83490     0.0000     0.0000
-11.81949     0.0000     0.0000
-11.80407     0.0000     0.0000
-11.78866     0.0000     0.0000
-11.77325     0.0000     0.0000
-11.75783     0.0000     0.0000
-11.74242     0.0000     0.0000
-11.72701     0.0000     0.0000
-11.71159     0.0000     0.0000
-11.69618     0.0000     0.0000
-11.68077     0.0000     0.0000
-11.66535     0.0000     0.0000
-11.64994     0.0000     0.0000
-11.63453     0.0000     0.0000
-11.61911     0.0000     0.0000
-11.60370     0.0000     0.0000
-11.58829     0.0000     0.0000
-11.57287     0.0000     0.0000
-11.55746     0.0000     0.0000
-11.54205     0.0000     0.0000
-11.52663     0.0000     0.0000
-11.51122     0.0000     0.0000
-11.49581     0.0000     0.0000
-11.48039     0.0000     0.0000
-11.46498     0.0000     0.0000
-11.44957     0.0000     0.0000
-11.43415     0.0000     0.0000
-11.41874     0.0000     0.0000
-11.40333     0.0000     0.0000
-11.38791     0.0000     0.0000
-11.37250     0.0000     0.0000
-11.35709     0.0000     0.0000
-11.34167     0.0000     0.0000
-11.32626     0.0000     0.0000
-11.31085     0.0000     0.0000
-11.29543     0.0000     0.0000
-11.28002     0.0000     0.0000
-11.26461     0.0000     0.0000
-11.24919     0.0000     0.0000
-11.23378     0.0000     0.0000
-11.21837     0.0000     0.0000
-11.20295     0.0000     0.0000
-11.18754     0.0000     0.0000
-11.17213     0.0000     0.0000
-11.15671     0.0000     0.0000
-11.14130     0.0000     0.0000
-11.12589     0.0000     0.0000
-11.11047     0.0000     0.0000
-11.09506     0.0000     0.0000
-11.07965     0.0000     0.0000
-11.06423     0.0000     0.0000
-11.04882     0.0000     0.0000
-11.03341     0.0000     0.0000
-11.01799     0.0000     0.0000
-11.00258     0.0000     0.0000
-10.98717     0.0000     0.0000
-10.97175     0.0000     0.0000
-10.95634     0.0000     0.0000
-10.94093     0.0000     0.0000
-10.92551     0.0000     0.0000
-10.91010     0.0000     0.0000
-10.89469     0.0000     0.0000
-10.87927     0.0000     0.0000
-10.86386     0.0000     0.0000
-10.84845     0.0000     0.0000
-10.83303     0.0000     0.0000
-10.81762     0.0000     0.0000
-10.80221     0.0000     0.0000
-10.78679     0.0000     0.0000
-10.77138     0.0000     0.0000
-10.75597     0.0000     0.0000
-10.74055     0.0000     0.0000
-10.72514     0.0000     0.0000
-10.70973     0.0000     0.0000
-10.69431     0.0000     0.0000
-10.67890     0.0000     0.0000
-10.66349     0.0000     0.0000
-10.64807     0.0000     0.0000
-10.63266     0.0000     0.0000
-10.61725     0.0000     0.0000
-10.60183     0.0000     0.0000
-10.58642     0.0000     0.0000
-10.57101     0.0000     0.0000
-10.55559     0.0000     0.0000
-10.54018     0.0000     0.0000
-10.52477     0.0000     0.0000
-10.50935     0.0000     0.0000
-10.49394     0.0000     0.0000
-10.47853     0.0000     0.0000
-10.46311     0.0000     0.0000
-10.44770     0.0000     0.0000
-10.43229     0.0000     0.0000
-10.41687     0.0000     0.0000
-10.40146     0.0000     0.0000
-10.38605     0.0000     0.0000
-10.37063     0.0000     0.0000
-10.35522     0.0000     0.0000
-10.33981     0.0000     0.0000
-10.32439     0.0000     0.0000
-10.30898     0.0000     0.0000
-10.29357     0.0000     0.0000
-10.27815     0.0000     0.0000
-10.26274     0.0000     0.0000
-10.24733     0.0000     0.0000
-10.23191     0.0000     0.0000
-10.21650     0.0000     0.0000
-10.20109     0.0000     0.0000
-10.18567     0.0000     0.0000
-10.17026     0.0000     0.0000
-10.15485     0.0000     0.0000
-10.13943     0.0000     0.0000
-10.12402     0.0000     0.0000
-10.10861     0.0000     0.0000
-10.09319     0.0000     0.0000
-10.07778     0.0000     0.0000
-10.06237     0.0000     0.0000
-10.04695     0.0000     0.0000
-10.03154     0.0000     0.0000
-10.01613     0.0000     0.0000
-10.00071     0.0000     0.0000
 -9.98530     0.0000     0.0000
 -9.96989     0.0000     0.0000
 -9.95447     0.0000     0.0000
 -9.93906     0.0000     0.0000
 -9.92365     0.0000     0.0000
 -9.90823     0.0000     0.0000
 -9.89282     0.0000     0.0000
 -9.87741     0.0000     0.0000
 -9.86199     0.0000     0.0000
 -9.84658     0.0000     0.0000
 -9.83117     0.0000     0.0000
 -9.81575     0.0000     0.0000
 -9.80034     0.0000     0.0000
 -9.78493     0.0000     0.0000
 -9.76951     0.0000     0.0000
 -9.75410     0.0000     0.0000
 -9.73869     0.0000     0.0000
 -9.72327     0.0000     0.0000
 -9.70786     0.0000     0.0000
 -9.69245     0.0000     0.0000
 -9.67703     0.0000     0.0000
 -9.66162     0.0000     0.0000
 -9.64621     0.0000     0.0000
 -9.63079     0.0000     0.0000
 -9.61538     0.0000     0.0000
 -9.59997     0.0000     0.0000
 -9.58455     0.0000     0.0000
 -9.56914     0.0000     0.0000
 -9.55373     0.0000     0.0000
 -9.53831     0.0000     0.0000
 -9.52290     0.0000     0.0000
 -9.50749     0.0000     0.0000
 -9.49207     0.0000     0.0000
 -9.47666     0.0000     0.0000
 -9.46125     0.0000     0.0000
 -9.44583     0.0000     0.0000
 -9.43042     0.0000     0.0000
 -9.41501     0.0000     0.0000
 -9.39959     0.0000     0.0000
 -9.38418     0.0000     0.0000
 -9.36877     0.0000     0.0000
 -9.35335     0.0000     0.0000
 -9.33794     0.0000     0.0000
 -9.32253     0.0000     0.0000
 -9.30711     0.0000     0.0000
 -9.29170     0.0000     0.0000
 -9.27629     0.0000     0.0000
 -9.26087     0.0000     0.0000
 -9.24546     0.0000     0.0000
 -9.23005     0.0000     0.0000
 -9.21463     0.0000     0.0000
 -9.19922     0.0000     0.0000
 -9.18381     0.0000     0.0000
 -9.16839     0.0000     0.0000
 -9.15298     0.0000     0.0000
 -9.13757     0.0000     0.0000
 -9.12215     0.0000     0.0000
 -9.10674     0.0000     0.0000
 -9.09133     0.0000     0.0000
 -9.07591     0.0000     0.0000
 -9.06050     0.0000     0.0000
 -9.04509     0.0000     0.0000
 -9.02967     0.0000     0.0000
 -9.01426     0.0000     0.0000
 -8.99885     0.0000     0.0000
 -8.98343     0.0000     0.0000
 -8.96802     0.0000     0.0000
 -8.95261     0.0000     0.0000
 -8.93719     0.0000     0.0000
 -8.92178     0.0000     0.0000
 -8.90637     0.0000     0.0000
 -8.89095     0.0000     0.0000
 -8.87554     0.0000     0.0000
 -8.86013     0.0000     0.0000
 -8.84471     0.0000     0.0000
 -8.82930     0.0000     0.0000
 -8.81389     0.0000     0.0000
 -8.79847     0.0000     0.0000
 -8.78306     0.0000     0.0000
 -8.76765     0.0000     0.0000
 -8.75223     0.0000     0.0000
 -8.73682     0.0000     0.0000
 -8.72141     0.0000     0.0000
 -8.70599     0.0000     0.0000
 -8.69058     0.0000     0.0000
 -8.67517     0.0000     0.0000
 -8.65975     0.0000     0.0000
 -8.64434     0.0000     0.0000
 -8.62893     0.0000     0.0000
 -8.61351     0.0000     0.0000
 -8.59810     0.0000     0.0000
 -8.58269     0.0000     0.0000
 -8.56727     0.0000     0.0000
 -8.55186     0.0000     0.0000
 -8.53645     0.0000     0.0000
 -8.52103     0.0000     0.0000
 -8.50562     0.0000     0.0000
 -8.49021     0.0000     0.0000
 -8.47479     0.0000     0.0000
 -8.45938     0.0000     0.0000
 -8.44397     0.0000     0.0000
 -8.42855     0.0000     0.0000
 -8.41314     0.0000     0.0000
 -8.39773     0.0000     0.0000
 -8.38231     0.0000     0.0000
 -8.36690     0.0000     0.0000
 -8.35149     0.0000     0.0000
 -8.33607     0.0000     0.0000
 -8.32066     0.0000     0.0000
 -8.30525     0.0000     0.0000
 -8.28983     0.0000     0.0000
 -8.27442     0.0000     0.0000
 -8.25901     0.0000     0.0000
 -8.24359     0.0000     0.0000
 -8.22818     0.0000     0.0000
 -8.21277     0.0000     0.0000
 -8.19735     0.0000     0.0000
 -8.18194     0.0000     0.0000
 -8.16653     0.0000     0.0000
 -8.15111     0.0000     0.0000
 -8.13570     0.0000     0.0000
 -8.12029     0.0000     0.0000
 -8.10487     0.0000     0.0000
 -8.08946     0.0000     0.0000
 -8.07405     0.0000     0.0000
 -8.05863     0.0000     0.0000
 -8.04322     0.0000     0.0000
 -8.02781     0.0000     0.0000
 -8.01239     0.0000     0.0000
 -7.99698     0.0000     0.0000
 -7.98157     0.0000     0.0000
 -7.96615     0.0000     0.0000
 -7.95074     0.0000     0.0000
 -7.93533     0.0000     0.0000
 -7.91991     0.0000     0.0000
 -7.90450     0.0000     0.0000
 -7.88909     0.0000     0.0000
 -7.87367     0.0000     0.0000
 -7.85826     0.0000     0.0000
 -7.84285     0.0000     0.0000
 -7.82743     0.0000     0.0000
 -7.81202     0.0000     0.0000
 -7.79661     0.0000     0.0000
 -7.78119     0.0000     0.0000
 -7.76578     0.0000     0.0000
 -7.75037     0.0000     0.0000
 -7.73495     0.0000     0.0000
 -7.71954     0.0000     0.0000
 -7.70413     0.0000     0.0000
 -7.68871     0.0000     0.0000
 -7.67330     0.0000     0.0000
 -7.65789     0.0000     0.0000
 -7.64247     0.0000     0.0000
 -7.62706     0.0000     0.0000
 -7.61165     0.0000     0.0000
 -7.59623     0.0000     0.0000
 -7.58082     0.0000     0.0000
 -7.56541     0.0000     0.0000
 -7.54999     0.0000     0.0000
 -7.53458     0.0000     0.0000
 -7.51917     0.0000     0.0000
 -7.50375     0.0000     0.0000
 -7.48834     0.0000     0.0000
 -7.47293     0.0000     0.0000
 -7.45751     0.0000     0.0000
 -7.44210     0.0000     0.0000
 -7.42669     0.0000     0.0000
 -7.41127     0.0000     0.0000
 -7.39586     0.0000     0.0000
 -7.38045     0.0000     0.0000
 -7.36503     0.0000     0.0000
 -7.34962     0.0000     0.0000
 -7.33421     0.0000     0.0000
 -7.31879     0.0000     0.0000
 -7.30338     0.0000     0.0000
 -7.28797     0.0000     0.0000
 -7.27255     0.0000     0.0000
 -7.25714     0.0000     0.0000
 -7.24173     0.0000     0.0000
 -7.22631     0.0000     0.0000
 -7.21090     0.0000     0.0000
 -7.19549     0.0000     0.0000
 -7.18007     0.0000     0.0000
 -7.16466     0.0000     0.0000
 -7.14925     0.0000     0.0000
 -7.13383     0.0000     0.0000
 -7.11842     0.0000     0.0000
 -7.10301     0.0000     0.0000
 -7.08759     0.0000     0.0000
 -7.07218     0.0000     0.0000
 -7.05677     0.0000     0.0000
 -7.04135     0.0000     0.0000
 -7.02594     0.0000     0.0000
 -7.01053     0.0000     0.0000
 -6.99511     0.0000     0.0000
 -6.97970     0.0000     0.0000
 -6.96429     0.0000     0.0000
 -6.94887     0.0000     0.0000
 -6.93346     0.0000     0.0000
 -6.91805     0.0000     0.0000
 -6.90263     0.0000     0.0000
 -6.88722     0.0000     0.0000
 -6.87181     0.0000     0.0000
 -6.85639     0.0000     0.0000
 -6.84098     0.0000     0.0000
 -6.82557     0.0000     0.0000
 -6.81015     0.0000     0.0000
 -6.79474     0.0000     0.0000
 -6.77933     0.0000     0.0000
 -6.76391     0.0000     0.0000
 -6.74850     0.0000     0.0000
 -6.73309     0.0000     0.0000
 -6.71767     0.0000     0.0000
 -6.70226     0.0000     0.0000
 -6.68685     0.0000     0.0000
 -6.67143     0.0000     0.0000
 -6.65602     0.0000     0.0000
 -6.64061     0.0000     0.0000
 -6.62519     0.0000     0.0000
 -6.60978     0.0000     0.0000
 -6.59437     0.0000     0.0000
 -6.57895     0.0000     0.0000
 -6.56354     0.0000     0.0000
 -6.54813     0.0000     0.0000
 -6.53271     0.0000     0.0000
 -6.51730     0.0000     0.0000
 -6.50189     0.0000     0.0000
 -6.48647     0.0000     0.0000
 -6.47106     0.0000     0.0000
 -6.45565     0.0000     0.0000
 -6.44023     0.0000     0.0000
 -6.42482     0.0000     0.0000
 -6.40941     0.0000     0.0000
 -6.39399     0.0000     0.0000
 -6.37858     0.0000     0.0000
 -6.36317     0.0000     0.0000
 -6.34775     0.0000     0.0000
 -6.33234     0.0000     0.0000
 -6.31693     0.0000     0.0000
 -6.30151     0.0000     0.0000
 -6.28610     0.0000     0.0000
 -6.27069     0.0000     0.0000
 -6.25527     0.0000     0.0000
 -6.23986     0.0000     0.0000
 -6.22445     0.0000     0.0000
 -6.20903     0.0000     0.0000
 -6.19362     0.0000     0.0000
 -6.17821     0.0000     0.0000
 -6.16279     0.0000     0.0000
 -6.14738     0.0000     0.0000
 -6.13197     0.0000     0.0000
 -6.11655     0.0000     0.0000
 -6.10114     0.0000     0.0000
 -6.08573     0.0000     0.0000
 -6.07031     0.0000     0.0000
 -6.05490     0.0000     0.0000
 -6.03949     0.0000     0.0000
 -6.02407     0.0000     0.0000
 -6.00866     0.0000     0.0000
 -5.99325     0.0000     0.0000
 -5.97783     0.0000     0.0000
 -5.96242     0.0000     0.0000
 -5.94701     0.0000     0.0000
 -5.93159     0.0000     0.0000
 -5.91618     0.0000     0.0000
 -5.90077     0.0000     0.0000
 -5.88535     0.0000     0.0000
 -5.86994     0.0000     0.0000
 -5.85453     0.0000     0.0000
 -5.83911     0.0000     0.0000
 -5.82370     0.0000     0.0000
 -5.80829     0.0000     0.0000
 -5.79287     0.0000     0.0000
 -5.77746     0.0000     0.0000
 -5.76205     0.0000     0.0000
 -5.74663     0.0000     0.0000
 -5.73122     0.0000     0.0000
 -5.71581     0.0000     0.0000
 -5.70039     0.0003     0.0001
 -5.68498     0.0033     0.0015
 -5.66957     0.0117     0.0055
 -5.65415     0.0264     0.0125
 -5.63874     0.0473     0.0224
 -5.62333     0.0745     0.0352
 -5.60791     0.1080     0.0511
 -5.59250     0.1477     0.0699
 -5.57709     0.1937     0.0916
 -5.56167     0.2459     0.1163
 -5.54626     0.3045     0.1440
 -5.53085     0.3693     0.1747
 -5.51543     0.4403     0.2083
 -5.50002     0.5185     0.2454
 -5.48461     0.6108     0.2898
 -5.46919     0.7266     0.3471
 -5.45378     0.8502     0.4103
 -5.43837     0.9609     0.4700
 -5.42295     1.0774     0.5346
 -5.40754     1.2197     0.6133
 -5.39213     1.3877     0.7062
 -5.37671     1.5814     0.8131
 -5.36130     1.8009     0.9343
 -5.34589     2.0459     1.0694
 -5.33047     2.3152     1.2181
 -5.31506     2.6055     1.3786
 -5.29965     2.8579     1.5174
 -5.28423     3.0343     1.6122
 -5.26882     3.1883     1.6936
 -5.25341     3.3546     1.7820
 -5.23799     3.5334     1.8773
 -5.22258     3.7246     1.9795
 -5.20717     3.9282     2.0887
 -5.19175     4.1442     2.2049
 -5.17634     4.3727     2.3279
 -5.16093     4.6148     2.4587
 -5.14551     4.8736     2.5989
 -5.13010     5.1634     2.7556
 -5.11469     5.5453     2.9584
 -5.09927     6.0454     3.2197
 -5.08386     6.5797     3.4988
 -5.06845     7.0844     3.7650
 -5.05303     7.5326     4.0046
 -5.03762     7.8923     4.2001
 -5.02221     8.1636     4.3512
 -5.00679     8.3538     4.4614
 -4.99138     8.4628     4.5306
 -4.97597     8.4908     4.5589
 -4.96055     8.4376     4.5462
 -4.94514     8.3620     4.5207
 -4.92973     8.3623     4.5293
 -4.91431     8.4108     4.5588
 -4.89890     8.4394     4.5766
 -4.88349     8.4477     4.5824
 -4.86807     8.4357     4.5763
 -4.85266     8.4044     4.5590
 -4.83725     8.3788     4.5455
 -4.82183     8.3699     4.5435
 -4.80642     8.3552     4.5399
 -4.79101     8.4791     4.6162
 -4.77559     9.0192     4.9286
 -4.76018     9.3921     5.1453
 -4.74477     9.0250     4.9421
 -4.72935     8.3341     4.5562
 -4.71394     7.6260     4.1624
 -4.69853     6.9254     3.7748
 -4.68311     6.2340     3.3942
 -4.66770     5.5673     3.0291
 -4.65229     4.9470     2.6913
 -4.63687     4.3809     2.3849
 -4.62146     3.8691     2.1100
 -4.60605     3.4470     1.8847
 -4.59063     3.2307     1.7681
 -4.57522     3.2638     1.7829
 -4.55981     3.4449     1.8770
 -4.54439     3.7012     2.0128
 -4.52898     4.0031     2.1735
 -4.51357     4.3210     2.3424
 -4.49815     4.6633     2.5270
 -4.48274     5.1305     2.8000
 -4.46733     5.8313     3.2400
 -4.45191     6.7908     3.8652
 -4.43650     7.9928     4.6668
 -4.42109     9.1169     5.4756
 -4.40567    10.3468     6.4265
 -4.39026    11.4607     7.2593
 -4.37485    13.3180     8.3530
 -4.35943    16.0907     9.8290
 -4.34402    19.3327    11.3867
 -4.32861    18.7835    10.8921
 -4.31319    13.9914     8.2210
 -4.29778    10.6860     6.4062
 -4.28237     9.3585     5.6979
 -4.26695     9.0621     5.5829
 -4.25154     9.4506     5.8758
 -4.23613    10.6043     6.6137
 -4.22071    12.4155     7.7198
 -4.20530    14.8493     9.1665
 -4.18989    17.1097    10.4674
 -4.17447    14.7485     8.9974
 -4.15906     9.7334     5.9503
 -4.14365     7.9449     4.8080
 -4.12823     8.5919     5.0439
 -4.11282    10.8817     6.1213
 -4.09741    14.8962     8.1043
 -4.08199    13.4928     7.2429
 -4.06658     7.2513     3.8855
 -4.05117     4.8250     2.6179
 -4.03575     5.3227     2.9364
 -4.02034     6.7108     3.7578
 -4.00493     8.7789     4.9592
 -3.98951     9.5452     5.3840
 -3.97410     8.5108     4.7502
 -3.95869     7.4005     4.0755
 -3.94327     6.6532     3.6182
 -3.92786     6.1221     3.2921
 -3.91245     5.5915     2.9699
 -3.89703     4.9777     2.6019
 -3.88162     4.2876     2.1924
 -3.86621     4.1277     2.0526
 -3.85079     6.9537     3.3763
 -3.83538    16.2420     7.9648
 -3.81997    22.2310    11.0223
 -3.80455    16.7158     8.2612
 -3.78914    10.2321     4.9356
 -3.77373     8.1028     3.8371
 -3.75831     7.2064     3.3713
 -3.74290     6.4634     2.9873
 -3.72749     5.8792     2.6882
 -3.71207     5.4542     2.4743
 -3.69666     5.1886     2.3457
 -3.68125     5.0788     2.3004
 -3.66583     5.0834     2.3158
 -3.65042     5.1012     2.3417
 -3.63501     5.0412     2.3371
 -3.61959     5.0163     2.3400
 -3.60418     4.9976     2.3393
 -3.58877     4.7952     2.2682
 -3.57335     4.3927     2.1209
 -3.55794     3.8693     1.9266
 -3.54253     3.3870     1.7454
 -3.52711     3.0802     1.6354
 -3.51170     3.0796     1.6695
 -3.49629     3.4541     1.8921
 -3.48087     4.1220     2.2710
 -3.46546     4.9889     2.7639
 -3.45005     5.9115     3.2891
 -3.43463     6.7382     3.7583
 -3.41922     7.4345     4.1509
 -3.40381     8.0002     4.4668
 -3.38839     8.4353     4.7059
 -3.37298     8.7398     4.8682
 -3.35757     8.9099     4.9533
 -3.34215     8.9312     4.9621
 -3.32674     8.8517     4.9231
 -3.31133     8.7550     4.8757
 -3.29591     8.6683     4.8344
 -3.28050     8.5944     4.8005
 -3.26509     8.5333     4.7741
 -3.24967     8.4850     4.7552
 -3.23426     8.4495     4.7438
 -3.21885     8.4255     4.7391
 -3.20343     8.4089     4.7387
 -3.18802     8.4026     4.7439
 -3.17261     8.5330     4.8216
 -3.15719     8.6899     4.9031
 -3.14178     8.5597     4.8099
 -3.12637     8.1867     4.5740
 -3.11095     7.7547     4.3066
 -3.09554     7.3205     4.0417
 -3.08013     6.8846     3.7797
 -3.06471     6.4496     3.5220
 -3.04930     6.0225     3.2723
 -3.03389     5.6105     3.0348
 -3.01847     5.2163     2.8106
 -3.00306     4.8659     2.6134
 -2.98765     4.6495     2.4916
 -2.97223     4.6545     2.4940
 -2.95682     4.9040     2.6339
 -2.94141     5.3988     2.9119
 -2.92599     6.1328     3.3251
 -2.91058     7.0131     3.8260
 -2.89517     7.9401     4.3552
 -2.87975     8.9266     4.9066
 -2.86434    10.0280     5.5040
 -2.84893    11.1116     6.0825
 -2.83351    12.1166     6.6251
 -2.81810    13.1676     7.2332
 -2.80269    13.7678     7.6642
 -2.78727    13.0796     7.3699
 -2.77186    10.7657     6.0679
 -2.75645     7.1659     3.9602
 -2.74103     5.2174     2.8245
 -2.72562     6.3582     3.5213
 -2.71021     8.5980     4.8340
 -2.69479    11.0816     6.2413
 -2.67938    13.8086     7.7431
 -2.66397    15.8952     8.8502
 -2.64855    14.4240     7.9449
 -2.63314    10.8975     5.8973
 -2.61773     9.3049     4.9574
 -2.60231    10.3285     5.5370
 -2.58690    19.7259    11.2224
 -2.57149    27.2851    15.6401
 -2.55607    26.3843    14.5740
 -2.54066    25.0941    13.2824
 -2.52525    22.2995    11.6594
 -2.50983    21.6225    11.3456
 -2.49442    18.6994    10.0570
 -2.47901    18.7072    10.5338
 -2.46359    20.6415    11.6196
 -2.44818    11.5634     6.4852
 -2.43277     4.2986     2.3922
 -2.41735     3.7274     2.0769
 -2.40194     9.9828     5.3714
 -2.38653    22.7331    12.1666
 -2.37111    25.8267    13.8600
 -2.35570    19.9424    10.7597
 -2.34029    19.0978    10.3085
 -2.32487    33.6225    17.7496
 -2.30946    37.8273    19.7344
 -2.29405    25.1640    13.0795
 -2.27863    16.9620     8.8492
 -2.26322     9.5790     5.0907
 -2.24781     7.5108     4.1932
 -2.23239    12.5307     6.9840
 -2.21698    15.5585     8.6337
 -2.20157    14.0466     7.8507
 -2.18615    12.3445     6.9628
 -2.17074    10.8139     6.1672
 -2.15533     9.4683     5.4717
 -2.13991     8.3076     4.8761
 -2.12450     7.3318     4.3805
 -2.10909     6.5409     3.9849
 -2.09367     5.9350     3.6893
 -2.07826     5.5139     3.4936
 -2.06285     5.2845     3.4026
 -2.04743     5.6009     3.6567
 -2.03202     7.9892     5.2477
 -2.01661    10.8391     7.1062
 -2.00119    11.2563     7.3645
 -1.98578    10.4479     6.8290
 -1.97037     9.7277     6.3478
 -1.95495     9.0960     5.9211
 -1.93954     8.5528     5.5490
 -1.92413     8.0982     5.2315
 -1.90871     7.7321     4.9685
 -1.89330     7.4923     4.7831
 -1.87789     8.0458     5.1101
 -1.86247     9.3781     5.9404
 -1.84706    10.2733     6.4769
 -1.83165    10.2661     6.4095
 -1.81623    10.6638     6.5070
 -1.80082    13.8360     8.1329
 -1.78541    20.9982    11.9653
 -1.76999    23.7030    13.5167
 -1.75458    15.5499     9.0998
 -1.73917     9.1148     5.4876
 -1.72375     8.7652     5.2588
 -1.70834     8.4867     5.0811
 -1.69293     8.3469     4.9746
 -1.67751     8.3107     4.9122
 -1.66210     8.3763     4.8923
 -1.64669     8.5437     4.9151
 -1.63127     8.8128     4.9804
 -1.61586     9.1837     5.0884
 -1.60045     9.6613     5.2411
 -1.58503    10.1655     5.3985
 -1.56962    10.1590     5.2968
 -1.55421     9.6612     4.9465
 -1.53879     9.2342     4.6231
 -1.52338     8.9624     4.3666
 -1.50797     8.8217     4.1659
 -1.49255     8.8492     4.0690
 -1.47714     8.9920     4.0689
 -1.46173     9.0787     4.0580
 -1.44631     9.0458     3.9912
 -1.43090     8.8933     3.8687
 -1.41549     8.6213     3.6903
 -1.40007     8.2298     3.4561
 -1.38466     7.7187     3.1661
 -1.36925     7.0881     2.8203
 -1.35383     6.4004     2.4493
 -1.33842     5.8349     2.1504
 -1.32301     5.3688     1.9162
 -1.30759     5.2011     1.7758
 -1.29218     5.5766     1.8107
 -1.27677     6.3561     1.9814
 -1.26135     7.3690     2.2290
 -1.24594     8.3989     2.4874
 -1.23053     9.3218     2.7229
 -1.21511    10.1051     2.9271
 -1.19970    10.7019     3.0859
 -1.18429    10.9568     3.1534
 -1.16887    11.3624     3.2858
 -1.15346    13.2155     3.8622
 -1.13805    17.2027     5.0725
 -1.12263    21.6687     6.5343
 -1.10722    26.0913     8.3917
 -1.09181    29.5015     9.7984
 -1.07639    41.1731    12.5593
 -1.06098    39.4350    11.5014
 -1.04557    20.8952     5.7842
 -1.03015    12.5121     2.9369
 -1.01474     8.4584     1.9244
 -0.99933     7.0754     1.7111
 -0.98391     7.7784     1.9149
 -0.96850     8.4993     2.1332
 -0.95309     9.2709     2.3760
 -0.93767    10.3230     2.7140
 -0.92226    12.0387     3.2527
 -0.90685    16.1679     4.4030
 -0.89143    24.0191     6.5165
 -0.87602    30.6000     8.4297
 -0.86061    35.0903     9.9723
 -0.84519    39.3523    11.4097
 -0.82978    38.0790    11.1644
 -0.81437    33.1795     9.8897
 -0.79895    29.6554     9.0074
 -0.78354    27.7591     8.4902
 -0.76813    26.7728     8.1274
 -0.75271    24.2113     7.3090
 -0.73730    18.8654     5.7569
 -0.72189    12.9622     4.1161
 -0.70647    10.7218     3.6618
 -0.69106    11.9665     4.4042
 -0.67565    13.6020     5.3200
 -0.66023    13.8447     5.5273
 -0.64482    13.7730     5.3126
 -0.62941    14.1900     5.2271
 -0.61399    13.7702     4.9654
 -0.59858    12.6721     4.5345
 -0.58317    11.4876     4.0822
 -0.56775    10.6078     3.7109
 -0.55234     9.9963     3.4224
 -0.53693     9.8460     3.3372
 -0.52151    10.6158     3.6434
 -0.50610    12.7333     4.4735
 -0.49069    19.0727     6.8780
 -0.47527    30.9194    11.3460
 -0.45986    27.1225    10.1611
 -0.44445    14.2399     5.6465
 -0.42903    12.8474     5.2891
 -0.41362    14.6375     6.1248
 -0.39821    17.0138     7.2456
 -0.38279    19.8186     8.5972
 -0.36738    22.6629     9.9869
 -0.35197    25.6130    11.4379
 -0.33655    28.4059    12.8150
 -0.32114    29.3958    13.3368
 -0.30573    29.7361    13.5687
 -0.29031    29.1010    13.3830
 -0.27490    27.8437    12.9763
 -0.25949    27.5952    13.0834
 -0.24407    27.4891    13.2472
 -0.22866    24.7566    12.2179
 -0.21325    17.8454     9.1858
 -0.19783    12.4354     6.6939
 -0.18242    11.1551     6.0119
 -0.16701    11.2947     5.9509
 -0.15159    11.5088     5.9371
 -0.13618    11.7127     5.9346
 -0.12077    12.0338     6.0102
 -0.10535    12.8721     6.3751
 -0.08994    14.0488     6.9410
 -0.07453    14.8997     7.3539
 -0.05911    15.4944     7.6266
 -0.04370    16.8017     8.2110
 -0.02829    28.6114    13.5864
 -0.01287    24.2810    11.3770
  0.00254     4.5724     2.1207
  0.01795     0.0000     0.0000
  0.03337     0.0000     0.0000
  0.04878     0.0000     0.0000
  0.06419     0.0000     0.0000
  0.07961     0.0000     0.0000
  0.09502     0.0000     0.0000
  0.11043     0.0000     0.0000
  0.12585     0.0000     0.0000
  0.14126     0.0000     0.0000
  0.15667     0.0000     0.0000
  0.17209     0.0000     0.0000
  0.18750     0.0000     0.0000
  0.20291     0.0000     0.0000
  0.21833     0.0000     0.0000
  0.23374     0.0000     0.0000
  0.24915     0.0000     0.0000
  0.26457     0.0000     0.0000
  0.27998     0.0000     0.0000
  0.29539     0.0000     0.0000
  0.31081     0.0000     0.0000
  0.32622     0.0000     0.0000
  0.34163     0.0000     0.0000
  0.35705     0.0000     0.0000
  0.37246     0.0000     0.0000
  0.38787     0.0000     0.0000
  0.40329     0.0000     0.0000
  0.41870     0.0000     0.0000
  0.43411     0.0000     0.0000
  0.44953     0.0000     0.0000
  0.46494     0.0000     0.0000
  0.48035     0.0000     0.0000
  0.49577     0.0000     0.0000
  0.51118     0.0000     0.0000
  0.52659     0.0000     0.0000
  0.54201     0.0000     0.0000
  0.55742     0.0000     0.0000
  0.57283     0.0000     0.0000
  0.58825     0.0000     0.0000
  0.60366     0.0000     0.0000
  0.61907     0.0000     0.0000
  0.63449     0.0000     0.0000
  0.64990     0.0000     0.0000
  0.66531     0.0000     0.0000
  0.68073     0.0000     0.0000
  0.69614     0.0000     0.0000
  0.71155     0.0000     0.0000
  0.72697     0.0000     0.0000
  0.74238     0.0000     0.0000
  0.75779     0.0000     0.0000
  0.77321     0.0000     0.0000
  0.78862     0.0000     0.0000
  0.80403     0.0000     0.0000
  0.81945     0.0000     0.0000
  0.83486     0.0000     0.0000
  0.85027     0.0000     0.0000
  0.86569     0.0000     0.0000
  0.88110     0.0000     0.0000
  0.89651     0.0000     0.0000
  0.91193     0.0000     0.0000
  0.92734     0.0000     0.0000
  0.94275     0.0000     0.0000
  0.95817     0.0000     0.0000
  0.97358     0.0000     0.0000
  0.98899     0.0000     0.0000
  1.00441     0.0000     0.0000
  1.01982     0.0000     0.0000
  1.03523     0.0000     0.0000
  1.05065     0.0000     0.0000
  1.06606     0.0000     0.0000
  1.08147     0.0000     0.0000
  1.09689     0.0000     0.0000
  1.11230     0.0000     0.0000
  1.12771     0.0000     0.0000
  1.14313     0.0000     0.0000
  1.15854     0.0000     0.0000
  1.17395     0.0000     0.0000
  1.18937     0.0000     0.0000
  1.20478     0.0000     0.0000
  1.22019     0.0000     0.0000
  1.23561     0.0000     0.0000
  1.25102     0.0000     0.0000
  1.26643     0.0000     0.0000
  1.28185     0.0000     0.0000
  1.29726     0.0000     0.0000
  1.31267     0.0000     0.0000
  1.32809     0.0000     0.0000
  1.34350     0.0000     0.0000
  1.35891     0.0000     0.0000
  1.37433     0.0000     0.0000
  1.38974     0.0000     0.0000
  1.40515     0.0000     0.0000
  1.42057     0.0000     0.0000
  1.43598     0.0000     0.0000
  1.45139     0.0000     0.0000
  1.46681     0.0000     0.0000
  1.48222     0.0000     0.0000
  1.49763     0.0000     0.0000
  1.51305     0.0000     0.0000
  1.52846     0.0000     0.0000
  1.54387     0.0000     0.0000
  1.55929     0.0000     0.0000
  1.57470     0.0000     0.0000
  1.59011     0.0000     0.0000
  1.60553     0.0000     0.0000
  1.62094     0.0000     0.0000
  1.63635     0.0000     0.0000
  1.65177     0.0000     0.0000
  1.66718     0.0000     0.0000
  1.68259     0.0000     0.0000
  1.69801     0.0000     0.0000
  1.71342     0.0000     0.0000
  1.72883     0.0000     0.0000
  1.74425     0.0000     0.0000
  1.75966     0.0000     0.0000
  1.77507     0.0000     0.0000
  1.79049     0.0000     0.0000
  1.80590     0.0000     0.0000
  1.82131     0.0000     0.0000
  1.83673     0.0000     0.0000
  1.85214     0.0000     0.0000
  1.86755     0.0000     0.0000
  1.88297     0.0000     0.0000
  1.89838     0.0000     0.0000
  1.91379     0.0000     0.0000
  1.92921     0.0000     0.0000
  1.94462     0.0000     0.0000
  1.96003     0.0000     0.0000
  1.97545     0.0000     0.0000
  1.99086     0.0000     0.0000
  2.00627     0.0000     0.0000
  2.02169     0.0000     0.0000
  2.03710     0.0000     0.0000
  2.05251     0.0000     0.0000
  2.06793     0.0000     0.0000
  2.08334     0.0000     0.0000
  2.09875     0.0000     0.0000
  2.11417     0.0000     0.0000
  2.12958     0.0000     0.0000
  2.14499     0.0000     0.0000
  2.16041     0.0000     0.0000
  2.17582     0.0000     0.0000
  2.19123     0.0000     0.0000
  2.20665     0.0000     0.0000
  2.22206     0.0000     0.0000
  2.23747     0.0000     0.0000
  2.25289     0.0000     0.0000
  2.26830     0.0000     0.0000
  2.28371     0.0000     0.0000
  2.29913     0.0000     0.0000
  2.31454     0.0000     0.0000
  2.32995     0.0000     0.0000
  2.34537     0.0000     0.0000
  2.36078     0.0000     0.0000
  2.37619     0.0000     0.0000
  2.39161     0.0000     0.0000
  2.40702     0.0000     0.0000
  2.42243     0.0000     0.0000
  2.43785     0.0000     0.0000
  2.45326     0.0000     0.0000
  2.46867     0.0000     0.0000
  2.48409     0.0000     0.0000
  2.49950     0.0000     0.0000
  2.51491     0.0000     0.0000
  2.53033     0.0000     0.0000
  2.54574     0.0000     0.0000
  2.56115     0.0000     0.0000
  2.57657     0.0000     0.0000
  2.59198     0.0000     0.0000
  2.60739     0.0000     0.0000
  2.62281     0.0000     0.0000
  2.63822     0.0000     0.0000
  2.65363     0.0000     0.0000
  2.66905     0.0000     0.0000
  2.68446     0.0003     0.0000
  2.69987     0.0269     0.0038
  2.71529     0.1598     0.0224
  2.73070     0.4623     0.0651
  2.74611     0.9435     0.1332
  2.76153     1.6034     0.2266
  2.77694     2.4420     0.3454
  2.79235     3.4593     0.4895
  2.80777     4.6553     0.6590
  2.82318     6.2469     0.8991
  2.83859     8.4053     1.2564
  2.85401    10.4189     1.6067
  2.86942    11.6020     1.8199
  2.88483    11.9951     1.9027
  2.90025    12.3542     1.9932
  2.91566    14.0041     2.3362
  2.93107    17.0407     2.9536
  2.94649    19.0836     3.4071
  2.96190    18.6734     3.4103
  2.97731    17.6894     3.2985
  2.99273    21.1776     4.0005
  3.00814    37.6091     6.9985
  3.02355    41.9380     7.8062
  3.03897    27.5564     5.2790
  3.05438    25.3482     5.0430
  3.06979    33.1845     6.7448
  3.08521    32.3146     6.6409
  3.10062    23.6097     4.8858
  3.11603    17.8401     3.7392
  3.13145    15.0733     3.2136
  3.14686    13.8142     2.9961
  3.16227    13.6740     3.0164
  3.17769    18.1025     4.0686
  3.19310    25.3085     5.7484
  3.20851    28.9281     6.5990
  3.22393    32.2968     7.4105
  3.23934    34.8023     8.0761
  3.25475    28.6283     6.8084
  3.27017    40.0997    10.1475
  3.28558    43.6724    11.2262
  3.30099    28.8487     7.4892
  3.31641    27.1299     7.1668
  3.33182    26.2691     7.0926
  3.34723    26.2920     7.2741
  3.36265    27.8858     7.9205
  3.37806    32.5377     9.5130
  3.39347    33.4470    10.0257
  3.40889    25.4741     7.7451
  3.42430    17.1376     5.2256
  3.43971    11.9122     3.6406
  3.45513     7.8649     2.4090
  3.47054     5.0501     1.5541
  3.48595     2.7852     0.8596
  3.50137     1.1360     0.3513
  3.51678     0.2715     0.0842
  3.53219     0.0163     0.0051
  3.54761     0.0000     0.0000
  3.56302     0.0000     0.0000
  3.57843     0.0000     0.0000
  3.59385     0.0000     0.0000
  3.60926     0.0000     0.0000
  3.62467     0.0000     0.0000
  3.64009     0.0000     0.0000
  3.65550     0.0000     0.0000
  3.67091     0.0000     0.0000
  3.68633     0.0000     0.0000
  3.70174     0.0000     0.0000
  3.71715     0.0000     0.0000
  3.73257     0.0000     0.0000
  3.74798     0.0000     0.0000
  3.76339     0.0000     0.0000
  3.77881     0.0000     0.0000
  3.79422     0.0000     0.0000
  3.80963     0.0000     0.0000
  3.82505     0.0000     0.0000
  3.84046     0.0000     0.0000
  3.85587     0.0000     0.0000
  3.87129     0.0000     0.0000
  3.88670     0.0000     0.0000
  3.90211     0.0000     0.0000
  3.91753     0.0000     0.0000
  3.93294     0.0000     0.0000
  3.94835     0.0000     0.0000
  3.96377     0.0000     0.0000
  3.97918     0.0000     0.0000
  3.99459     0.0000     0.0000
  4.01001     0.0000     0.0000
  4.02542     0.0000     0.0000
  4.04083     0.0000     0.0000
  4.05625     0.0000     0.0000
  4.07166     0.0000     0.0000
  4.08707     0.0000     0.0000
  4.10249     0.0000     0.0000
  4.11790     0.0000     0.0000
  4.13331     0.0000     0.0000
  4.14873     0.0000     0.0000
  4.16414     0.0000     0.0000
  4.17955     0.0000     0.0000
  4.19497     0.0000     0.0000
  4.21038     0.0000     0.0000
  4.22579     0.0000     0.0000
  4.24121     0.0000     0.0000
  4.25662     0.0000     0.0000
  4.27203     0.0000     0.0000
  4.28745     0.0000     0.0000
  4.30286     0.0000     0.0000
  4.31827     0.0000     0.0000
  4.33369     0.0000     0.0000
  4.34910     0.0000     0.0000
  4.36451     0.0000     0.0000
  4.37993     0.0000     0.0000
  4.39534     0.0000     0.0000
  4.41075     0.0000     0.0000
  4.42617     0.0000     0.0000
  4.44158     0.0000     0.0000
  4.45699     0.0000     0.0000
  4.47241     0.0000     0.0000
  4.48782     0.0000     0.0000
  4.50323     0.0000     0.0000
  4.51865     0.0000     0.0000
  4.53406     0.0000     0.0000
  4.54947     0.0000     0.0000
  4.56489     0.0000     0.0000
  4.58030     0.0000     0.0000
  4.59571     0.0000     0.0000
  4.61113     0.0000     0.0000
  4.62654     0.0000     0.0000
  4.64195     0.0000     0.0000
  4.65737     0.0000     0.0000
  4.67278     0.0000     0.0000
  4.68819     0.0000     0.0000
  4.70361     0.0000     0.0000
  4.71902     0.0000     0.0000
  4.73443     0.0000     0.0000
  4.74985     0.0000     0.0000
  4.76526     0.0000     0.0000
  4.78067     0.0000     0.0000
  4.79609     0.0000     0.0000
  4.81150     0.0000     0.0000
  4.82691     0.0000     0.0000
  4.84233     0.0000     0.0000
  4.85774     0.0000     0.0000
  4.87315     0.0000     0.0000
  4.88857     0.0000     0.0000
  4.90398     0.0000     0.0000
  4.91939     0.0000     0.0000
  4.93481     0.0000     0.0000
  4.95022     0.0000     0.0000
  4.96563     0.0000     0.0000
  4.98105     0.0000     0.0000
  4.99646     0.0000     0.0000
  5.01187     0.0000     0.0000
  5.02729     0.0000     0.0000
  5.04270     0.0000     0.0000
  5.05811     0.0000     0.0000
  5.07353     0.0000     0.0000
  5.08894     0.0000     0.0000
  5.10435     0.0000     0.0000
  5.11977     0.0000     0.0000
  5.13518     0.0000     0.0000
  5.15059     0.0000     0.0000
  5.16601     0.0000     0.0000
  5.18142     0.0000     0.0000
  5.19683     0.0000     0.0000
  5.21225     0.0000     0.0000
  5.22766     0.0000     0.0000
  5.24307     0.0000     0.0000
  5.25849     0.0000     0.0000
  5.27390     0.0000     0.0000
  5.28931     0.0000     0.0000
  5.30473     0.0000     0.0000
  5.32014     0.0000     0.0000
  5.33555     0.0000     0.0000
  5.35097     0.0000     0.0000
  5.36638     0.0000     0.0000
  5.38179     0.0000     0.0000
  5.39721     0.0000     0.0000
  5.41262     0.0000     0.0000
  5.42803     0.0000     0.0000
  5.44345     0.0000     0.0000
  5.45886     0.0000     0.0000
  5.47427     0.0000     0.0000
  5.48969     0.0000     0.0000
  5.50510     0.0000     0.0000
  5.52051     0.0000     0.0000
  5.53593     0.0000     0.0000
  5.55134     0.0000     0.0000
  5.56675     0.0000     0.0000
  5.58217     0.0000     0.0000
  5.59758     0.0000     0.0000
  5.61299     0.0000     0.0000
  5.62841     0.0000     0.0000
  5.64382     0.0000     0.0000
  5.65923     0.0000     0.0000
  5.67465     0.0000     0.0000
  5.69006     0.0000     0.0000
  5.70547     0.0000     0.0000
  5.72089     0.0000     0.0000
  5.73630     0.0000     0.0000
  5.75171     0.0000     0.0000
  5.76713     0.0000     0.0000
  5.78254     0.0000     0.0000
  5.79795     0.0000     0.0000
  5.81337     0.0000     0.0000
  5.82878     0.0000     0.0000
  5.84419     0.0000     0.0000
  5.85961     0.0000     0.0000
  5.87502     0.0000     0.0000
  5.89043     0.0000     0.0000
  5.90585     0.0000     0.0000
  5.92126     0.0000     0.0000
  5.93667     0.0000     0.0000
  5.95209     0.0000     0.0000
  5.96750     0.0000     0.0000
  5.98291     0.0000     0.0000
  5.99833     0.0000     0.0000
  6.01374     0.0000     0.0000
  6.02915     0.0000     0.0000
  6.04457     0.0000     0.0000
  6.05998     0.0000     0.0000
  6.07539     0.0000     0.0000
  6.09081     0.0000     0.0000
  6.10622     0.0000     0.0000
  6.12163     0.0000     0.0000
  6.13705     0.0000     0.0000
  6.15246     0.0000     0.0000
  6.16787     0.0000     0.0000
  6.18329     0.0000     0.0000
  6.19870     0.0000     0.0000
  6.21411     0.0000     0.0000
  6.22953     0.0000     0.0000
  6.24494     0.0000     0.0000
  6.26035     0.0000     0.0000
  6.27577     0.0000     0.0000
  6.29118     0.0000     0.0000
  6.30659     0.0000     0.0000
  6.32201     0.0000     0.0000
  6.33742     0.0000     0.0000
  6.35283     0.0000     0.0000
  6.36825     0.0000     0.0000
  6.38366     0.0000     0.0000
  6.39907     0.0000     0.0000
  6.41449     0.0000     0.0000
  6.42990     0.0000     0.0000
  6.44531     0.0000     0.0000
  6.46073     0.0000     0.0000
  6.47614     0.0000     0.0000
  6.49155     0.0000     0.0000
  6.50697     0.0000     0.0000
  6.52238     0.0000     0.0000
  6.53779     0.0000     0.0000
  6.55321     0.0000     0.0000
  6.56862     0.0000     0.0000
  6.58403     0.0000     0.0000
  6.59945     0.0000     0.0000
  6.61486     0.0002     0.0000
  6.63027     0.0006     0.0001
  6.64569     0.0013     0.0001
  6.66110     0.0023     0.0002
  6.67651     0.0037     0.0004
  6.69193     0.0053     0.0005
  6.70734     0.0073     0.0007
  6.72275     0.0096     0.0009
  6.73817     0.0121     0.0012
  6.75358     0.0150     0.0015
  6.76899     0.0182     0.0018
  6.78441     0.0217     0.0022
  6.79982     0.0255     0.0025
  6.81523     0.0296     0.0029
  6.83065     0.0341     0.0034
  6.84606     0.0388     0.0038
  6.86147     0.0439     0.0043
  6.87689     0.0492     0.0049
  6.89230     0.0549     0.0054
  6.90771     0.0609     0.0060
  6.92313     0.0671     0.0067
  6.93854     0.0737     0.0073
  6.95395     0.0806     0.0080
  6.96937     0.0878     0.0087
  6.98478     0.0954     0.0094
  7.00019     0.1032     0.0102
  7.01561     0.1113     0.0110
  7.03102     0.1198     0.0119
  7.04643     0.1285     0.0127
  7.06185     0.1376     0.0136
  7.07726     0.1470     0.0146
  7.09267     0.1566     0.0155
  7.10809     0.1666     0.0165
  7.12350     0.1769     0.0175
  7.13891     0.1875     0.0186
  7.15433     0.1985     0.0197
  7.16974     0.2097     0.0208
  7.18515     0.2212     0.0219
  7.20057     0.2331     0.0231
  7.21598     0.2450     0.0243
  7.23139     0.2536     0.0258
  7.24681     0.2580     0.0275
  7.26222     0.2614     0.0293
  7.27763     0.2651     0.0312
  7.29305     0.2690     0.0330
  7.30846     0.2732     0.0348
  7.32387     0.2776     0.0366
  7.33929     0.2822     0.0384
  7.35470     0.2872     0.0403
  7.37011     0.2923     0.0421
  7.38553     0.2978     0.0439
  7.40094     0.3034     0.0457
  7.41635     0.3093     0.0476
  7.43177     0.3155     0.0494
  7.44718     0.3219     0.0512
  7.46259     0.3286     0.0530
  7.47801     0.3356     0.0548
  7.49342     0.3427     0.0567
  7.50883     0.3502     0.0585
  7.52425     0.3578     0.0603
  7.53966     0.3656     0.0622
  7.55507     0.3734     0.0640
  7.57049     0.3814     0.0659
  7.58590     0.3895     0.0678
  7.60131     0.3977     0.0698
  7.61673     0.4061     0.0717
  7.63214     0.4145     0.0737
  7.64755     0.4230     0.0757
  7.66297     0.4317     0.0777
  7.67838     0.4404     0.0797
  7.69379     0.4493     0.0818
  7.70921     0.4583     0.0839
  7.72462     0.4673     0.0860
  7.74003     0.4765     0.0881
  7.75545     0.4858     0.0903
  7.77086     0.4953     0.0924
  7.78627     0.5048     0.0946
  7.80169     0.5144     0.0969
  7.81710     0.5242     0.0991
  7.83251     0.5340     0.1014
  7.84793     0.5440     0.1036
  7.86334     0.5540     0.1059
  7.87875     0.5642     0.1083
  7.89417     0.5745     0.1106
  7.90958     0.5849     0.1130
  7.92499     0.5954     0.1154
  7.94041     0.6060     0.1178
  7.95582     0.6168     0.1202
  7.97123     0.6276     0.1227
  7.98665     0.6385     0.1251
  8.00206     0.6496     0.1276
  8.01747     0.6608     0.1302
  8.03289     0.6720     0.1327
  8.04830     0.6844     0.1355
  8.06371     0.7066     0.1411
  8.07913     0.7399     0.1497
  8.09454     0.7741     0.1588
  8.10995     0.8061     0.1674
  8.12537     0.8358     0.1754
  8.14078     0.8631     0.1830
  8.15619     0.8882     0.1901
  8.17161     0.9110     0.1966
  8.18702     0.9315     0.2027
  8.20243     0.9496     0.2083
  8.21785     0.9655     0.2134
  8.23326     0.9791     0.2180
  8.24867     0.9903     0.2221
  8.26409     0.9993     0.2256
  8.27950     1.0060     0.2287
  8.29491     1.0104     0.2314
  8.31033     1.0124     0.2335
  8.32574     1.0122     0.2351
  8.34115     1.0097     0.2362
  8.35657     1.0049     0.2368
  8.37198     0.9978     0.2369
  8.38739     0.9883     0.2366
  8.40281     0.9766     0.2357
  8.41822     0.9626     0.2343
  8.43363     0.9463     0.2325
  8.44905     0.9280     0.2301
  8.46446     0.9086     0.2274
  8.47987     0.8886     0.2244
  8.49529     0.8679     0.2211
  8.51070     0.8467     0.2174
  8.52611     0.8250     0.2135
  8.54153     0.8099     0.2104
  8.55694     0.8076     0.2090
  8.57235     0.8118     0.2086
  8.58777     0.8176     0.2084
  8.60318     0.8251     0.2082
  8.61859     0.8345     0.2083
  8.63401     0.8461     0.2085
  8.64942     0.8600     0.2090
  8.66483     0.8761     0.2097
  8.68025     0.8944     0.2107
  8.69566     0.9161     0.2121
  8.71107     0.9494     0.2159
  8.72649     0.9897     0.2228
  8.74190     1.0263     0.2306
  8.75731     1.0618     0.2384
  8.77273     1.0977     0.2461
  8.78814     1.1338     0.2540
  8.80355     1.1703     0.2618
  8.81897     1.2071     0.2696
  8.83438     1.2442     0.2775
  8.84979     1.2817     0.2854
  8.86521     1.3194     0.2934
  8.88062     1.3575     0.3013
  8.89603     1.3959     0.3093
  8.91145     1.4347     0.3173
  8.92686     1.4737     0.3253
  8.94227     1.5131     0.3334
  8.95769     1.5528     0.3415
  8.97310     1.5928     0.3496
  8.98851     1.6332     0.3577
  9.00393     1.6739     0.3658
  9.01934     1.7149     0.3740
  9.03475     1.7562     0.3822
  9.05017     1.7978     0.3904
  9.06558     1.8398     0.3987
  9.08099     1.8820     0.4069
  9.09641     1.9246     0.4152
  9.11182     1.9676     0.4235
  9.12723     2.0108     0.4319
  9.14265     2.0544     0.4402
  9.15806     2.0983     0.4486
  9.17347     2.1425     0.4570
  9.18889     2.1870     0.4655
  9.20430     2.2516     0.4789
  9.21971     2.4352     0.5227
  9.23513     2.8374     0.6221
  9.25054     3.4732     0.7818
  9.26595     4.0623     0.9428
  9.28137     4.3933     1.0520
  9.29678     4.5869     1.1254
  9.31219     4.7001     1.1738
  9.32761     4.7329     1.1972
  9.34302     4.6854     1.1955
  9.35843     4.5574     1.1688
  9.37385     4.3491     1.1171
  9.38926     4.0676     1.0426
  9.40467     3.7478     0.9565
  9.42009     3.4249     0.8706
  9.43550     3.0920     0.7960
  9.45091     2.7678     0.7268
  9.46633     2.4923     0.6563
  9.48174     2.2609     0.5926
  9.49715     2.0571     0.5352
  9.51257     1.8748     0.4833
  9.52798     1.7124     0.4367
  9.54339     1.5699     0.3953
  9.55881     1.4487     0.3595
  9.57422     1.3575     0.3325
  9.58963     1.3071     0.3177
  9.60505     1.3007     0.3163
  9.62046     1.3290     0.3255
  9.63587     1.3722     0.3392
  9.65129     1.4186     0.3540
  9.66670     1.4675     0.3695
  9.68211     1.5190     0.3859
  9.69753     1.5730     0.4030
  9.71294     1.6296     0.4210
  9.72835     1.6887     0.4397
  9.74377     1.7504     0.4593
  9.75918     1.8146     0.4796
  9.77459     1.8813     0.5008
  9.79001     1.9506     0.5227
  9.80542     2.0225     0.5455
  9.82083     2.0969     0.5690
  9.83625     2.1738     0.5934
  9.85166     2.2533     0.6185
  9.86707     2.3353     0.6445
  9.88249     2.4198     0.6712
  9.89790     2.5066     0.6987
  9.91331     2.5960     0.7270
  9.92873     2.6883     0.7563
  9.94414     2.7836     0.7865
  9.95955     2.8818     0.8177
  9.97497     2.9830     0.8499
  9.99038     3.0871     0.8831
 10.00579     3.1943     0.9172
 10.02121     3.3043     0.9523
 10.03662     3.4174     0.9884
 10.05203     3.5334     1.0254
 10.06745     3.6523     1.0634
 10.08286     3.7742     1.1023
 10.09827     3.8991     1.1423
 10.11369     4.0269     1.1832
 10.12910     4.1577     1.2250
 10.14451     4.2915     1.2679
 10.15993     3.5995     1.0578
 10.17534     2.5233     0.7300
 10.19075     2.1619     0.6209
 10.20617     2.1003     0.6036
 10.22158     2.0946     0.6031
 10.23699     2.1415     0.6186
 10.25241     2.2185     0.6433
 10.26782     2.3004     0.6694
 10.28323     2.3798     0.6948
 10.29865     2.4515     0.7179
 10.31406     2.5096     0.7367
 10.32947     2.5526     0.7508
 10.34489     2.5806     0.7601
 10.36030     2.5935     0.7648
 10.37571     2.5914     0.7648
 10.39113     2.5742     0.7600
 10.40654     2.5421     0.7506
 10.42195     2.4962     0.7369
 10.43737     2.4384     0.7195
 10.45278     2.3694     0.6988
 10.46819     2.2892     0.6745
 10.48361     2.1979     0.6469
 10.49902     2.0954     0.6158
 10.51443     1.9817     0.5813
 10.52985     1.8568     0.5434
 10.54526     1.7225     0.5026
 10.56067     1.6300     0.4750
 10.57609     1.6078     0.4695
 10.59150     1.6147     0.4732
 10.60691     1.7918     0.5298
 10.62233     2.5820     0.7771
 10.63774     3.4272     1.0417
 10.65315     3.5558     1.0837
 10.66857     3.3642     1.0259
 10.68398     3.1809     0.9706
 10.69939     3.0058     0.9178
 10.71481     2.8391     0.8676
 10.73022     2.6807     0.8199
 10.74563     2.5306     0.7747
 10.76105     2.3887     0.7320
 10.77646     2.2552     0.6919
 10.79187     2.1300     0.6542
 10.80729     2.0130     0.6191
 10.82270     1.9044     0.5865
 10.83811     1.8040     0.5564
 10.85353     1.7120     0.5289
 10.86894     1.6283     0.5038
 10.88435     1.5528     0.4813
 10.89977     1.4857     0.4613
 10.91518     1.4268     0.4438
 10.93059     1.3762     0.4289
 10.94601     1.3404     0.4186
 10.96142     1.4073     0.4430
 10.97683     1.5808     0.5033
 10.99225     1.7503     0.5622
 11.00766     1.8826     0.6085
 11.02307     1.9779     0.6422
 11.03849     2.0359     0.6631
 11.05390     2.0593     0.6724
 11.06931     2.0626     0.6748
 11.08473     2.0600     0.6750
 11.10014     2.0536     0.6740
 11.11555     2.0435     0.6715
 11.13097     2.0297     0.6677
 11.14638     2.0121     0.6626
 11.16179     1.9909     0.6561
 11.17721     1.9660     0.6482
 11.19262     1.9373     0.6390
 11.20803     1.9049     0.6285
 11.22345     1.8689     0.6165
 11.23886     1.8291     0.6033
 11.25427     1.7856     0.5886
 11.26969     1.7384     0.5727
 11.28510     1.6875     0.5553
 11.30051     1.6329     0.5366
 11.31593     1.5752     0.5168
 11.33134     1.5175     0.4969
 11.34675     1.4627     0.4780
 11.36217     1.4113     0.4602
 11.37758     1.3633     0.4436
 11.39299     1.3187     0.4281
 11.40841     1.2776     0.4137
 11.42382     1.2398     0.4004
 11.43923     1.2054     0.3883
 11.45465     1.1745     0.3773
 11.47006     1.1469     0.3674
 11.48547     1.1228     0.3587
 11.50089     1.1021     0.3511
 11.51630     1.0851     0.3446
 11.53171     1.0721     0.3394
 11.54713     1.0630     0.3354
 11.56254     1.0579     0.3325
 11.57795     1.0568     0.3309
 11.59337     1.0598     0.3306
 11.60878     1.0667     0.3314
 11.62419     1.0776     0.3334
 11.63961     1.0918     0.3364
 11.65502     1.1075     0.3399
 11.67043     1.1236     0.3434
 11.68585     1.1400     0.3470
 11.70126     1.1568     0.3506
 11.71667     1.1740     0.3544
 11.73209     1.1914     0.3581
 11.74750     1.2092     0.3620
 11.76291     1.2274     0.3659
 11.77833     1.2459     0.3699
 11.79374     1.2647     0.3739
 11.80915     1.2839     0.3780
 11.82457     1.3034     0.3822
 11.83998     1.3232     0.3864
 11.85539     1.3434     0.3907
 11.87081     1.3674     0.3960
 11.88622     1.5381     0.4281
 11.90163     1.9656     0.5100
 11.91705     2.5397     0.6268
 11.93246     3.1791     0.7657
 11.94787     3.8838     0.9270
 11.96329     4.6537     1.1104
 11.97870     5.4889     1.3161
 11.99411     6.3894     1.5440
 12.00953     7.3356     1.7827
 12.02494     8.2893     2.0246
 12.04035     9.2524     2.2856
 12.05577     9.9052     2.4591
 12.07118     9.0548     2.1597
 12.08659     7.3571     1.6233
 12.10201     6.2919     1.3418
 12.11742     5.3527     1.1457
 12.13283     4.5115     0.9667
 12.14825     4.1929     0.8905
 12.16366     4.0711     0.8579
 12.17907     3.8668     0.8165
 12.19449     3.6357     0.7725
 12.20990     3.4119     0.7296
 12.22531     3.1956     0.6880
 12.24073     2.9867     0.6477
 12.25614     2.7851     0.6085
 12.27155     2.5910     0.5706
 12.28697     2.4043     0.5339
 12.30238     2.2249     0.4985
 12.31779     2.0530     0.4643
 12.33321     1.8884     0.4313
 12.34862     1.7313     0.3996
 12.36403     1.5816     0.3690
 12.37945     1.4392     0.3397
 12.39486     1.3043     0.3117
 12.41027     1.1767     0.2849
 12.42569     1.0566     0.2593
 12.44110     0.9438     0.2349
 12.45651     0.8385     0.2118
 12.47193     0.7405     0.1899
 12.48734     0.6500     0.1692
 12.50275     0.5668     0.1498
 12.51817     0.4911     0.1316
 12.53358     0.4227     0.1146
 12.54899     0.3618     0.0988
 12.56441     0.3076     0.0843
 12.57982     0.2589     0.0710
 12.59523     0.2144     0.0588
 12.61065     0.1741     0.0477
 12.62606     0.1380     0.0378
 12.64147     0.1062     0.0291
 12.65689     0.0787     0.0216
 12.67230     0.1320     0.0390
 12.68771     0.5257     0.1621
 12.70313     1.4676     0.4568
 12.71854     2.9824     0.9446
 12.73395     5.1037     1.6533
 12.74937     6.0161     1.8921
 12.76478     5.6438     1.6349
 12.78019     6.5695     1.8387
 12.79561     8.9008     2.5123
 12.81102    11.7485     3.3327
 12.82643    15.0531     4.2833
 12.84185    19.1114     5.4497
 12.85726    23.3360     6.6704
 12.87267    18.8671     5.6619
 12.88809    11.6735     3.9115
 12.90350    11.1973     3.8361
 12.91891    11.6228     3.9679
 12.93433    11.7622     3.9828
 12.94974    11.3745     3.7976
 12.96515     8.2045     2.6419
 12.98057     4.1606     1.2004
 12.99598     2.8633     0.7334
 13.01139     2.8275     0.7119
 13.02681     2.8342     0.7065
 13.04222     2.8480     0.7045
 13.05763     2.8690     0.7061
 13.07305     2.8971     0.7112
 13.08846     2.9324     0.7199
 13.10387     2.9748     0.7320
 13.11929     3.0244     0.7476
 13.13470     3.0811     0.7668
 13.15011     3.1450     0.7895
 13.16553     3.2225     0.8173
 13.18094     3.4362     0.8798
 13.19635     3.5801     0.9211
 13.21177     3.3203     0.8556
 13.22718     2.8589     0.7375
 13.24259     2.4314     0.6290
 13.25801     2.0600     0.5358
 13.27342     1.7447     0.4580
 13.28883     1.4853     0.3956
 13.30425     1.2821     0.3485
 13.31966     1.1348     0.3167
 13.33507     1.0437     0.3003
 13.35049     1.0085     0.2993
 13.36590     1.0294     0.3136
 13.38131     1.1064     0.3433
 13.39673     1.2447     0.3896
 13.41214     1.4870     0.4636
 13.42755     1.9393     0.5949
 13.44297     2.6864     0.8082
 13.45838     3.7445     1.1082
 13.47379     5.1138     1.4949
 13.48921     6.7941     1.9682
 13.50462     8.7855     2.5283
 13.52003     7.4886     2.1930
 13.53545     4.7320     1.4398
 13.55086     4.3711     1.3388
 13.56627     7.2093     2.3902
 13.58169    12.4817     4.3384
 13.59710    15.8016     5.5832
 13.61251    19.9239     7.0916
 13.62793    22.5073     8.1564
 13.64334    17.8220     6.6529
 13.65875    12.7112     4.8466
 13.67417    10.4905     4.0213
 13.68958     8.8834     3.4084
 13.70499     7.8852     3.0106
 13.72041     6.6997     2.5687
 13.73582     5.4715     2.1230
 13.75123     4.4979     1.7675
 13.76665     3.7791     1.5020
 13.78206     3.2894     1.3175
 13.79747     2.9283     1.1774
 13.81289     2.7761     1.1003
 13.82830     3.3377     1.2203
 13.84371     4.9931     1.6284
 13.85913     7.2281     2.1876
 13.87454     8.4548     2.4979
 13.88995     8.3209     2.4784
 13.90537     7.7548     2.3559
 13.92078     7.1211     2.2017
 13.93619     6.5438     2.0419
 13.95161     6.0084     1.8832
 13.96702     5.5010     1.7314
 13.98243     5.0194     1.5871
 13.99785     4.5638     1.4504
 14.01326     4.1342     1.3213
 14.02867     3.7304     1.1998
 14.04409     3.3513     1.0856
 14.05950     2.9949     0.9783
 14.07491     2.8751     0.9560
 14.09033     3.8042     1.3304
 14.10574     5.8986     2.1452
 14.12115     6.0989     2.1882
 14.13657     4.9345     1.6871
 14.15198     4.7774     1.5920
 14.16739     4.7756     1.5558
 14.18281     4.8113     1.5312
 14.19822     4.8845     1.5180
 14.21363     4.9953     1.5164
 14.22905     5.1437     1.5263
 14.24446     5.3297     1.5477
 14.25987     5.5532     1.5806
 14.27529     5.8143     1.6250
 14.29070     6.1130     1.6809
 14.30611     6.4492     1.7483
 14.32153     6.2204     1.6693
 14.33694     4.2307     1.1311
 14.35235     1.6638     0.4458
 14.36777     0.3549     0.0956
 14.38318     0.0148     0.0041
 14.39859     0.0000     0.0000
 14.41401     0.0000     0.0000
 14.42942     0.0000     0.0000
 14.44483     0.0000     0.0000
 14.46025     0.0004     0.0002
 14.47566     0.0258     0.0146
 14.49107     0.1398     0.0794
 14.50649     0.3854     0.2188
 14.52190     0.7660     0.4347
 14.53731     1.2604     0.6936
 14.55273     1.7915     0.9289
 14.56814     2.2944     1.1136
 14.58355     2.7602     1.2538
 14.59897     3.1909     1.3522
 14.61438     3.5994     1.4242
 14.62979     3.9998     1.4867
 14.64521     4.3955     1.5439
 14.66062     4.7838     1.5945
 14.67603     5.1349     1.6295
 14.69145     5.3431     1.6262
 14.70686     5.3091     1.5657
 14.72227     5.0125     1.4444
 14.73769     4.4533     1.2620
 14.75310     3.7449     1.0504
 14.76851     3.1251     0.8722
 14.78393     2.6410     0.7345
 14.79934     2.2150     0.6135
 14.81475     1.8467     0.5091
 14.83017     1.5362     0.4213
 14.84558     1.2834     0.3501
 14.86099     1.0885     0.2955
 14.87641     0.9516     0.2576
 14.89182     0.8957     0.2414
 14.90723     0.9697     0.2582
 14.92265     1.2144     0.3182
 14.93806     1.7072     0.4433
 14.95347     2.5325     0.6575
 14.96889     3.7109     0.9667
 14.98430     5.2424     1.3710
 14.99971     7.1271     1.8702
 15.01513     9.3649     2.4643
 15.03054     8.8787     2.3448
 15.04595     4.9721     1.3263
 15.06137     2.6463     0.7208
 15.07678     2.4412     0.6703
 15.09219     2.2756     0.6279
 15.10761     2.1496     0.5936
 15.12302     2.0632     0.5675
 15.13843     2.0164     0.5497
 15.15385     2.0093     0.5399
 15.16926     2.0418     0.5384
 15.18467     2.1139     0.5450
 15.20009     2.2226     0.5591
 15.21550     2.3586     0.5786
 15.23091     2.5144     0.6018
 15.24633     2.6894     0.6285
 15.26174     2.8836     0.6588
 15.27715     3.0968     0.6926
 15.29257     3.3291     0.7299
 15.30798     3.5805     0.7708
 15.32339     3.8242     0.8117
 15.33881     3.9382     0.8359
 15.35422     3.9213     0.8405
 15.36963     3.8796     0.8377
 15.38505     3.8257     0.8291
 15.40046     3.7597     0.8145
 15.41587     3.6899     0.7945
 15.43129     3.6213     0.7687
 15.44670     3.5407     0.7360
 15.46211     3.4444     0.6982
 15.47753     3.3433     0.6599
 15.49294     3.2429     0.6233
 15.50835     3.1437     0.5885
 15.52377     3.0454     0.5554
 15.53918     2.9481     0.5241
 15.55459     2.8519     0.4946
 15.57001     2.7566     0.4668
 15.58542     2.6599     0.4400
 15.60083     2.5579     0.4128
 15.61625     2.4488     0.3847
 15.63166     2.3390     0.3570
 15.64707     2.2441     0.3329
 15.66249     2.1743     0.3147
 15.67790     2.1302     0.3024
 15.69331     2.1095     0.2956
 15.70873     2.1072     0.2920
 15.72414     2.1253     0.2902
 15.73955     2.1690     0.2903
 15.75497     2.2390     0.2922
 15.77038     2.3352     0.2959
 15.78579     2.4575     0.3015
 15.80121     2.6061     0.3090
 15.81662     2.7809     0.3184
 15.83203     2.9819     0.3296
 15.84745     3.2091     0.3427
 15.86286     3.4625     0.3577
 15.87827     3.8736     0.3891
 15.89369     6.1112     0.6174
 15.90910    16.4827     1.7333
 15.92451    25.4223     2.6783
 15.93993    15.3507     1.6197
 15.95534     6.5890     0.7621
 15.97075     9.1039     1.0836
 15.98617    10.0143     1.1804
 16.00158    10.3584     1.1956
 16.01699    10.4250     1.1982
 16.03241    10.0440     1.1626
 16.04782     9.3250     1.0927
 16.06323     8.5170     1.0167
 16.07865     7.6858     0.9424
 16.09406     6.9854     0.8878
 16.10947     6.5038     0.8622
 16.12489     6.2348     0.8634
 16.14030     6.1725     0.8900
 16.15571     6.3167     0.9420
 16.17113     6.6674     1.0193
 16.18654     7.2246     1.1220
 16.20195    10.1917     1.5622
 16.21737    14.5835     2.1569
 16.23278    13.1037     1.8682
 16.24819     7.5726     1.0208
 16.26361     3.9095     0.4809
 16.27902     1.8786     0.2033
 16.29443     1.1523     0.1033
 16.30985     5.5504     0.4892
 16.32526    11.4294     1.0115
 16.34067    13.2896     1.1641
 16.35609    13.6619     1.1825
 16.37150    13.0139     1.1094
 16.38691    11.3598     0.9463
 16.40233     9.0561     0.7291
 16.41774     6.7741     0.5234
 16.43315     4.7956     0.3536
 16.44857     2.5476     0.1924
 16.46398     1.0059     0.0929
 16.47939     0.8353     0.0741
 16.49481     0.9386     0.0714
 16.51022     1.0546     0.0746
 16.52563     1.1805     0.0825
 16.54105     1.3091     0.0924
 16.55646     1.4357     0.1023
 16.57187     1.5599     0.1122
 16.58729     1.6816     0.1219
 16.60270     1.8008     0.1314
 16.61811     1.9176     0.1409
 16.63353     2.0319     0.1503
 16.64894     2.1438     0.1596
 16.66435     2.2532     0.1687
 16.67977     2.3602     0.1777
 16.69518     2.4647     0.1867
 16.71059     2.5667     0.1955
 16.72601     2.6664     0.2042
 16.74142     2.7635     0.2128
 16.75683     2.8582     0.2212
 16.77225     2.9504     0.2296
 16.78766     3.0402     0.2379
 16.80307     3.1283     0.2461
 16.81849     3.2240     0.2552
 16.83390     3.3409     0.2667
 16.84931     3.4842     0.2810
 16.86473     3.6541     0.2982
 16.88014     3.8504     0.3182
 16.89555     4.0732     0.3410
 16.91097     6.2026     0.5346
 16.92638     8.4881     0.7524
 16.94179     5.0012     0.4580
 16.95721     1.4331     0.1475
 16.97262     1.8899     0.1955
 16.98803     2.4877     0.2587
 17.00345     3.2269     0.3372
 17.01886     4.1072     0.4310
 17.03427     5.1691     0.5444
 17.04969     8.0568     0.8597
 17.06510    10.0510     1.0858
 17.08051     8.9823     0.9803
 17.09593     7.5222     0.8277
 17.11134     6.2397     0.6930
 17.12675     5.1863     0.5827
 17.14217     4.3621     0.4970
 17.15758     3.7671     0.4358
 17.17299     3.4022     0.3993
 17.18841     3.2585     0.3865
 17.20382     3.2567     0.3893
 17.21923     3.3029     0.3978
 17.23465     3.3729     0.4096
 17.25006     3.4666     0.4245
 17.26547     3.5839     0.4427
 17.28089     3.7242     0.4640
 17.29630     3.8827     0.4876
 17.31171     4.0188     0.5086
 17.32713     4.0542     0.5180
 17.34254     4.0419     0.5223
 17.35795     4.0801     0.5331
 17.37337     4.1724     0.5508
 17.38878     4.3183     0.5755
 17.40419     4.5177     0.6073
 17.41961     4.8390     0.6562
 17.43502     5.2824     0.7224
 17.45043     5.6699     0.7799
 17.46585     5.8903     0.8128
 17.48126     5.9433     0.8209
 17.49667     5.8288     0.8043
 17.51209     5.5468     0.7630
 17.52750     5.1031     0.6977
 17.54291     4.5998     0.6235
 17.55833     4.2142     0.5664
 17.57374     4.0299     0.5385
 17.58915     4.0384     0.5388
 17.60457     4.1666     0.5566
 17.61998     4.3293     0.5794
 17.63539     4.5036     0.6041
 17.65081     4.6889     0.6307
 17.66622     4.8823     0.6600
 17.68163     5.0831     0.6928
 17.69705     5.2909     0.7289
 17.71246     5.3989     0.7509
 17.72787     5.2892     0.7384
 17.74329     5.0728     0.7082
 17.75870     4.8682     0.6793
 17.77411     4.6606     0.6500
 17.78953     4.4502     0.6203
 17.80494     4.2476     0.5915
 17.82035     4.0536     0.5636
 17.83577     3.8682     0.5366
 17.85118     3.6913     0.5107
 17.86659     3.5230     0.4856
 17.88201     3.3634     0.4616
 17.89742     3.2150     0.4389
 17.91283     3.0815     0.4180
 17.92825     2.9637     0.3991
 17.94366     2.8612     0.3821
 17.95907     2.7743     0.3671
 17.97449     2.7031     0.3542
 17.98990     2.6474     0.3433
 18.00531     2.6073     0.3343
 18.02073     2.5828     0.3274
 18.03614     2.5739     0.3225
 18.05155     2.5806     0.3195
 18.06697     2.6029     0.3186
 18.08238     2.6408     0.3197
 18.09779     2.6991     0.3235
 18.11321     2.7920     0.3322
 18.12862     3.1779     0.3738
 18.14403     9.8300     1.1028
 18.15945    13.3970     1.5176
 18.17486     7.6781     0.9356
 18.19027     4.6243     0.6210
 18.20569     4.4449     0.5993
 18.22110     4.2718     0.5784
 18.23651     4.1052     0.5584
 18.25193     3.9449     0.5392
 18.26734     3.7910     0.5208
 18.28275     3.6435     0.5033
 18.29817     3.5023     0.4867
 18.31358     3.3676     0.4709
 18.32899     3.2392     0.4560
 18.34441     3.1173     0.4420
 18.35982     3.0017     0.4287
 18.37523     2.8925     0.4164
 18.39065     2.7897     0.4049
 18.40606     2.6932     0.3942
 18.42147     2.6032     0.3844
 18.43689     2.5195     0.3755
 18.45230     2.4423     0.3674
 18.46771     2.3714     0.3601
 18.48313     2.3069     0.3538
 18.49854     2.2488     0.3482
 18.51395     2.1970     0.3435
 18.52937     2.1517     0.3397
 18.54478     2.1122     0.3367
 18.56019     2.0758     0.3340
 18.57561     2.0399     0.3312
 18.59102     2.0402     0.3336
 18.60643     2.3904     0.3884
 18.62185     2.9949     0.4813
 18.63726     3.3780     0.5411
 18.65267     3.5121     0.5636
 18.66809     3.5519     0.5719
 18.68350     3.5811     0.5784
 18.69891     3.6034     0.5838
 18.71433     3.6190     0.5881
 18.72974     3.6280     0.5914
 18.74515     3.6305     0.5935
 18.76057     3.6267     0.5947
 18.77598     3.6167     0.5949
 18.79139     3.6005     0.5942
 18.80681     3.5782     0.5925
 18.82222     3.5498     0.5898
 18.83763     3.5152     0.5862
 18.85305     3.4745     0.5816
 18.86846     3.4277     0.5761
 18.88387     3.3747     0.5697
 18.89929     3.3156     0.5623
 18.91470     3.2504     0.5539
 18.93011     3.1791     0.5446
 18.94553     3.1016     0.5344
 18.96094     3.0180     0.5232
 18.97635     2.9283     0.5110
 18.99177     2.8324     0.4979
 19.00718     2.7304     0.4839
 19.02259     2.6223     0.4689
 19.03801     2.5081     0.4530
 19.05342     2.3889     0.4362
 19.06883     2.2743     0.4202
 19.08425     2.1766     0.4066
 19.09966     2.0997     0.3961
 19.11507     2.0437     0.3886
 19.13049     2.0080     0.3842
 19.14590     1.9876     0.3821
 19.16131     1.9762     0.3816
 19.17673     1.9730     0.3830
 19.19214     1.9788     0.3865
 19.20755     1.9935     0.3920
 19.22297     1.9999     0.3954
 19.23838     1.9856     0.3935
 19.25379     1.9696     0.3912
 19.26921     1.9668     0.3920
 19.28462     1.9775     0.3960
 19.30003     2.0007     0.4029
 19.31545     1.9788     0.3981
 19.33086     1.8791     0.3731
 19.34627     1.7601     0.3430
 19.36169     1.6568     0.3166
 19.37710     1.5690     0.2941
 19.39251     1.4969     0.2754
 19.40793     1.4403     0.2605
 19.42334     1.3992     0.2493
 19.43875     1.3731     0.2418
 19.45417     1.3607     0.2377
 19.46958     1.3604     0.2366
 19.48499     1.3709     0.2381
 19.50041     1.3855     0.2406
 19.51582     1.3964     0.2419
 19.53123     1.4049     0.2415
 19.54665     1.4144     0.2399
 19.56206     1.4260     0.2374
 19.57747     1.4429     0.2344
 19.59289     1.4814     0.2332
 19.60830     1.5976     0.2429
 19.62371     1.8022     0.2656
 19.63913     2.0066     0.2858
 19.65454     2.1872     0.3003
 19.66995     2.3772     0.3161
 19.68537     2.5765     0.3332
 19.70078     2.7853     0.3515
 19.71619     3.0034     0.3710
 19.73161     3.2309     0.3918
 19.74702     3.4677     0.4138
 19.76243     3.7089     0.4351
 19.77785     3.8850     0.4438
 19.79326     3.8857     0.4323
 19.80867     3.6715     0.4032
 19.82409     3.3207     0.3635
 19.83950     2.9484     0.3228
 19.85491     2.5977     0.2844
 19.87033     2.2693     0.2484
 19.88574     1.9638     0.2150
 19.90115     1.6953     0.1865
 19.91657     1.4699     0.1639
 19.93198     1.2749     0.1449
 19.94739     1.1047     0.1287
 19.96281     0.9594     0.1153
 19.97822     0.8390     0.1046
 19.99363     0.7503     0.0980
 20.00905     0.7384     0.1029
 20.02446     0.8545     0.1281
 20.03987     1.1121     0.1760
 20.05529     1.5109     0.2465
 20.07070     1.9078     0.3141
 20.08611     2.0231     0.3298
 20.10153     1.9359     0.3088
 20.11694     1.8627     0.2907
 20.13235     1.8039     0.2758
 20.14777     1.7596     0.2642
 20.16318     1.7297     0.2557
 20.17859     1.7142     0.2505
 20.19401     1.7106     0.2479
 20.20942     1.7117     0.2465
 20.22483     1.7134     0.2452
 20.24025     1.7156     0.2439
 20.25566     1.7186     0.2428
 20.27107     1.7223     0.2418
 20.28649     1.7268     0.2409
 20.30190     1.7320     0.2401
 20.31731     1.7379     0.2394
 20.33273     1.7446     0.2389
 20.34814     1.7521     0.2384
 20.36355     1.7602     0.2380
 20.37897     1.7692     0.2378
 20.39438     1.7788     0.2376
 20.40979     1.7892     0.2376
 20.42521     1.8003     0.2377
 20.44062     1.8122     0.2379
 20.45603     1.8248     0.2381
 20.47145     1.8382     0.2385
 20.48686     1.8523     0.2391
 20.50227     1.8671     0.2397
 20.51769     1.8827     0.2404
 20.53310     1.8990     0.2412
 20.54851     1.9161     0.2422
 20.56393     1.9339     0.2432
 20.57934     1.9525     0.2444
 20.59475     1.9718     0.2456
 20.61017     1.9911     0.2469
 20.62558     1.9989     0.2470
 20.64099     1.9856     0.2448
 20.65641     1.9803     0.2439
 20.67182     1.9970     0.2458
 20.68723     2.0166     0.2480
 20.70265     2.0337     0.2498
 20.71806     2.0484     0.2513
 20.73347     2.0608     0.2525
 20.74889     2.0707     0.2533
 20.76430     2.0782     0.2538
 20.77971     2.0833     0.2540
 20.79513     2.0860     0.2538
 20.81054     2.0863     0.2533
 20.82595     2.0843     0.2525
 20.84137     2.0811     0.2514
 20.85678     2.0790     0.2504
 20.87219     2.0792     0.2497
 20.88761     2.0817     0.2491
 20.90302     2.0865     0.2487
 20.91843     2.0937     0.2486
 20.93385     2.1031     0.2486
 20.94926     2.1149     0.2489
 20.96467     2.1289     0.2494
 20.98009     2.1453     0.2500
 20.99550     2.1640     0.2509
 21.01091     2.1863     0.2521
 21.02633     2.7366     0.3082
 21.04174     5.8850     0.6358
 21.05715     8.4652     0.9278
 21.07257     7.1571     0.8083
 21.08798     4.9378     0.5629
 21.10339     3.2612     0.3738
 21.11881     1.9950     0.2311
 21.13422     1.1369     0.1344
 21.14963     0.6838     0.0834
 21.16505     0.5475     0.0681
 21.18046     0.5336     0.0666
 21.19587     0.5272     0.0659
 21.21129     0.5219     0.0654
 21.22670     0.5178     0.0650
 21.24211     0.5149     0.0647
 21.25753     0.5132     0.0646
 21.27294     0.5126     0.0646
 21.28835     0.5133     0.0647
 21.30377     0.5151     0.0649
 21.31918     0.5181     0.0653
 21.33459     0.5223     0.0657
 21.35001     0.5277     0.0664
 21.36542     0.5342     0.0671
 21.38083     0.5417     0.0679
 21.39625     0.5497     0.0688
 21.41166     0.5581     0.0698
 21.42707     0.5670     0.0708
 21.44249     0.5762     0.0718
 21.45790     0.5858     0.0729
 21.47331     0.5959     0.0740
 21.48873     0.6064     0.0752
 21.50414     0.6172     0.0764
 21.51955     0.6285     0.0776
 21.53497     0.6402     0.0789
 21.55038     0.6523     0.0803
 21.56579     0.6648     0.0817
 21.58121     0.6777     0.0831
 21.59662     0.6910     0.0846
 21.61203     0.7047     0.0861
 21.62745     0.7188     0.0877
 21.64286     0.7333     0.0893
 21.65827     0.7482     0.0909
 21.67369     0.7636     0.0926
 21.68910     0.7793     0.0944
 21.70451     0.7954     0.0961
 21.71993     0.8114     0.0979
 21.73534     0.8277     0.0997
 21.75075     0.8449     0.1014
 21.76617     0.8634     0.1033
 21.78158     0.8834     0.1052
 21.79699     0.9048     0.1071
 21.81241     0.9276     0.1091
 21.82782     0.9518     0.1112
 21.84323     0.9774     0.1134
 21.85865     1.0044     0.1156
 21.87406     1.0328     0.1179
 21.88947     1.0627     0.1203
 21.90489     1.0940     0.1227
 21.92030     1.1267     0.1252
 21.93571     1.1608     0.1277
 21.95113     1.1963     0.1303
 21.96654     1.2332     0.1330
 21.98195     1.2715     0.1358
 21.99737     1.3113     0.1386
 22.01278     1.3525     0.1414
 22.02819     1.3951     0.1444
 22.04361     1.4391     0.1474
 22.05902     1.4845     0.1505
 22.07443     1.5313     0.1536
 22.08985     1.5795     0.1568
 22.10526     1.6292     0.1601
 22.12067     1.6803     0.1634
 22.13609     1.7328     0.1668
 22.15150     1.7867     0.1703
 22.16691     1.8420     0.1738
 22.18233     1.8987     0.1774
 22.19774     1.9568     0.1810
 22.21315     2.0155     0.1847
 22.22857     2.0694     0.1879
 22.24398     2.1131     0.1903
 22.25939     2.1454     0.1917
 22.27481     2.1662     0.1922
 22.29022     2.1756     0.1917
 22.30563     2.1735     0.1902
 22.32105     2.1600     0.1878
 22.33646     2.1351     0.1845
 22.35187     2.0994     0.1802
 22.36729     2.0535     0.1751
 22.38270     1.9977     0.1691
 22.39811     1.9317     0.1623
 22.41353     1.8558     0.1546
 22.42894     1.7721     0.1464
 22.44435     1.6908     0.1390
 22.45977     1.6112     0.1323
 22.47518     1.5235     0.1250
 22.49059     1.4267     0.1170
 22.50601     1.3208     0.1083
 22.52142     1.2057     0.0988
 22.53683     1.0815     0.0886
 22.55225     0.9811     0.0803
 22.56766     0.9406     0.0769
 22.58307     0.9330     0.0762
 22.59849     0.9278     0.0756
 22.61390     0.9251     0.0753
 22.62931     0.9248     0.0751
 22.64473     0.9269     0.0750
 22.66014     0.9315     0.0752
 22.67555     0.9385     0.0755
 22.69097     0.9479     0.0760
 22.70638     0.9597     0.0767
 22.72179     0.9740     0.0775
 22.73721     0.9907     0.0786
 22.75262     1.0099     0.0798
 22.76803     1.0310     0.0811
 22.78345     1.0534     0.0826
 22.79886     1.0766     0.0840
 22.81427     1.1004     0.0855
 22.82969     1.1249     0.0871
 22.84510     1.1502     0.0886
 22.86051     1.1761     0.0903
 22.87593     1.2027     0.0919
 22.89134     1.2301     0.0936
 22.90675     1.2549     0.0951
 22.92217     1.2743     0.0961
 22.93758     1.2916     0.0969
 22.95299     1.3096     0.0978
 22.96841     1.3284     0.0987
 22.98382     1.3480     0.0996
 22.99923     1.3684     0.1007
