% rows 2967 cols 3
-22.72030     0.0000     0.0000
-22.70488     0.0000     0.0000
-22.68947     0.0000     0.0000
-22.67406     0.0000     0.0000
-22.65864     0.0000     0.0000
-22.64323     0.0000     0.0000
-22.62782     0.0000     0.0000
-22.61240     0.0000     0.0000
-22.59699     0.0000     0.0000
-22.58158     0.0000     0.0000
-22.56616     0.0000     0.0000
-22.55075     0.0000     0.0000
-22.53534     0.0000     0.0000
-22.51992     0.0000     0.0000
-22.50451     0.0000     0.0000
-22.48910     0.0000     0.0000
-22.47368     0.0000     0.0000
-22.45827     0.0000     0.0000
-22.44286     0.0000     0.0000
-22.42744     0.0000     0.0000
-22.41203     0.0000     0.0000
-22.39662     0.0000     0.0000
-22.38120     0.0000     0.0000
-22.36579     0.0000     0.0000
-22.35038     0.0000     0.0000
-22.33496     0.0000     0.0000
-22.31955     0.0000     0.0000
-22.30414     0.0000     0.0000
-22.28872     0.0000     0.0000
-22.27331     0.0000     0.0000
-22.25790     0.0000     0.0000
-22.24248     0.0000     0.0000
-22.22707     0.0000     0.0000
-22.21166     0.0000     0.0000
-22.19624     0.0000     0.0000
-22.18083     0.0000     0.0000
-22.16542     0.0000     0.0000
-22.15000     0.0000     0.0000
-22.13459     0.0000     0.0000
-22.11918     0.0000     0.0000
-22.10376     0.0000     0.0000
-22.08835     0.0000     0.0000
-22.07294     0.0000     0.0000
-22.05752     0.0000     0.0000
-22.04211     0.0000     0.0000
-22.02670     0.0000     0.0000
-22.01128     0.0000     0.0000
-21.99587     0.0000     0.0000
-21.98046     0.0000     0.0000
-21.96504     0.0000     0.0000
-21.94963     0.0000     0.0000
-21.93422     0.0000     0.0000
-21.91880     0.0000     0.0000
-21.90339     0.0000     0.0000
-21.88798     0.0000     0.0000
-21.87256     0.0000     0.0000
-21.85715     0.0000     0.0000
-21.84174     0.0000     0.0000
-21.82632     0.0000     0.0000
-21.81091     0.0000     0.0000
-21.79550     0.0000     0.0000
-21.78008     0.0000     0.0000
-21.76467     0.0000     0.0000
-21.74926     0.0000     0.0000
-21.73384     0.0000     0.0000
-21.71843     0.0000     0.0000
-21.70302     0.0000     0.0000
-21.68760     0.0000     0.0000
-21.67219     0.0000     0.0000
-21.65678     0.0000     0.0000
-21.64136     0.0000     0.0000
-21.62595     0.0000     0.0000
-21.61054     0.0000     0.0000
-21.59512     0.0000     0.0000
-21.57971     0.0000     0.0000
-21.56430     0.0000     0.0000
-21.54888     0.0000     0.0000
-21.53347     0.0000     0.0000
-21.51806     0.0000     0.0000
-21.50264     0.0000     0.0000
-21.48723     0.0000     0.0000
-21.47182     0.0000     0.0000
-21.45640     0.0000     0.0000
-21.44099     0.0000     0.0000
-21.42558     0.0000     0.0000
-21.41016     0.0000     0.0000
-21.39475     0.0000     0.0000
-21.37934     0.0000     0.0000
-21.36392     0.0000     0.0000
-21.34851     0.0000     0.0000
-21.33310     0.0000     0.0000
-21.31768     0.0000     0.0000
-21.30227     0.0000     0.0000
-21.28686     0.0000     0.0000
-21.27144     0.0000     0.0000
-21.25603     0.0000     0.0000
-21.24062     0.0000     0.0000
-21.22520     0.0000     0.0000
-21.20979     0.0000     0.0000
-21.19438     0.0000     0.0000
-21.17896     0.0000     0.0000
-21.16355     0.0000     0.0000
-21.14814     0.0000     0.0000
-21.13272     0.0000     0.0000
-21.11731     0.0000     0.0000
-21.10190     0.0000     0.0000
-21.08648     0.0000     0.0000
-21.07107     0.0000     0.0000
-21.05566     0.0000     0.0000
-21.04024     0.0000     0.0000
-21.02483     0.0000     0.0000
-21.00942     0.0000     0.0000
-20.99400     0.0000     0.0000
-20.97859     0.0000     0.0000
-20.96318     0.0000     0.0000
-20.94776     0.0000     0.0000
-20.93235     0.0000     0.0000
-20.91694     0.0000     0.0000
-20.90152     0.0000     0.0000
-20.88611     0.0000     0.0000
-20.87070     0.0000     0.0000
-20.85528     0.0000     0.0000
-20.83987     0.0000     0.0000
-20.82446     0.0000     0.0000
-20.80904     0.0000     0.0000
-20.79363     0.0000     0.0000
-20.77822     0.0000     0.0000
-20.76280     0.0000     0.0000
-20.74739     0.0000     0.0000
-20.73198     0.0000     0.0000
-20.71656     0.0000     0.0000
-20.70115     0.0000     0.0000
-20.68574     0.0000     0.0000
-20.67032     0.0000     0.0000
-20.65491     0.0000     0.0000
-20.63950     0.0000     0.0000
-20.62408     0.0000     0.0000
-20.60867     0.0000     0.0000
-20.59326     0.0000     0.0000
-20.57784     0.0000     0.0000
-20.56243     0.0000     0.0000
-20.54702     0.0000     0.0000
-20.53160     0.0000     0.0000
-20.51619     0.0000     0.0000
-20.50078     0.0000     0.0000
-20.48536     0.0000     0.0000
-20.46995     0.0000     0.0000
-20.45454     0.0000     0.0000
-20.43912     0.0000     0.0000
-20.42371     0.0000     0.0000
-20.40830     0.0000     0.0000
-20.39288     0.0000     0.0000
-20.37747     0.0000     0.0000
-20.36206     0.0000     0.0000
-20.34664     0.0000     0.0000
-20.33123     0.0000     0.0000
-20.31582     0.0000     0.0000
-20.30040     0.0000     0.0000
-20.28499     0.0000     0.0000
-20.26958     0.0000     0.0000
-20.25416     0.0000     0.0000
-20.23875     0.0000     0.0000
-20.22334     0.0000     0.0000
-20.20792     0.0000     0.0000
-20.19251     0.0000     0.0000
-20.17710     0.0000     0.0000
-20.16168     0.0000     0.0000
-20.14627     0.0000     0.0000
-20.13086     0.0000     0.0000
-20.11544     0.0000     0.0000
-20.10003     0.0000     0.0000
-20.08462     0.0000     0.0000
-20.06920     0.0000     0.0000
-20.05379     0.0000     0.0000
-20.03838     0.0000     0.0000
-20.02296     0.0000     0.0000
-20.00755     0.0000     0.0000
-19.99214     0.0000     0.0000
-19.97672     0.0000     0.0000
-19.96131     0.0000     0.0000
-19.94590     0.0000     0.0000
-19.93048     0.0000     0.0000
-19.91507     0.0000     0.0000
-19.89966     0.0000     0.0000
-19.88424     0.0000     0.0000
-19.86883     0.0000     0.0000
-19.85342     0.0000     0.0000
-19.83800     0.0000     0.0000
-19.82259     0.0000     0.0000
-19.80718     0.0000     0.0000
-19.79176     0.0000     0.0000
-19.77635     0.0000     0.0000
-19.76094     0.0000     0.0000
-19.74552     0.0000     0.0000
-19.73011     0.0000     0.0000
-19.71470     0.0000     0.0000
-19.69928     0.0000     0.0000
-19.68387     0.0000     0.0000
-19.66846     0.0000     0.0000
-19.65304     0.0000     0.0000
-19.63763     0.0000     0.0000
-19.62222     0.0000     0.0000
-19.60680     0.0000     0.0000
-19.59139     0.0000     0.0000
-19.57598     0.0000     0.0000
-19.56056     0.0000     0.0000
-19.54515     0.0000     0.0000
-19.52974     0.0014     0.0000
-19.51432     0.0105     0.0001
-19.49891     0.0299     0.0003
-19.48350     0.0565     0.0005
-19.46808     0.0891     0.0008
-19.45267     0.1273     0.0012
-19.43726     0.1709     0.0016
-19.42184     0.2205     0.0021
-19.40643     0.2786     0.0027
-19.39102     0.3435     0.0033
-19.37560     0.4101     0.0040
-19.36019     0.4765     0.0047
-19.34478     0.5108     0.0051
-19.32936     0.5160     0.0052
-19.31395     0.5259     0.0054
-19.29854     0.5384     0.0056
-19.28312     0.5498     0.0057
-19.26771     0.5566     0.0058
-19.25230     0.5558     0.0058
-19.23688     0.5436     0.0057
-19.22147     0.5107     0.0053
-19.20606     0.4903     0.0051
-19.19064     0.4975     0.0052
-19.17523     0.5056     0.0053
-19.15982     0.5137     0.0053
-19.14440     0.5218     0.0054
-19.12899     0.5300     0.0055
-19.11358     0.5381     0.0056
-19.09816     0.5462     0.0057
-19.08275     0.5543     0.0058
-19.06734     0.5624     0.0059
-19.05192     0.5706     0.0059
-19.03651     0.5787     0.0060
-19.02110     0.5868     0.0061
-19.00568     0.5945     0.0062
-18.99027     0.6015     0.0063
-18.97486     0.6078     0.0063
-18.95944     0.6137     0.0064
-18.94403     0.6191     0.0064
-18.92862     0.6242     0.0065
-18.91320     0.6289     0.0065
-18.89779     0.6332     0.0066
-18.88238     0.6368     0.0066
-18.86696     0.6400     0.0066
-18.85155     0.6435     0.0066
-18.83614     0.6475     0.0066
-18.82072     0.6519     0.0067
-18.80531     0.6566     0.0067
-18.78990     0.6616     0.0067
-18.77448     0.6668     0.0067
-18.75907     0.6724     0.0068
-18.74366     0.6783     0.0068
-18.72824     0.6847     0.0068
-18.71283     0.6914     0.0069
-18.69742     0.6982     0.0069
-18.68200     0.7050     0.0070
-18.66659     0.7118     0.0070
-18.65118     0.7186     0.0071
-18.63576     0.7254     0.0071
-18.62035     0.7322     0.0072
-18.60494     0.7390     0.0072
-18.58952     0.7458     0.0073
-18.57411     0.7526     0.0073
-18.55870     0.7594     0.0074
-18.54328     0.7663     0.0074
-18.52787     0.7731     0.0074
-18.51246     0.7799     0.0075
-18.49704     0.7867     0.0075
-18.48163     0.7967     0.0076
-18.46622     0.8131     0.0077
-18.45080     0.8320     0.0078
-18.43539     0.8500     0.0079
-18.41998     0.8682     0.0080
-18.40456     0.8873     0.0080
-18.38915     0.9080     0.0081
-18.37374     0.9308     0.0082
-18.35832     0.9575     0.0084
-18.34291     0.9846     0.0085
-18.32750     1.0068     0.0086
-18.31208     1.0267     0.0087
-18.29667     1.0466     0.0087
-18.28126     1.0666     0.0088
-18.26584     1.0865     0.0089
-18.25043     1.1065     0.0090
-18.23502     1.1266     0.0090
-18.21960     1.1470     0.0091
-18.20419     1.1678     0.0092
-18.18878     1.1892     0.0092
-18.17336     1.2113     0.0093
-18.15795     1.2349     0.0094
-18.14254     1.2599     0.0095
-18.12712     1.2857     0.0096
-18.11171     1.3115     0.0097
-18.09630     1.3374     0.0097
-18.08088     1.3633     0.0098
-18.06547     1.3893     0.0099
-18.05006     1.4153     0.0100
-18.03464     1.4424     0.0100
-18.01923     1.4872     0.0102
-18.00382     1.5674     0.0105
-17.98840     1.6858     0.0110
-17.97299     1.8844     0.0119
-17.95758     2.2689     0.0139
-17.94216     2.9914     0.0172
-17.92675     3.8443     0.0204
-17.91134     4.3441     0.0215
-17.89592     4.2987     0.0202
-17.88051     3.6494     0.0156
-17.86510     3.0941     0.0115
-17.84968     3.0690     0.0103
-17.83427     3.1799     0.0097
-17.81886     3.3547     0.0094
-17.80344     3.5900     0.0091
-17.78803     3.8684     0.0090
-17.77262     4.3394     0.0094
-17.75720     7.3629     0.0185
-17.74179     9.6740     0.0262
-17.72638     9.4289     0.0255
-17.71096    10.2228     0.0294
-17.69555    12.3190     0.0393
-17.68014    13.1283     0.0435
-17.66472    10.9690     0.0351
-17.64931     8.9476     0.0271
-17.63390     7.8245     0.0230
-17.61848     5.3705     0.0156
-17.60307     1.7707     0.0051
-17.58766     0.0004     0.0000
-17.57224     0.0000     0.0000
-17.55683     0.0000     0.0000
-17.54142     0.0000     0.0000
-17.52600     0.0000     0.0000
-17.51059     0.0000     0.0000
-17.49518     0.0000     0.0000
-17.47976     0.0000     0.0000
-17.46435     0.0000     0.0000
-17.44894     0.0000     0.0000
-17.43352     0.0000     0.0000
-17.41811     0.0000     0.0000
-17.40270     0.0000     0.0000
-17.38728     0.0000     0.0000
-17.37187     0.0000     0.0000
-17.35646     0.0000     0.0000
-17.34104     0.0000     0.0000
-17.32563     0.0000     0.0000
-17.31022     0.0000     0.0000
-17.29480     0.0000     0.0000
-17.27939     0.0000     0.0000
-17.26398     0.0000     0.0000
-17.24856     0.0000     0.0000
-17.23315     0.0000     0.0000
-17.21774     0.0000     0.0000
-17.20232     0.0000     0.0000
-17.18691     0.0000     0.0000
-17.17150     0.0000     0.0000
-17.15608     0.0000     0.0000
-17.14067     0.0000     0.0000
-17.12526     0.0000     0.0000
-17.10984     0.0000     0.0000
-17.09443     0.0000     0.0000
-17.07902     0.0000     0.0000
-17.06360     0.0000     0.0000
-17.04819     0.0000     0.0000
-17.03278     0.0000     0.0000
-17.01736     0.0000     0.0000
-17.00195     0.0000     0.0000
-16.98654     0.0000     0.0000
-16.97112     0.0000     0.0000
-16.95571     0.0000     0.0000
-16.94030     0.0000     0.0000
-16.92488     0.0000     0.0000
-16.90947     0.0000     0.0000
-16.89406     0.0000     0.0000
-16.87864     0.0000     0.0000
-16.86323     0.0000     0.0000
-16.84782     0.0000     0.0000
-16.83240     0.0000     0.0000
-16.81699     0.0000     0.0000
-16.80158     0.0000     0.0000
-16.78616     0.0000     0.0000
-16.77075     0.0000     0.0000
-16.75534     0.0000     0.0000
-16.73992     0.0000     0.0000
-16.72451     0.0000     0.0000
-16.70910     0.0000     0.0000
-16.69368     0.0000     0.0000
-16.67827     0.0000     0.0000
-16.66286     0.0000     0.0000
-16.64744     0.0000     0.0000
-16.63203     0.0000     0.0000
-16.61662     0.0000     0.0000
-16.60120     0.0000     0.0000
-16.58579     0.0000     0.0000
-16.57038     0.0000     0.0000
-16.55496     0.0000     0.0000
-16.53955     0.0000     0.0000
-16.52414     0.0000     0.0000
-16.50872     0.0000     0.0000
-16.49331     0.0000     0.0000
-16.47790     0.0000     0.0000
-16.46248     0.0000     0.0000
-16.44707     0.0000     0.0000
-16.43166     0.0000     0.0000
-16.41624     0.0000     0.0000
-16.40083     0.0000     0.0000
-16.38542     0.0000     0.0000
-16.37000     0.0000     0.0000
-16.35459     0.0000     0.0000
-16.33918     0.0000     0.0000
-16.32376     0.0000     0.0000
-16.30835     0.0000     0.0000
-16.29294     0.0000     0.0000
-16.27752     0.0000     0.0000
-16.26211     0.0000     0.0000
-16.24670     0.0000     0.0000
-16.23128     0.0000     0.0000
-16.21587     0.0000     0.0000
-16.20046     0.0000     0.0000
-16.18504     0.0000     0.0000
-16.16963     0.0000     0.0000
-16.15422     0.0000     0.0000
-16.13880     0.0000     0.0000
-16.12339     0.0000     0.0000
-16.10798     0.0000     0.0000
-16.09256     0.0000     0.0000
-16.07715     0.0000     0.0000
-16.06174     0.0000     0.0000
-16.04632     0.0000     0.0000
-16.03091     0.0000     0.0000
-16.01550     0.0000     0.0000
-16.00008     0.0000     0.0000
-15.98467     0.0000     0.0000
-15.96926     0.0000     0.0000
-15.95384     0.0000     0.0000
-15.93843     0.0000     0.0000
-15.92302     0.0000     0.0000
-15.90760     0.0000     0.0000
-15.89219     0.0000     0.0000
-15.87678     0.0000     0.0000
-15.86136     0.0000     0.0000
-15.84595     0.0000     0.0000
-15.83054     0.0000     0.0000
-15.81512     0.0000     0.0000
-15.79971     0.0000     0.0000
-15.78430     0.0000     0.0000
-15.76888     0.0000     0.0000
-15.75347     0.0000     0.0000
-15.73806     0.0000     0.0000
-15.72264     0.0000     0.0000
-15.70723     0.0000     0.0000
-15.69182     0.0000     0.0000
-15.67640     0.0000     0.0000
-15.66099     0.0000     0.0000
-15.64558     0.0000     0.0000
-15.63016     0.0000     0.0000
-15.61475     0.0000     0.0000
-15.59934     0.0000     0.0000
-15.58392     0.0000     0.0000
-15.56851     0.0000     0.0000
-15.55310     0.0000     0.0000
-15.53768     0.0000     0.0000
-15.52227     0.0000     0.0000
-15.50686     0.0000     0.0000
-15.49144     0.0000     0.0000
-15.47603     0.0000     0.0000
-15.46062     0.0000     0.0000
-15.44520     0.0000     0.0000
-15.42979     0.0000     0.0000
-15.41438     0.0000     0.0000
-15.39896     0.0000     0.0000
-15.38355     0.0000     0.0000
-15.36814     0.0000     0.0000
-15.35272     0.0000     0.0000
-15.33731     0.0000     0.0000
-15.32190     0.0000     0.0000
-15.30648     0.0000     0.0000
-15.29107     0.0000     0.0000
-15.27566     0.0000     0.0000
-15.26024     0.0000     0.0000
-15.24483     0.0000     0.0000
-15.22942     0.0000     0.0000
-15.21400     0.0000     0.0000
-15.19859     0.0000     0.0000
-15.18318     0.0000     0.0000
-15.16776     0.0000     0.0000
-15.15235     0.0000     0.0000
-15.13694     0.0000     0.0000
-15.12152     0.0000     0.0000
-15.10611     0.0000     0.0000
-15.09070     0.0000     0.0000
-15.07528     0.0000     0.0000
-15.05987     0.0000     0.0000
-15.04446     0.0000     0.0000
-15.02904     0.0000     0.0000
-15.01363     0.0000     0.0000
-14.99822     0.0000     0.0000
-14.98280     0.0000     0.0000
-14.96739     0.0000     0.0000
-14.95198     0.0000     0.0000
-14.93656     0.0000     0.0000
-14.92115     0.0000     0.0000
-14.90574     0.0000     0.0000
-14.89032     0.0000     0.0000
-14.87491     0.0000     0.0000
-14.85950     0.0000     0.0000
-14.84408     0.0000     0.0000
-14.82867     0.0000     0.0000
-14.81326     0.0000     0.0000
-14.79784     0.0000     0.0000
-14.78243     0.0000     0.0000
-14.76702     0.0000     0.0000
-14.75160     0.0000     0.0000
-14.73619     0.0000     0.0000
-14.72078     0.0000     0.0000
-14.70536     0.0000     0.0000
-14.68995     0.0000     0.0000
-14.67454     0.0000     0.0000
-14.65912     0.0000     0.0000
-14.64371     0.0000     0.0000
-14.62830     0.0000     0.0000
-14.61288     0.0000     0.0000
-14.59747     0.0000     0.0000
-14.58206     0.0000     0.0000
-14.56664     0.0000     0.0000
-14.55123     0.0000     0.0000
-14.53582     0.0000     0.0000
-14.52040     0.0000     0.0000
-14.50499     0.0000     0.0000
-14.48958     0.0000     0.0000
-14.47416     0.0000     0.0000
-14.45875     0.0000     0.0000
-14.44334     0.0000     0.0000
-14.42792     0.0000     0.0000
-14.41251     0.0000     0.0000
-14.39710     0.0000     0.0000
-14.38168     0.0000     0.0000
-14.36627     0.0000     0.0000
-14.35086     0.0000     0.0000
-14.33544     0.0000     0.0000
-14.32003     0.0000     0.0000
-14.30462     0.0000     0.0000
-14.28920     0.0000     0.0000
-14.27379     0.0000     0.0000
-14.25838     0.0000     0.0000
-14.24296     0.0000     0.0000
-14.22755     0.0000     0.0000
-14.21214     0.0000     0.0000
-14.19672     0.0000     0.0000
-14.18131     0.0000     0.0000
-14.16590     0.0000     0.0000
-14.15048     0.0000     0.0000
-14.13507     0.0000     0.0000
-14.11966     0.0000     0.0000
-14.10424     0.0000     0.0000
-14.08883     0.0000     0.0000
-14.07342     0.0000     0.0000
-14.05800     0.0000     0.0000
-14.04259     0.0000     0.0000
-14.02718     0.0000     0.0000
-14.01176     0.0000     0.0000
-13.99635     0.0000     0.0000
-13.98094     0.0000     0.0000
-13.96552     0.0000     0.0000
-13.95011     0.0000     0.0000
-13.93470     0.0000     0.0000
-13.91928     0.0000     0.0000
-13.90387     0.0000     0.0000
-13.88846     0.0000     0.0000
-13.87304     0.0000     0.0000
-13.85763     0.0000     0.0000
-13.84222     0.0000     0.0000
-13.82680     0.0000     0.0000
-13.81139     0.0000     0.0000
-13.79598     0.0000     0.0000
-13.78056     0.0000     0.0000
-13.76515     0.0000     0.0000
-13.74974     0.0000     0.0000
-13.73432     0.0000     0.0000
-13.71891     0.0000     0.0000
-13.70350     0.0000     0.0000
-13.68808     0.0000     0.0000
-13.67267     0.0000     0.0000
-13.65726     0.0000     0.0000
-13.64184     0.0000     0.0000
-13.62643     0.0000     0.0000
-13.61102     0.0000     0.0000
-13.59560     0.0000     0.0000
-13.58019     0.0000     0.0000
-13.56478     0.0000     0.0000
-13.54936     0.0000     0.0000
-13.53395     0.0000     0.0000
-13.51854     0.0000     0.0000
-13.50312     0.0000     0.0000
-13.48771     0.0000     0.0000
-13.47230     0.0000     0.0000
-13.45688     0.0000     0.0000
-13.44147     0.0000     0.0000
-13.42606     0.0000     0.0000
-13.41064     0.0000     0.0000
-13.39523     0.0000     0.0000
-13.37982     0.0000     0.0000
-13.36440     0.0000     0.0000
-13.34899     0.0000     0.0000
-13.33358     0.0000     0.0000
-13.31816     0.0000     0.0000
-13.30275     0.0000     0.0000
-13.28734     0.0000     0.0000
-13.27192     0.0000     0.0000
-13.25651     0.0000     0.0000
-13.24110     0.0000     0.0000
-13.22568     0.0000     0.0000
-13.21027     0.0000     0.0000
-13.19486     0.0000     0.0000
-13.17944     0.0000     0.0000
-13.16403     0.0000     0.0000
-13.14862     0.0000     0.0000
-13.13320     0.0000     0.0000
-13.11779     0.0000     0.0000
-13.10238     0.0000     0.0000
-13.08696     0.0000     0.0000
-13.07155     0.0000     0.0000
-13.05614     0.0000     0.0000
-13.04072     0.0000     0.0000
-13.02531     0.0000     0.0000
-13.00990     0.0000     0.0000
-12.99448     0.0000     0.0000
-12.97907     0.0000     0.0000
-12.96366     0.0000     0.0000
-12.94824     0.0000     0.0000
-12.93283     0.0000     0.0000
-12.91742     0.0000     0.0000
-12.90200     0.0000     0.0000
-12.88659     0.0000     0.0000
-12.87118     0.0000     0.0000
-12.85576     0.0000     0.0000
-12.84035     0.0000     0.0000
-12.82494     0.0000     0.0000
-12.80952     0.0000     0.0000
-12.79411     0.0000     0.0000
-12.77870     0.0000     0.0000
-12.76328     0.0000     0.0000
-12.74787     0.0000     0.0000
-12.73246     0.0000     0.0000
-12.71704     0.0000     0.0000
-12.70163     0.0000     0.0000
-12.68622     0.0000     0.0000
-12.67080     0.0000     0.0000
-12.65539     0.0000     0.0000
-12.63998     0.0000     0.0000
-12.62456     0.0000     0.0000
-12.60915     0.0000     0.0000
-12.59374     0.0000     0.0000
-12.57832     0.0000     0.0000
-12.56291     0.0000     0.0000
-12.54750     0.0000     0.0000
-12.53208     0.0000     0.0000
-12.51667     0.0000     0.0000
-12.50126     0.0000     0.0000
-12.48584     0.0000     0.0000
-12.47043     0.0000     0.0000
-12.45502     0.0000     0.0000
-12.43960     0.0000     0.0000
-12.42419     0.0000     0.0000
-12.40878     0.0000     0.0000
-12.39336     0.0000     0.0000
-12.37795     0.0000     0.0000
-12.36254     0.0000     0.0000
-12.34712     0.0000     0.0000
-12.33171     0.0000     0.0000
-12.31630     0.0000     0.0000
-12.30088     0.0000     0.0000
-12.28547     0.0000     0.0000
-12.27006     0.0000     0.0000
-12.25464     0.0000     0.0000
-12.23923     0.0000     0.0000
-12.22382     0.0000     0.0000
-12.20840     0.0000     0.0000
-12.19299     0.0000     0.0000
-12.17758     0.0000     0.0000
-12.16216     0.0000     0.0000
-12.14675     0.0000     0.0000
-12.13134     0.0000     0.0000
-12.11592     0.0000     0.0000
-12.10051     0.0000     0.0000
-12.08510     0.0000     0.0000
-12.06968     0.0000     0.0000
-12.05427     0.0000     0.0000
-12.03886     0.0000     0.0000
-12.02344     0.0000     0.0000
-12.00803     0.0000     0.0000
-11.99262     0.0000     0.0000
-11.97720     0.0000     0.0000
-11.96179     0.0000     0.0000
-11.94638     0.0000     0.0000
-11.93096     0.0000     0.0000
-11.91555     0.0000     0.0000
-11.90014     0.0000     0.0000
-11.88472     0.0000     0.0000
-11.86931     0.0000     0.0000
-11.85390     0.0000     0.0000
-11.83848     0.0000     0.0000
-11.82307     0.0000     0.0000
-11.80766     0.0000     0.0000
-11.79224     0.0000     0.0000
-11.77683     0.0000     0.0000
-11.76142     0.0000     0.0000
-11.74600     0.0000     0.0000
-11.73059     0.0000     0.0000
-11.71518     0.0000     0.0000
-11.69976     0.0000     0.0000
-11.68435     0.0000     0.0000
-11.66894     0.0000     0.0000
-11.65352     0.0000     0.0000
-11.63811     0.0000     0.0000
-11.62270     0.0000     0.0000
-11.60728     0.0000     0.0000
-11.59187     0.0000     0.0000
-11.57646     0.0000     0.0000
-11.56104     0.0000     0.0000
-11.54563     0.0000     0.0000
-11.53022     0.0000     0.0000
-11.51480     0.0000     0.0000
-11.49939     0.0000     0.0000
-11.48398     0.0000     0.0000
-11.46856     0.0000     0.0000
-11.45315     0.0000     0.0000
-11.43774     0.0000     0.0000
-11.42232     0.0000     0.0000
-11.40691     0.0000     0.0000
-11.39150     0.0000     0.0000
-11.37608     0.0000     0.0000
-11.36067     0.0000     0.0000
-11.34526     0.0000     0.0000
-11.32984     0.0000     0.0000
-11.31443     0.0000     0.0000
-11.29902     0.0000     0.0000
-11.28360     0.0000     0.0000
-11.26819     0.0000     0.0000
-11.25278     0.0000     0.0000
-11.23736     0.0000     0.0000
-11.22195     0.0000     0.0000
-11.20654     0.0000     0.0000
-11.19112     0.0000     0.0000
-11.17571     0.0000     0.0000
-11.16030     0.0000     0.0000
-11.14488     0.0000     0.0000
-11.12947     0.0000     0.0000
-11.11406     0.0000     0.0000
-11.09864     0.0000     0.0000
-11.08323     0.0000     0.0000
-11.06782     0.0000     0.0000
-11.05240     0.0000     0.0000
-11.03699     0.0000     0.0000
-11.02158     0.0000     0.0000
-11.00616     0.0000     0.0000
-10.99075     0.0000     0.0000
-10.97534     0.0000     0.0000
-10.95992     0.0000     0.0000
-10.94451     0.0000     0.0000
-10.92910     0.0000     0.0000
-10.91368     0.0000     0.0000
-10.89827     0.0000     0.0000
-10.88286     0.0000     0.0000
-10.86744     0.0000     0.0000
-10.85203     0.0000     0.0000
-10.83662     0.0000     0.0000
-10.82120     0.0000     0.0000
-10.80579     0.0000     0.0000
-10.79038     0.0000     0.0000
-10.77496     0.0000     0.0000
-10.75955     0.0000     0.0000
-10.74414     0.0000     0.0000
-10.72872     0.0000     0.0000
-10.71331     0.0000     0.0000
-10.69790     0.0000     0.0000
-10.68248     0.0000     0.0000
-10.66707     0.0000     0.0000
-10.65166     0.0000     0.0000
-10.63624     0.0000     0.0000
-10.62083     0.0000     0.0000
-10.60542     0.0000     0.0000
-10.59000     0.0000     0.0000
-10.57459     0.0000     0.0000
-10.55918     0.0000     0.0000
-10.54376     0.0000     0.0000
-10.52835     0.0000     0.0000
-10.51294     0.0000     0.0000
-10.49752     0.0000     0.0000
-10.48211     0.0000     0.0000
-10.46670     0.0000     0.0000
-10.45128     0.0000     0.0000
-10.43587     0.0000     0.0000
-10.42046     0.0000     0.0000
-10.40504     0.0000     0.0000
-10.38963     0.0000     0.0000
-10.37422     0.0000     0.0000
-10.35880     0.0000     0.0000
-10.34339     0.0000     0.0000
-10.32798     0.0000     0.0000
-10.31256     0.0000     0.0000
-10.29715     0.0000     0.0000
-10.28174     0.0000     0.0000
-10.26632     0.0000     0.0000
-10.25091     0.0000     0.0000
-10.23550     0.0000     0.0000
-10.22008     0.0000     0.0000
-10.20467     0.0000     0.0000
-10.18926     0.0000     0.0000
-10.17384     0.0000     0.0000
-10.15843     0.0000     0.0000
-10.14302     0.0000     0.0000
-10.12760     0.0000     0.0000
-10.11219     0.0000     0.0000
-10.09678     0.0000     0.0000
-10.08136     0.0000     0.0000
-10.06595     0.0000     0.0000
-10.05054     0.0000     0.0000
-10.03512     0.0000     0.0000
-10.01971     0.0000     0.0000
-10.00430     0.0000     0.0000
 -9.98888     0.0000     0.0000
 -9.97347     0.0000     0.0000
 -9.95806     0.0000     0.0000
 -9.94264     0.0000     0.0000
 -9.92723     0.0000     0.0000
 -9.91182     0.0000     0.0000
 -9.89640     0.0000     0.0000
 -9.88099     0.0000     0.0000
 -9.86558     0.0000     0.0000
 -9.85016     0.0000     0.0000
 -9.83475     0.0000     0.0000
 -9.81934     0.0000     0.0000
 -9.80392     0.0000     0.0000
 -9.78851     0.0000     0.0000
 -9.77310     0.0000     0.0000
 -9.75768     0.0000     0.0000
 -9.74227     0.0000     0.0000
 -9.72686     0.0000     0.0000
 -9.71144     0.0000     0.0000
 -9.69603     0.0000     0.0000
 -9.68062     0.0000     0.0000
 -9.66520     0.0000     0.0000
 -9.64979     0.0000     0.0000
 -9.63438     0.0000     0.0000
 -9.61896     0.0000     0.0000
 -9.60355     0.0000     0.0000
 -9.58814     0.0000     0.0000
 -9.57272     0.0000     0.0000
 -9.55731     0.0000     0.0000
 -9.54190     0.0000     0.0000
 -9.52648     0.0000     0.0000
 -9.51107     0.0000     0.0000
 -9.49566     0.0000     0.0000
 -9.48024     0.0000     0.0000
 -9.46483     0.0000     0.0000
 -9.44942     0.0000     0.0000
 -9.43400     0.0000     0.0000
 -9.41859     0.0000     0.0000
 -9.40318     0.0000     0.0000
 -9.38776     0.0000     0.0000
 -9.37235     0.0000     0.0000
 -9.35694     0.0000     0.0000
 -9.34152     0.0000     0.0000
 -9.32611     0.0000     0.0000
 -9.31070     0.0000     0.0000
 -9.29528     0.0000     0.0000
 -9.27987     0.0000     0.0000
 -9.26446     0.0000     0.0000
 -9.24904     0.0000     0.0000
 -9.23363     0.0000     0.0000
 -9.21822     0.0000     0.0000
 -9.20280     0.0000     0.0000
 -9.18739     0.0000     0.0000
 -9.17198     0.0000     0.0000
 -9.15656     0.0000     0.0000
 -9.14115     0.0000     0.0000
 -9.12574     0.0000     0.0000
 -9.11032     0.0000     0.0000
 -9.09491     0.0000     0.0000
 -9.07950     0.0000     0.0000
 -9.06408     0.0000     0.0000
 -9.04867     0.0000     0.0000
 -9.03326     0.0000     0.0000
 -9.01784     0.0000     0.0000
 -9.00243     0.0000     0.0000
 -8.98702     0.0000     0.0000
 -8.97160     0.0000     0.0000
 -8.95619     0.0000     0.0000
 -8.94078     0.0000     0.0000
 -8.92536     0.0000     0.0000
 -8.90995     0.0000     0.0000
 -8.89454     0.0000     0.0000
 -8.87912     0.0000     0.0000
 -8.86371     0.0000     0.0000
 -8.84830     0.0000     0.0000
 -8.83288     0.0000     0.0000
 -8.81747     0.0000     0.0000
 -8.80206     0.0000     0.0000
 -8.78664     0.0000     0.0000
 -8.77123     0.0000     0.0000
 -8.75582     0.0000     0.0000
 -8.74040     0.0000     0.0000
 -8.72499     0.0000     0.0000
 -8.70958     0.0000     0.0000
 -8.69416     0.0000     0.0000
 -8.67875     0.0000     0.0000
 -8.66334     0.0000     0.0000
 -8.64792     0.0000     0.0000
 -8.63251     0.0000     0.0000
 -8.61710     0.0000     0.0000
 -8.60168     0.0000     0.0000
 -8.58627     0.0000     0.0000
 -8.57086     0.0000     0.0000
 -8.55544     0.0000     0.0000
 -8.54003     0.0000     0.0000
 -8.52462     0.0000     0.0000
 -8.50920     0.0000     0.0000
 -8.49379     0.0000     0.0000
 -8.47838     0.0000     0.0000
 -8.46296     0.0000     0.0000
 -8.44755     0.0000     0.0000
 -8.43214     0.0000     0.0000
 -8.41672     0.0000     0.0000
 -8.40131     0.0000     0.0000
 -8.38590     0.0000     0.0000
 -8.37048     0.0000     0.0000
 -8.35507     0.0000     0.0000
 -8.33966     0.0000     0.0000
 -8.32424     0.0000     0.0000
 -8.30883     0.0000     0.0000
 -8.29342     0.0000     0.0000
 -8.27800     0.0000     0.0000
 -8.26259     0.0000     0.0000
 -8.24718     0.0000     0.0000
 -8.23176     0.0000     0.0000
 -8.21635     0.0000     0.0000
 -8.20094     0.0000     0.0000
 -8.18552     0.0000     0.0000
 -8.17011     0.0000     0.0000
 -8.15470     0.0000     0.0000
 -8.13928     0.0000     0.0000
 -8.12387     0.0000     0.0000
 -8.10846     0.0000     0.0000
 -8.09304     0.0000     0.0000
 -8.07763     0.0000     0.0000
 -8.06222     0.0000     0.0000
 -8.04680     0.0000     0.0000
 -8.03139     0.0000     0.0000
 -8.01598     0.0000     0.0000
 -8.00056     0.0000     0.0000
 -7.98515     0.0000     0.0000
 -7.96974     0.0000     0.0000
 -7.95432     0.0000     0.0000
 -7.93891     0.0000     0.0000
 -7.92350     0.0000     0.0000
 -7.90808     0.0000     0.0000
 -7.89267     0.0000     0.0000
 -7.87726     0.0000     0.0000
 -7.86184     0.0000     0.0000
 -7.84643     0.0000     0.0000
 -7.83102     0.0000     0.0000
 -7.81560     0.0000     0.0000
 -7.80019     0.0000     0.0000
 -7.78478     0.0000     0.0000
 -7.76936     0.0000     0.0000
 -7.75395     0.0000     0.0000
 -7.73854     0.0000     0.0000
 -7.72312     0.0000     0.0000
 -7.70771     0.0000     0.0000
 -7.69230     0.0000     0.0000
 -7.67688     0.0000     0.0000
 -7.66147     0.0000     0.0000
 -7.64606     0.0000     0.0000
 -7.63064     0.0000     0.0000
 -7.61523     0.0000     0.0000
 -7.59982     0.0000     0.0000
 -7.58440     0.0000     0.0000
 -7.56899     0.0000     0.0000
 -7.55358     0.0000     0.0000
 -7.53816     0.0000     0.0000
 -7.52275     0.0000     0.0000
 -7.50734     0.0000     0.0000
 -7.49192     0.0000     0.0000
 -7.47651     0.0000     0.0000
 -7.46110     0.0000     0.0000
 -7.44568     0.0000     0.0000
 -7.43027     0.0000     0.0000
 -7.41486     0.0000     0.0000
 -7.39944     0.0000     0.0000
 -7.38403     0.0000     0.0000
 -7.36862     0.0000     0.0000
 -7.35320     0.0005     0.0003
 -7.33779     0.0057     0.0033
 -7.32238     0.0193     0.0110
 -7.30696     0.0397     0.0226
 -7.29155     0.0655     0.0373
 -7.27614     0.0966     0.0550
 -7.26072     0.1338     0.0760
 -7.24531     0.1783     0.1013
 -7.22990     0.2272     0.1289
 -7.21448     0.2767     0.1569
 -7.19907     0.3262     0.1849
 -7.18366     0.3756     0.2129
 -7.16824     0.4251     0.2409
 -7.15283     0.4746     0.2689
 -7.13742     0.5240     0.2969
 -7.12200     0.5735     0.3249
 -7.10659     0.6230     0.3529
 -7.09118     0.6725     0.3809
 -7.07576     0.7220     0.4089
 -7.06035     0.7711     0.4367
 -7.04494     0.8127     0.4603
 -7.02952     0.8404     0.4761
 -7.01411     0.8607     0.4878
 -6.99870     0.8781     0.4978
 -6.98328     0.8909     0.5053
 -6.96787     0.8983     0.5097
 -6.95246     0.8995     0.5106
 -6.93704     0.8905     0.5058
 -6.92163     0.8786     0.4995
 -6.90622     0.8722     0.4963
 -6.89080     0.8680     0.4943
 -6.87539     0.8660     0.4935
 -6.85998     0.8664     0.4941
 -6.84456     0.8682     0.4955
 -6.82915     0.8714     0.4977
 -6.81374     0.8757     0.5005
 -6.79832     0.8812     0.5040
 -6.78291     0.8878     0.5082
 -6.76750     0.8961     0.5133
 -6.75208     0.9075     0.5202
 -6.73667     0.9225     0.5293
 -6.72126     0.9400     0.5398
 -6.70584     0.9594     0.5515
 -6.69043     0.9808     0.5644
 -6.67502     1.0042     0.5786
 -6.65960     1.0298     0.5940
 -6.64419     1.0830     0.6257
 -6.62878     1.2489     0.7230
 -6.61336     1.4831     0.8601
 -6.59795     1.6479     0.9565
 -6.58254     1.7202     0.9990
 -6.56712     1.7243     1.0019
 -6.55171     1.6688     0.9702
 -6.53630     1.5768     0.9172
 -6.52088     1.4969     0.8712
 -6.50547     1.4356     0.8357
 -6.49006     1.3766     0.8015
 -6.47464     1.3180     0.7675
 -6.45923     1.2667     0.7377
 -6.44382     1.2394     0.7221
 -6.42840     1.2443     0.7256
 -6.41299     1.2711     0.7418
 -6.39758     1.3099     0.7647
 -6.38216     1.3575     0.7926
 -6.36675     1.3584     0.7931
 -6.35134     1.3038     0.7615
 -6.33592     1.2870     0.7523
 -6.32051     1.3331     0.7801
 -6.30510     1.4173     0.8310
 -6.28968     1.5348     0.9022
 -6.27427     1.6826     0.9918
 -6.25886     1.8685     1.1039
 -6.24344     2.1152     1.2511
 -6.22803     2.4250     1.4356
 -6.21262     2.7770     1.6463
 -6.19720     3.1619     1.8769
 -6.18179     3.7410     2.2196
 -6.16638     4.1500     2.4687
 -6.15096     3.9616     2.3738
 -6.13555     3.8684     2.3670
 -6.12014     3.7255     2.3224
 -6.10472     3.3455     2.1048
 -6.08931     3.1683     2.0095
 -6.07390     3.0120     1.9175
 -6.05848     2.8153     1.7954
 -6.04307     2.5836     1.6473
 -6.02766     2.3774     1.5146
 -6.01224     2.2435     1.4289
 -5.99683     2.1884     1.3922
 -5.98142     2.1699     1.3782
 -5.96600     2.1231     1.3474
 -5.95059     2.0549     1.3046
 -5.93518     1.9801     1.2588
 -5.91976     1.9149     1.2192
 -5.90435     1.8645     1.1885
 -5.88894     1.8227     1.1622
 -5.87352     1.7638     1.1232
 -5.85811     1.6999     1.0800
 -5.84270     1.6761     1.0634
 -5.82728     1.6764     1.0629
 -5.81187     1.6681     1.0571
 -5.79646     1.6464     1.0428
 -5.78104     1.6183     1.0248
 -5.76563     1.6047     1.0162
 -5.75022     1.6071     1.0180
 -5.73480     1.6124     1.0224
 -5.71939     1.6198     1.0283
 -5.70398     1.6247     1.0317
 -5.68856     1.6205     1.0289
 -5.67315     1.6047     1.0188
 -5.65774     1.5712     0.9976
 -5.64232     1.5178     0.9644
 -5.62691     1.4539     0.9250
 -5.61150     1.4014     0.8918
 -5.59608     1.3688     0.8701
 -5.58067     1.3355     0.8476
 -5.56526     1.2877     0.8159
 -5.54984     1.2255     0.7751
 -5.53443     1.1566     0.7299
 -5.51902     1.0940     0.6885
 -5.50360     1.0482     0.6573
 -5.48819     1.0210     0.6379
 -5.47278     1.0081     0.6283
 -5.45736     1.0191     0.6357
 -5.44195     1.0527     0.6592
 -5.42654     1.0816     0.6797
 -5.41112     1.0967     0.6905
 -5.39571     1.1064     0.6967
 -5.38030     1.1251     0.7083
 -5.36488     1.1746     0.7385
 -5.34947     1.2582     0.7883
 -5.33406     1.3278     0.8281
 -5.31864     1.3583     0.8432
 -5.30323     1.3694     0.8459
 -5.28782     1.3714     0.8434
 -5.27240     1.3425     0.8240
 -5.25699     1.2818     0.7868
 -5.24158     1.2300     0.7551
 -5.22616     1.2333     0.7576
 -5.21075     1.3018     0.8007
 -5.19534     1.3957     0.8603
 -5.17992     1.4917     0.9217
 -5.16451     1.5756     0.9754
 -5.14910     1.6332     1.0116
 -5.13368     1.6617     1.0286
 -5.11827     1.6787     1.0376
 -5.10286     1.7078     1.0525
 -5.08744     1.7429     1.0711
 -5.07203     1.7692     1.0854
 -5.05662     1.7871     1.0946
 -5.04120     1.7948     1.0971
 -5.02579     1.7920     1.0928
 -5.01038     1.7799     1.0826
 -4.99496     1.7690     1.0728
 -4.97955     1.8727     1.1309
 -4.96414     1.9610     1.1795
 -4.94872     1.9258     1.1553
 -4.93331     1.9058     1.1410
 -4.91790     1.9110     1.1423
 -4.90248     1.9294     1.1518
 -4.88707     1.9308     1.1499
 -4.87166     1.9209     1.1384
 -4.85624     1.9521     1.1497
 -4.84083     2.0353     1.1922
 -4.82542     2.1538     1.2561
 -4.81000     2.2614     1.3136
 -4.79459     2.2674     1.3100
 -4.77918     2.2512     1.2908
 -4.76376     2.3533     1.3367
 -4.74835     2.5313     1.4250
 -4.73294     2.8273     1.5765
 -4.71752     3.1988     1.7669
 -4.70211     3.4597     1.9015
 -4.68670     3.7281     2.0485
 -4.67128     4.2471     2.3412
 -4.65587     5.6049     3.1128
 -4.64046     6.2039     3.4702
 -4.62504     5.4757     3.0884
 -4.60963     5.0165     2.8534
 -4.59422     4.7772     2.7361
 -4.57880     5.2011     2.9889
 -4.56339     4.9571     2.8738
 -4.54798     3.8237     2.2605
 -4.53256     3.3946     2.0375
 -4.51715     3.3044     2.0054
 -4.50174     3.4346     2.1159
 -4.48632     4.0418     2.5322
 -4.47091     4.8309     3.0597
 -4.45550     5.0551     3.2162
 -4.44008     4.8123     3.0577
 -4.42467     4.4784     2.8367
 -4.40926     4.0493     2.5635
 -4.39384     3.7151     2.3536
 -4.37843     3.5352     2.2404
 -4.36302     3.4169     2.1634
 -4.34760     3.2824     2.0723
 -4.33219     3.1095     1.9540
 -4.31678     2.9264     1.8294
 -4.30136     2.7535     1.7130
 -4.28595     2.5745     1.5942
 -4.27054     2.3742     1.4638
 -4.25512     2.1453     1.3177
 -4.23971     1.8863     1.1553
 -4.22430     1.6203     0.9900
 -4.20888     1.3948     0.8502
 -4.19347     1.2298     0.7474
 -4.17806     1.1180     0.6768
 -4.16264     1.0454     0.6299
 -4.14723     0.9832     0.5891
 -4.13182     0.9165     0.5456
 -4.11640     0.8468     0.5005
 -4.10099     0.7831     0.4597
 -4.08558     0.7645     0.4464
 -4.07016     0.8097     0.4722
 -4.05475     0.9025     0.5270
 -4.03934     1.0350     0.6060
 -4.02392     1.2266     0.7213
 -4.00851     1.5168     0.8974
 -3.99310     1.9266     1.1482
 -3.97768     2.5284     1.5177
 -3.96227     3.1875     1.9266
 -3.94686     3.5167     2.1427
 -3.93144     3.5938     2.2041
 -3.91603     3.6316     2.2353
 -3.90062     3.6578     2.2580
 -3.88520     3.7494     2.3207
 -3.86979     3.8704     2.3978
 -3.85438     3.9713     2.4574
 -3.83896     4.0433     2.4966
 -3.82355     4.1437     2.5534
 -3.80814     4.4073     2.7156
 -3.79272     4.5464     2.7965
 -3.77731     4.1921     2.5556
 -3.76190     3.2898     1.9539
 -3.74648     2.4669     1.4058
 -3.73107     2.2653     1.2691
 -3.71566     2.3115     1.2964
 -3.70024     2.3604     1.3263
 -3.68483     2.4015     1.3513
 -3.66942     2.4368     1.3728
 -3.65400     2.4706     1.3933
 -3.63859     2.5011     1.4121
 -3.62318     2.5216     1.4261
 -3.60776     2.5287     1.4338
 -3.59235     2.5236     1.4355
 -3.57694     2.5058     1.4310
 -3.56152     2.4734     1.4193
 -3.54611     2.4225     1.3985
 -3.53070     2.3582     1.3708
 -3.51528     2.2957     1.3430
 -3.49987     2.2534     1.3245
 -3.48446     2.2513     1.3259
 -3.46904     2.2980     1.3519
 -3.45363     2.3273     1.3706
 -3.43822     2.2514     1.3358
 -3.42280     2.1558     1.2851
 -3.40739     2.0904     1.2420
 -3.39198     2.0043     1.1847
 -3.37656     1.8993     1.1180
 -3.36115     1.7878     1.0500
 -3.34574     1.6993     0.9987
 -3.33032     1.6486     0.9758
 -3.31491     1.6424     0.9873
 -3.29950     1.6713     1.0252
 -3.28408     1.7202     1.0774
 -3.26867     1.7875     1.1433
 -3.25326     1.8731     1.2228
 -3.23784     1.9762     1.3160
 -3.22243     2.0997     1.4259
 -3.20702     2.2251     1.5376
 -3.19160     2.3267     1.6284
 -3.17619     2.4253     1.7025
 -3.16078     2.5292     1.7590
 -3.14536     2.5813     1.7757
 -3.12995     2.5400     1.7396
 -3.11454     2.4284     1.6592
 -3.09912     2.2597     1.5341
 -3.08371     2.0144     1.3474
 -3.06830     1.7902     1.1778
 -3.05288     1.6689     1.0918
 -3.03747     1.5936     1.0432
 -3.02206     1.5293     1.0034
 -3.00664     1.4736     0.9706
 -2.99123     1.4252     0.9438
 -2.97582     1.3819     0.9211
 -2.96040     1.3418     0.9010
 -2.94499     1.3184     0.8921
 -2.92958     1.3280     0.9047
 -2.91416     1.3492     0.9247
 -2.89875     1.3588     0.9365
 -2.88334     1.3570     0.9406
 -2.86792     1.3470     0.9397
 -2.85251     1.3328     0.9375
 -2.83710     1.3155     0.9350
 -2.82168     1.2951     0.9320
 -2.80627     1.2710     0.9283
 -2.79086     1.2427     0.9233
 -2.77544     1.2101     0.9170
 -2.76003     1.1789     0.9106
 -2.74462     1.1676     0.9104
 -2.72920     1.1778     0.9182
 -2.71379     1.1968     0.9309
 -2.69838     1.2244     0.9485
 -2.68296     1.2579     0.9693
 -2.66755     1.2891     0.9904
 -2.65214     1.3189     1.0150
 -2.63672     1.3837     1.0718
 -2.62131     1.5284     1.1958
 -2.60590     1.7046     1.3453
 -2.59048     1.7921     1.4191
 -2.57507     1.7655     1.3964
 -2.55966     1.6709     1.3151
 -2.54424     1.5465     1.2066
 -2.52883     1.4175     1.0939
 -2.51342     1.2839     0.9788
 -2.49800     1.1498     0.8647
 -2.48259     1.0338     0.7670
 -2.46718     0.9552     0.7013
 -2.45176     0.9058     0.6602
 -2.43635     0.8656     0.6269
 -2.42094     0.8272     0.5950
 -2.40552     0.7904     0.5643
 -2.39011     0.7551     0.5350
 -2.37470     0.7215     0.5069
 -2.35928     0.6895     0.4801
 -2.34387     0.6590     0.4545
 -2.32846     0.6301     0.4301
 -2.31304     0.6028     0.4069
 -2.29763     0.5780     0.3855
 -2.28222     0.5688     0.3759
 -2.26680     0.5823     0.3827
 -2.25139     0.6017     0.3929
 -2.23598     0.6151     0.3971
 -2.22056     0.6227     0.3955
 -2.20515     0.6293     0.3915
 -2.18974     0.7970     0.4156
 -2.17432     1.4272     0.5146
 -2.15891     2.2827     0.6533
 -2.14350     3.0248     0.7821
 -2.12808     3.6142     0.8931
 -2.11267     4.0387     0.9866
 -2.09726     4.3239     1.0779
 -2.08184     4.4017     1.1535
 -2.06643     4.3640     1.1856
 -2.05102     4.3374     1.2023
 -2.03560     4.4966     1.2984
 -2.02019     4.6593     1.3974
 -2.00478     4.7888     1.4799
 -1.98936     5.2132     1.5748
 -1.97395     5.5200     1.5956
 -1.95854     5.5759     1.6003
 -1.94312     5.5769     1.6144
 -1.92771     5.3146     1.5618
 -1.91230     4.8254     1.4309
 -1.89688     4.3191     1.2696
 -1.88147     3.8758     1.1084
 -1.86606     3.5134     0.9645
 -1.85064     3.2761     0.8981
 -1.83523     3.1421     0.9121
 -1.81982     2.8741     0.8035
 -1.80440     2.4356     0.5497
 -1.78899     2.0918     0.4036
 -1.77358     1.9146     0.3911
 -1.75816     1.8251     0.4010
 -1.74275     1.7836     0.4163
 -1.72734     1.7695     0.4341
 -1.71192     1.8251     0.4624
 -1.69651     1.9880     0.5076
 -1.68110     2.2040     0.5618
 -1.66568     2.4232     0.6179
 -1.65027     2.6423     0.6753
 -1.63486     2.8618     0.7342
 -1.61944     3.1096     0.8046
 -1.60403     3.3833     0.8856
 -1.58862     3.6432     0.9664
 -1.57320     3.8707     1.0501
 -1.55779     4.0647     1.1381
 -1.54238     4.2461     1.2316
 -1.52696     4.5637     1.3712
 -1.51155     5.5049     1.6315
 -1.49614     5.8256     1.7836
 -1.48072     5.2738     1.7781
 -1.46531     5.1894     1.8305
 -1.44990     5.3875     1.9250
 -1.43448     5.9534     2.1092
 -1.41907     6.7679     2.3493
 -1.40366     7.1049     2.4614
 -1.38824     6.8440     2.4129
 -1.37283     6.4759     2.3216
 -1.35742     6.1315     2.2093
 -1.34200     5.6972     2.0552
 -1.32659     5.1995     1.8811
 -1.31118     4.6545     1.6933
 -1.29576     4.0170     1.4733
 -1.28035     3.2741     1.2137
 -1.26494     2.6280     0.9805
 -1.24952     2.1665     0.8001
 -1.23411     0.9863     0.3598
 -1.21870     0.0036     0.0013
 -1.20328     0.0000     0.0000
 -1.18787     0.0000     0.0000
 -1.17246     0.0000     0.0000
 -1.15704     0.0000     0.0000
 -1.14163     0.0000     0.0000
 -1.12622     0.0000     0.0000
 -1.11080     0.0000     0.0000
 -1.09539     0.0000     0.0000
 -1.07998     0.0000     0.0000
 -1.06456     0.0000     0.0000
 -1.04915     0.0000     0.0000
 -1.03374     0.0000     0.0000
 -1.01832     0.0000     0.0000
 -1.00291     0.0000     0.0000
 -0.98750     0.0000     0.0000
 -0.97208     0.0000     0.0000
 -0.95667     0.0000     0.0000
 -0.94126     0.0000     0.0000
 -0.92584     0.0000     0.0000
 -0.91043     0.0000     0.0000
 -0.89502     0.0000     0.0000
 -0.87960     0.0000     0.0000
 -0.86419     0.0154     0.0006
 -0.84878     1.2645     0.0489
 -0.83336     1.8130     0.0756
 -0.81795     1.1894     0.0585
 -0.80254     1.3123     0.0667
 -0.78712     1.4353     0.0750
 -0.77171     1.5584     0.0834
 -0.75630     1.6815     0.0919
 -0.74088     1.8046     0.1006
 -0.72547     1.9278     0.1094
 -0.71006     2.0510     0.1183
 -0.69464     2.1743     0.1273
 -0.67923     2.2803     0.1360
 -0.66382     2.2940     0.1426
 -0.64840     2.7680     0.1852
 -0.63299     4.7010     0.3187
 -0.61758     4.7882     0.3379
 -0.60216     3.1888     0.2514
 -0.58675     2.8846     0.2382
 -0.57134     2.7923     0.2364
 -0.55592     2.7000     0.2344
 -0.54051     2.6079     0.2323
 -0.52510     2.5158     0.2299
 -0.50968     2.4238     0.2274
 -0.49427     2.3319     0.2247
 -0.47886     2.2400     0.2218
 -0.46344     2.1534     0.2193
 -0.44803     2.0852     0.2188
 -0.43262     2.0385     0.2210
 -0.41720     2.0061     0.2252
 -0.40179     1.9853     0.2313
 -0.38638     2.0000     0.2433
 -0.37096     2.0486     0.2609
 -0.35555     2.0753     0.2753
 -0.34014     2.0680     0.2844
 -0.32472     2.0504     0.2916
 -0.30931     2.0334     0.2992
 -0.29390     2.0123     0.3051
 -0.27848     1.9784     0.3064
 -0.26307     1.9507     0.3072
 -0.24766     2.0458     0.3265
 -0.23224     2.4243     0.3888
 -0.21683     3.0989     0.5000
 -0.20142     3.2868     0.5433
 -0.18600     2.6830     0.4643
 -0.17059     2.2331     0.4031
 -0.15518     2.1197     0.3921
 -0.13976     2.0083     0.3829
 -0.12435     1.9043     0.3768
 -0.10894     1.8462     0.3775
 -0.09352     1.8404     0.3847
 -0.07811     1.8752     0.4006
 -0.06270     1.9482     0.4265
 -0.04728     2.0166     0.4528
 -0.03187     1.8979     0.4344
 -0.01646     1.5806     0.3674
 -0.00104     0.7197     0.1690
  0.01437     0.0154     0.0037
  0.02978     0.0000     0.0000
  0.04520     0.0000     0.0000
  0.06061     0.0000     0.0000
  0.07602     0.0000     0.0000
  0.09144     0.0000     0.0000
  0.10685     0.0000     0.0000
  0.12226     0.0000     0.0000
  0.13768     0.0000     0.0000
  0.15309     0.0000     0.0000
  0.16850     0.0000     0.0000
  0.18392     0.0000     0.0000
  0.19933     0.0000     0.0000
  0.21474     0.0000     0.0000
  0.23016     0.0000     0.0000
  0.24557     0.0000     0.0000
  0.26098     0.0000     0.0000
  0.27640     0.0000     0.0000
  0.29181     0.0000     0.0000
  0.30722     0.0000     0.0000
  0.32264     0.0000     0.0000
  0.33805     0.0000     0.0000
  0.35346     0.0000     0.0000
  0.36888     0.0000     0.0000
  0.38429     0.0000     0.0000
  0.39970     0.0000     0.0000
  0.41512     0.0000     0.0000
  0.43053     0.0000     0.0000
  0.44594     0.0000     0.0000
  0.46136     0.0000     0.0000
  0.47677     0.0000     0.0000
  0.49218     0.0000     0.0000
  0.50760     0.0000     0.0000
  0.52301     0.0000     0.0000
  0.53842     0.0000     0.0000
  0.55384     0.0000     0.0000
  0.56925     0.0000     0.0000
  0.58466     0.0000     0.0000
  0.60008     0.0000     0.0000
  0.61549     0.0000     0.0000
  0.63090     0.0000     0.0000
  0.64632     0.0000     0.0000
  0.66173     0.0000     0.0000
  0.67714     0.0000     0.0000
  0.69256     0.0000     0.0000
  0.70797     0.0000     0.0000
  0.72338     0.0000     0.0000
  0.73880     0.0000     0.0000
  0.75421     0.0000     0.0000
  0.76962     0.0000     0.0000
  0.78504     0.0000     0.0000
  0.80045     0.0000     0.0000
  0.81586     0.0000     0.0000
  0.83128     0.0000     0.0000
  0.84669     0.0000     0.0000
  0.86210     0.0000     0.0000
  0.87752     0.0000     0.0000
  0.89293     0.0000     0.0000
  0.90834     0.0000     0.0000
  0.92376     0.0000     0.0000
  0.93917     0.0000     0.0000
  0.95458     0.0000     0.0000
  0.97000     0.0000     0.0000
  0.98541     0.0000     0.0000
  1.00082     0.0000     0.0000
  1.01624     0.0000     0.0000
  1.03165     0.0000     0.0000
  1.04706     0.0000     0.0000
  1.06248     0.0000     0.0000
  1.07789     0.0000     0.0000
  1.09330     0.0000     0.0000
  1.10872     0.0000     0.0000
  1.12413     0.0000     0.0000
  1.13954     0.0000     0.0000
  1.15496     0.0000     0.0000
  1.17037     0.0000     0.0000
  1.18578     0.0000     0.0000
  1.20120     0.0000     0.0000
  1.21661     0.0000     0.0000
  1.23202     0.0000     0.0000
  1.24744     0.0000     0.0000
  1.26285     0.0000     0.0000
  1.27826     0.0000     0.0000
  1.29368     0.0000     0.0000
  1.30909     0.0000     0.0000
  1.32450     0.0000     0.0000
  1.33992     0.0000     0.0000
  1.35533     0.0000     0.0000
  1.37074     0.0000     0.0000
  1.38616     0.0000     0.0000
  1.40157     0.0000     0.0000
  1.41698     0.0000     0.0000
  1.43240     0.0000     0.0000
  1.44781     0.0000     0.0000
  1.46322     0.0000     0.0000
  1.47864     0.0000     0.0000
  1.49405     0.0000     0.0000
  1.50946     0.0000     0.0000
  1.52488     0.0000     0.0000
  1.54029     0.0000     0.0000
  1.55570     0.0002     0.0000
  1.57112     0.0275     0.0037
  1.58653     0.1242     0.0168
  1.60194     0.2797     0.0383
  1.61736     0.4669     0.0648
  1.63277     0.6849     0.0962
  1.64818     0.9344     0.1329
  1.66360     1.2384     0.1797
  1.67901     1.6263     0.2422
  1.69442     2.1162     0.3238
  1.70984     2.7618     0.4384
  1.72525     3.4712     0.5773
  1.74066     4.2785     0.7444
  1.75608     5.8434     1.0537
  1.77149     7.1586     1.3163
  1.78690     7.3491     1.3694
  1.80232     7.3171     1.3812
  1.81773     7.2152     1.3800
  1.83314     7.3979     1.4402
  1.84856     7.8254     1.5515
  1.86397     7.2142     1.4385
  1.87938     5.9915     1.1895
  1.89480     5.2201     1.0401
  1.91021     4.7392     0.9604
  1.92562     4.5028     0.9344
  1.94104     4.4887     0.9545
  1.95645     4.7610     1.0341
  1.97186     5.4066     1.1923
  1.98728     6.6606     1.4941
  2.00269     7.7285     1.7683
  2.01810     7.5913     1.7803
  2.03352     6.7732     1.6464
  2.04893     6.3980     1.6082
  2.06434     6.7796     1.7387
  2.07976     7.5828     1.9804
  2.09517     8.8313     2.3479
  2.11058     9.0678     2.4396
  2.12600     8.2662     2.2416
  2.14141     7.6990     2.1008
  2.15682     6.9610     1.9118
  2.17224     6.2762     1.7367
  2.18765     5.8515     1.6309
  2.20306     5.4058     1.5184
  2.21848     4.8579     1.3784
  2.23389     4.3138     1.2398
  2.24930     3.7669     1.0976
  2.26472     2.9234     0.8682
  2.28013     2.0518     0.6271
  2.29554     1.5989     0.5014
  2.31096     1.4562     0.4678
  2.32637     1.4025     0.4605
  2.34178     1.3490     0.4495
  2.35720     1.3627     0.4603
  2.37261     1.3218     0.4515
  2.38802     1.0383     0.3568
  2.40344     0.6050     0.2087
  2.41885     0.2135     0.0740
  2.43426     0.0219     0.0076
  2.44968     0.0000     0.0000
  2.46509     0.0000     0.0000
  2.48050     0.0000     0.0000
  2.49592     0.0000     0.0000
  2.51133     0.0000     0.0000
  2.52674     0.0000     0.0000
  2.54216     0.0000     0.0000
  2.55757     0.0000     0.0000
  2.57298     0.0000     0.0000
  2.58840     0.0000     0.0000
  2.60381     0.0000     0.0000
  2.61922     0.0000     0.0000
  2.63464     0.0000     0.0000
  2.65005     0.0000     0.0000
  2.66546     0.0000     0.0000
  2.68088     0.0000     0.0000
  2.69629     0.0000     0.0000
  2.71170     0.0000     0.0000
  2.72712     0.0000     0.0000
  2.74253     0.0000     0.0000
  2.75794     0.0000     0.0000
  2.77336     0.0000     0.0000
  2.78877     0.0000     0.0000
  2.80418     0.0000     0.0000
  2.81960     0.0000     0.0000
  2.83501     0.0000     0.0000
  2.85042     0.0000     0.0000
  2.86584     0.0000     0.0000
  2.88125     0.0000     0.0000
  2.89666     0.0000     0.0000
  2.91208     0.0000     0.0000
  2.92749     0.0000     0.0000
  2.94290     0.0000     0.0000
  2.95832     0.0000     0.0000
  2.97373     0.0000     0.0000
  2.98914     0.0000     0.0000
  3.00456     0.0000     0.0000
  3.01997     0.0000     0.0000
  3.03538     0.0000     0.0000
  3.05080     0.0000     0.0000
  3.06621     0.0000     0.0000
  3.08162     0.0000     0.0000
  3.09704     0.0000     0.0000
  3.11245     0.0000     0.0000
  3.12786     0.0000     0.0000
  3.14328     0.0000     0.0000
  3.15869     0.0000     0.0000
  3.17410     0.0000     0.0000
  3.18952     0.0000     0.0000
  3.20493     0.0000     0.0000
  3.22034     0.0000     0.0000
  3.23576     0.0000     0.0000
  3.25117     0.0000     0.0000
  3.26658     0.0000     0.0000
  3.28200     0.0000     0.0000
  3.29741     0.0000     0.0000
  3.31282     0.0000     0.0000
  3.32824     0.0000     0.0000
  3.34365     0.0000     0.0000
  3.35906     0.0000     0.0000
  3.37448     0.0000     0.0000
  3.38989     0.0000     0.0000
  3.40530     0.0000     0.0000
  3.42072     0.0000     0.0000
  3.43613     0.0000     0.0000
  3.45154     0.0000     0.0000
  3.46696     0.0000     0.0000
  3.48237     0.0000     0.0000
  3.49778     0.0000     0.0000
  3.51320     0.0000     0.0000
  3.52861     0.0000     0.0000
  3.54402     0.0000     0.0000
  3.55944     0.0000     0.0000
  3.57485     0.0000     0.0000
  3.59026     0.0000     0.0000
  3.60568     0.0000     0.0000
  3.62109     0.0000     0.0000
  3.63650     0.0000     0.0000
  3.65192     0.0000     0.0000
  3.66733     0.0000     0.0000
  3.68274     0.0000     0.0000
  3.69816     0.0000     0.0000
  3.71357     0.0000     0.0000
  3.72898     0.0000     0.0000
  3.74440     0.0000     0.0000
  3.75981     0.0000     0.0000
  3.77522     0.0000     0.0000
  3.79064     0.0000     0.0000
  3.80605     0.0000     0.0000
  3.82146     0.0000     0.0000
  3.83688     0.0000     0.0000
  3.85229     0.0000     0.0000
  3.86770     0.0000     0.0000
  3.88312     0.0000     0.0000
  3.89853     0.0000     0.0000
  3.91394     0.0000     0.0000
  3.92936     0.0000     0.0000
  3.94477     0.0000     0.0000
  3.96018     0.0000     0.0000
  3.97560     0.0000     0.0000
  3.99101     0.0000     0.0000
  4.00642     0.0000     0.0000
  4.02184     0.0000     0.0000
  4.03725     0.0000     0.0000
  4.05266     0.0000     0.0000
  4.06808     0.0000     0.0000
  4.08349     0.0000     0.0000
  4.09890     0.0000     0.0000
  4.11432     0.0000     0.0000
  4.12973     0.0000     0.0000
  4.14514     0.0000     0.0000
  4.16056     0.0000     0.0000
  4.17597     0.0000     0.0000
  4.19138     0.0000     0.0000
  4.20680     0.0000     0.0000
  4.22221     0.0000     0.0000
  4.23762     0.0000     0.0000
  4.25304     0.0000     0.0000
  4.26845     0.0000     0.0000
  4.28386     0.0000     0.0000
  4.29928     0.0000     0.0000
  4.31469     0.0000     0.0000
  4.33010     0.0000     0.0000
  4.34552     0.0000     0.0000
  4.36093     0.0000     0.0000
  4.37634     0.0000     0.0000
  4.39176     0.0000     0.0000
  4.40717     0.0000     0.0000
  4.42258     0.0000     0.0000
  4.43800     0.0000     0.0000
  4.45341     0.0000     0.0000
  4.46882     0.0000     0.0000
  4.48424     0.0000     0.0000
  4.49965     0.0000     0.0000
  4.51506     0.0000     0.0000
  4.53048     0.0000     0.0000
  4.54589     0.0000     0.0000
  4.56130     0.0000     0.0000
  4.57672     0.0000     0.0000
  4.59213     0.0000     0.0000
  4.60754     0.0000     0.0000
  4.62296     0.0000     0.0000
  4.63837     0.0000     0.0000
  4.65378     0.0000     0.0000
  4.66920     0.0000     0.0000
  4.68461     0.0000     0.0000
  4.70002     0.0000     0.0000
  4.71544     0.0000     0.0000
  4.73085     0.0000     0.0000
  4.74626     0.0000     0.0000
  4.76168     0.0000     0.0000
  4.77709     0.0000     0.0000
  4.79250     0.0000     0.0000
  4.80792     0.0000     0.0000
  4.82333     0.0000     0.0000
  4.83874     0.0000     0.0000
  4.85416     0.0000     0.0000
  4.86957     0.0000     0.0000
  4.88498     0.0000     0.0000
  4.90040     0.0000     0.0000
  4.91581     0.0000     0.0000
  4.93122     0.0000     0.0000
  4.94664     0.0000     0.0000
  4.96205     0.0000     0.0000
  4.97746     0.0000     0.0000
  4.99288     0.0000     0.0000
  5.00829     0.0000     0.0000
  5.02370     0.0000     0.0000
  5.03912     0.0000     0.0000
  5.05453     0.0000     0.0000
  5.06994     0.0000     0.0000
  5.08536     0.0000     0.0000
  5.10077     0.0000     0.0000
  5.11618     0.0000     0.0000
  5.13160     0.0000     0.0000
  5.14701     0.0000     0.0000
  5.16242     0.0000     0.0000
  5.17784     0.0000     0.0000
  5.19325     0.0000     0.0000
  5.20866     0.0000     0.0000
  5.22408     0.0000     0.0000
  5.23949     0.0000     0.0000
  5.25490     0.0000     0.0000
  5.27032     0.0000     0.0000
  5.28573     0.0000     0.0000
  5.30114     0.0000     0.0000
  5.31656     0.0000     0.0000
  5.33197     0.0000     0.0000
  5.34738     0.0000     0.0000
  5.36280     0.0000     0.0000
  5.37821     0.0000     0.0000
  5.39362     0.0000     0.0000
  5.40904     0.0000     0.0000
  5.42445     0.0000     0.0000
  5.43986     0.0000     0.0000
  5.45528     0.0000     0.0000
  5.47069     0.0000     0.0000
  5.48610     0.0000     0.0000
  5.50152     0.0000     0.0000
  5.51693     0.0000     0.0000
  5.53234     0.0000     0.0000
  5.54776     0.0000     0.0000
  5.56317     0.0000     0.0000
  5.57858     0.0000     0.0000
  5.59400     0.0000     0.0000
  5.60941     0.0000     0.0000
  5.62482     0.0000     0.0000
  5.64024     0.0000     0.0000
  5.65565     0.0000     0.0000
  5.67106     0.0000     0.0000
  5.68648     0.0000     0.0000
  5.70189     0.0000     0.0000
  5.71730     0.0000     0.0000
  5.73272     0.0000     0.0000
  5.74813     0.0000     0.0000
  5.76354     0.0000     0.0000
  5.77896     0.0000     0.0000
  5.79437     0.0000     0.0000
  5.80978     0.0000     0.0000
  5.82520     0.0002     0.0000
  5.84061     0.0004     0.0000
  5.85602     0.0009     0.0001
  5.87144     0.0014     0.0001
  5.88685     0.0022     0.0001
  5.90226     0.0030     0.0002
  5.91768     0.0040     0.0003
  5.93309     0.0052     0.0003
  5.94850     0.0065     0.0004
  5.96392     0.0079     0.0005
  5.97933     0.0094     0.0006
  5.99474     0.0109     0.0007
  6.01016     0.0124     0.0009
  6.02557     0.0140     0.0010
  6.04098     0.0157     0.0011
  6.05640     0.0173     0.0012
  6.07181     0.0190     0.0014
  6.08722     0.0208     0.0015
  6.10264     0.0226     0.0017
  6.11805     0.0244     0.0019
  6.13346     0.0263     0.0020
  6.14888     0.0282     0.0022
  6.16429     0.0302     0.0024
  6.17970     0.0322     0.0026
  6.19512     0.0342     0.0028
  6.21053     0.0363     0.0030
  6.22594     0.0384     0.0032
  6.24136     0.0405     0.0034
  6.25677     0.0427     0.0036
  6.27218     0.0450     0.0039
  6.28760     0.0472     0.0041
  6.30301     0.0496     0.0044
  6.31842     0.0519     0.0046
  6.33384     0.0543     0.0049
  6.34925     0.0567     0.0051
  6.36466     0.0592     0.0054
  6.38008     0.0617     0.0057
  6.39549     0.0642     0.0060
  6.41090     0.0665     0.0063
  6.42632     0.0664     0.0068
  6.44173     0.0658     0.0074
  6.45714     0.0672     0.0078
  6.47256     0.0689     0.0081
  6.48797     0.0705     0.0085
  6.50338     0.0721     0.0088
  6.51880     0.0737     0.0092
  6.53421     0.0753     0.0095
  6.54962     0.0769     0.0099
  6.56504     0.0785     0.0103
  6.58045     0.0801     0.0107
  6.59586     0.0817     0.0111
  6.61128     0.0833     0.0115
  6.62669     0.0848     0.0119
  6.64210     0.0864     0.0123
  6.65752     0.0880     0.0127
  6.67293     0.0895     0.0131
  6.68834     0.0910     0.0136
  6.70376     0.0926     0.0140
  6.71917     0.0943     0.0144
  6.73458     0.0960     0.0148
  6.75000     0.0978     0.0152
  6.76541     0.0997     0.0156
  6.78082     0.1015     0.0160
  6.79624     0.1034     0.0165
  6.81165     0.1053     0.0169
  6.82706     0.1072     0.0173
  6.84248     0.1091     0.0177
  6.85789     0.1111     0.0182
  6.87330     0.1130     0.0186
  6.88872     0.1151     0.0191
  6.90413     0.1171     0.0195
  6.91954     0.1192     0.0200
  6.93496     0.1213     0.0205
  6.95037     0.1235     0.0210
  6.96578     0.1256     0.0215
  6.98120     0.1279     0.0220
  6.99661     0.1301     0.0226
  7.01202     0.1324     0.0231
  7.02744     0.1347     0.0237
  7.04285     0.1370     0.0242
  7.05826     0.1394     0.0248
  7.07368     0.1417     0.0254
  7.08909     0.1441     0.0260
  7.10450     0.1465     0.0265
  7.11992     0.1488     0.0271
  7.13533     0.1511     0.0277
  7.15074     0.1534     0.0283
  7.16616     0.1557     0.0289
  7.18157     0.1580     0.0295
  7.19698     0.1603     0.0301
  7.21240     0.1625     0.0307
  7.22781     0.1647     0.0313
  7.24322     0.1672     0.0319
  7.25864     0.1702     0.0326
  7.27405     0.1738     0.0334
  7.28946     0.1782     0.0343
  7.30488     0.1832     0.0353
  7.32029     0.1890     0.0364
  7.33570     0.1954     0.0377
  7.35112     0.2025     0.0390
  7.36653     0.2103     0.0405
  7.38194     0.2195     0.0422
  7.39736     0.2316     0.0446
  7.41277     0.2459     0.0473
  7.42818     0.2606     0.0500
  7.44360     0.2760     0.0525
  7.45901     0.2928     0.0553
  7.47442     0.3102     0.0583
  7.48984     0.3272     0.0612
  7.50525     0.3436     0.0641
  7.52066     0.3593     0.0669
  7.53608     0.3743     0.0697
  7.55149     0.3887     0.0723
  7.56690     0.4025     0.0750
  7.58232     0.4156     0.0775
  7.59773     0.4281     0.0800
  7.61314     0.4399     0.0824
  7.62856     0.4506     0.0847
  7.64397     0.4600     0.0868
  7.65938     0.4675     0.0886
  7.67480     0.4715     0.0901
  7.69021     0.4730     0.0912
  7.70562     0.4768     0.0926
  7.72104     0.4828     0.0942
  7.73645     0.4888     0.0958
  7.75186     0.4948     0.0974
  7.76728     0.5007     0.0990
  7.78269     0.5065     0.1006
  7.79810     0.5123     0.1022
  7.81352     0.5180     0.1038
  7.82893     0.5237     0.1054
  7.84434     0.5294     0.1070
  7.85976     0.5351     0.1087
  7.87517     0.5400     0.1102
  7.89058     0.5438     0.1117
  7.90600     0.5471     0.1132
  7.92141     0.5499     0.1146
  7.93682     0.5522     0.1159
  7.95224     0.5540     0.1171
  7.96765     0.5554     0.1183
  7.98306     0.5562     0.1194
  7.99848     0.5565     0.1205
  8.01389     0.5546     0.1212
  8.02930     0.5453     0.1206
  8.04472     0.5373     0.1201
  8.06013     0.5381     0.1210
  8.07554     0.5414     0.1224
  8.09096     0.5450     0.1240
  8.10637     0.5491     0.1256
  8.12178     0.5539     0.1275
  8.13720     0.5602     0.1298
  8.15261     0.5675     0.1324
  8.16802     0.5752     0.1352
  8.18344     0.5834     0.1381
  8.19885     0.5922     0.1411
  8.21426     0.6014     0.1443
  8.22968     0.6108     0.1476
  8.24509     0.6200     0.1507
  8.26050     0.6283     0.1537
  8.27592     0.6357     0.1564
  8.29133     0.6421     0.1588
  8.30674     0.6485     0.1612
  8.32216     0.6551     0.1637
  8.33757     0.6617     0.1662
  8.35298     0.6685     0.1687
  8.36840     0.6754     0.1712
  8.38381     0.6825     0.1738
  8.39922     0.6897     0.1763
  8.41464     0.6971     0.1790
  8.43005     0.7045     0.1816
  8.44546     0.7121     0.1843
  8.46088     0.7199     0.1871
  8.47629     0.7279     0.1898
  8.49170     0.7361     0.1927
  8.50712     0.7445     0.1955
  8.52253     0.7530     0.1984
  8.53794     0.7617     0.2014
  8.55336     0.7704     0.2043
  8.56877     0.7831     0.2087
  8.58418     0.7970     0.2135
  8.59960     0.8055     0.2166
  8.61501     0.8135     0.2194
  8.63042     0.8252     0.2235
  8.64584     0.8363     0.2278
  8.66125     0.8448     0.2318
  8.67666     0.8523     0.2356
  8.69208     0.8664     0.2413
  8.70749     0.9004     0.2535
  8.72290     0.9335     0.2656
  8.73832     0.9438     0.2702
  8.75373     0.9444     0.2717
  8.76914     0.9438     0.2723
  8.78456     0.9418     0.2723
  8.79997     0.9375     0.2714
  8.81538     0.9308     0.2697
  8.83080     0.9219     0.2673
  8.84621     0.9105     0.2641
  8.86162     0.8972     0.2602
  8.87704     0.8842     0.2563
  8.89245     0.8729     0.2530
  8.90786     0.8633     0.2502
  8.92328     0.8566     0.2483
  8.93869     0.8644     0.2510
  8.95410     0.8994     0.2625
  8.96952     0.9475     0.2782
  8.98493     0.9819     0.2894
  9.00034     0.9618     0.2831
  9.01576     0.9007     0.2634
  9.03117     0.8535     0.2479
  9.04658     0.8323     0.2404
  9.06200     0.8379     0.2409
  9.07741     0.8821     0.2523
  9.09282     0.9062     0.2581
  9.10824     0.8780     0.2501
  9.12365     0.8432     0.2403
  9.13906     0.8097     0.2308
  9.15448     0.7777     0.2217
  9.16989     0.7470     0.2130
  9.18530     0.7176     0.2046
  9.20072     0.6897     0.1966
  9.21613     0.6631     0.1890
  9.23154     0.6378     0.1817
  9.24696     0.6140     0.1748
  9.26237     0.5911     0.1681
  9.27778     0.5670     0.1610
  9.29320     0.5387     0.1525
  9.30861     0.5056     0.1425
  9.32402     0.4739     0.1330
  9.33944     0.4517     0.1267
  9.35485     0.4351     0.1223
  9.37026     0.4180     0.1177
  9.38568     0.4005     0.1131
  9.40109     0.3825     0.1084
  9.41650     0.3637     0.1035
  9.43192     0.3445     0.0985
  9.44733     0.3250     0.0935
  9.46274     0.3053     0.0884
  9.47816     0.2853     0.0833
  9.49357     0.2650     0.0780
  9.50898     0.2453     0.0730
  9.52440     0.2295     0.0690
  9.53981     0.2177     0.0659
  9.55522     0.2079     0.0634
  9.57064     0.2000     0.0614
  9.58605     0.1940     0.0599
  9.60146     0.1899     0.0589
  9.61688     0.1876     0.0584
  9.63229     0.1871     0.0584
  9.64770     0.1877     0.0587
  9.66312     0.1885     0.0591
  9.67853     0.1893     0.0594
  9.69394     0.1901     0.0598
  9.70936     0.1910     0.0601
  9.72477     0.1918     0.0605
  9.74018     0.1928     0.0609
  9.75560     0.1938     0.0613
  9.77101     0.1949     0.0618
  9.78642     0.1962     0.0624
  9.80184     0.1978     0.0631
  9.81725     0.1996     0.0638
  9.83266     0.2013     0.0646
  9.84808     0.2031     0.0654
  9.86349     0.2049     0.0661
  9.87890     0.2066     0.0668
  9.89432     0.2084     0.0675
  9.90973     0.2101     0.0683
  9.92514     0.2119     0.0690
  9.94056     0.2137     0.0697
  9.95597     0.2154     0.0704
  9.97138     0.2172     0.0711
  9.98680     0.2190     0.0718
 10.00221     0.2208     0.0725
 10.01762     0.2225     0.0732
 10.03304     0.2243     0.0738
 10.04845     0.2261     0.0745
 10.06386     0.2279     0.0752
 10.07928     0.2297     0.0758
 10.09469     0.2315     0.0765
 10.11010     0.2333     0.0771
 10.12552     0.2351     0.0778
 10.14093     0.2369     0.0784
 10.15634     0.2388     0.0791
 10.17176     0.2406     0.0797
 10.18717     0.2424     0.0803
 10.20258     0.2443     0.0809
 10.21800     0.2461     0.0815
 10.23341     0.2480     0.0821
 10.24882     0.2499     0.0827
 10.26424     0.2518     0.0832
 10.27965     0.2536     0.0838
 10.29506     0.2555     0.0844
 10.31048     0.2574     0.0850
 10.32589     0.2593     0.0856
 10.34130     0.2613     0.0862
 10.35672     0.2637     0.0869
 10.37213     0.2672     0.0879
 10.38754     0.2719     0.0893
 10.40296     0.2780     0.0910
 10.41837     0.4806     0.1333
 10.43378     1.0547     0.2585
 10.44920     0.9967     0.2461
 10.46461     0.5696     0.1517
 10.48002     0.5817     0.1551
 10.49544     0.5952     0.1590
 10.51085     0.6101     0.1632
 10.52626     0.6251     0.1673
 10.54168     0.6332     0.1692
 10.55709     0.6354     0.1693
 10.57250     0.6387     0.1697
 10.58792     0.6433     0.1704
 10.60333     0.6487     0.1714
 10.61874     0.6549     0.1725
 10.63416     0.6619     0.1738
 10.64957     0.6697     0.1754
 10.66498     0.6781     0.1770
 10.68040     0.6866     0.1787
 10.69581     0.6948     0.1804
 10.71122     0.7030     0.1820
 10.72664     0.7110     0.1837
 10.74205     0.7190     0.1853
 10.75746     0.7270     0.1869
 10.77288     0.7348     0.1885
 10.78829     0.7427     0.1901
 10.80370     0.7504     0.1917
 10.81912     0.7581     0.1933
 10.83453     0.7658     0.1949
 10.84994     0.7735     0.1965
 10.86536     0.7814     0.1982
 10.88077     0.7900     0.2001
 10.89618     0.8001     0.2026
 10.91160     0.8122     0.2056
 10.92701     0.8262     0.2093
 10.94242     0.8422     0.2136
 10.95784     0.8601     0.2184
 10.97325     0.8808     0.2242
 10.98866     0.9194     0.2357
 11.00408     0.9763     0.2532
 11.01949     1.0301     0.2697
 11.03490     1.0732     0.2828
 11.05032     1.1044     0.2921
 11.06573     1.1190     0.2960
 11.08114     1.0921     0.2865
 11.09656     1.0291     0.2650
 11.11197     0.9810     0.2484
 11.12738     0.9586     0.2406
 11.14280     0.9416     0.2344
 11.15821     0.9248     0.2282
 11.17362     0.9086     0.2221
 11.18904     0.8931     0.2160
 11.20445     0.8784     0.2100
 11.21986     0.8648     0.2040
 11.23528     0.8523     0.1980
 11.25069     0.8410     0.1921
 11.26610     0.8307     0.1863
 11.28152     0.8216     0.1807
 11.29693     0.8069     0.1732
 11.31234     0.7806     0.1616
 11.32776     0.7552     0.1492
 11.34317     0.7446     0.1391
 11.35858     0.7512     0.1312
 11.37400     0.7741     0.1252
 11.38941     0.7978     0.1192
 11.40482     0.7729     0.1093
 11.42024     0.6765     0.0947
 11.43565     0.5506     0.0784
 11.45106     0.4277     0.0631
 11.46648     0.3234     0.0497
 11.48189     0.2499     0.0390
 11.49730     0.1957     0.0304
 11.51272     0.1540     0.0239
 11.52813     0.1328     0.0207
 11.54354     0.1351     0.0215
 11.55896     0.1585     0.0263
 11.57437     0.2012     0.0353
 11.58978     0.2626     0.0485
 11.60520     0.3212     0.0615
 11.62061     0.3463     0.0681
 11.63602     0.3503     0.0706
 11.65144     0.3553     0.0734
 11.66685     0.3616     0.0766
 11.68226     0.3694     0.0803
 11.69768     0.3786     0.0844
 11.71309     0.3890     0.0888
 11.72850     0.4002     0.0935
 11.74392     0.4120     0.0984
 11.75933     0.4243     0.1035
 11.77474     0.4373     0.1088
 11.79016     0.4507     0.1142
 11.80557     0.4648     0.1199
 11.82098     0.4833     0.1267
 11.83640     0.5211     0.1387
 11.85181     0.5887     0.1585
 11.86722     0.6668     0.1814
 11.88264     0.7271     0.2004
 11.89805     0.7609     0.2130
 11.91346     0.7805     0.2224
 11.92888     0.8096     0.2348
 11.94429     0.8604     0.2535
 11.95970     0.9324     0.2790
 11.97512     1.0546     0.3238
 11.99053     1.2243     0.3871
 12.00594     1.3832     0.4460
 12.02136     1.4993     0.4877
 12.03677     1.5453     0.5011
 12.05218     1.5252     0.4871
 12.06760     1.5061     0.4714
 12.08301     1.5434     0.4727
 12.09842     1.6449     0.4911
 12.11384     1.7400     0.5106
 12.12925     1.7720     0.5180
 12.14466     1.7676     0.5174
 12.16008     1.7441     0.5128
 12.17549     1.7559     0.5198
 12.19090     1.8059     0.5359
 12.20632     1.8418     0.5451
 12.22173     1.8691     0.5517
 12.23714     1.8916     0.5573
 12.25256     1.9071     0.5611
 12.26797     1.9191     0.5644
 12.28338     1.9363     0.5698
 12.29880     1.9630     0.5778
 12.31421     1.9985     0.5878
 12.32962     2.0418     0.5995
 12.34504     2.0916     0.6128
 12.36045     2.1475     0.6280
 12.37586     2.2020     0.6439
 12.39128     2.2395     0.6564
 12.40669     2.2587     0.6661
 12.42210     2.2590     0.6726
 12.43752     2.2305     0.6711
 12.45293     2.1872     0.6651
 12.46834     2.1569     0.6623
 12.48376     2.1391     0.6620
 12.49917     2.1225     0.6613
 12.51458     2.1102     0.6621
 12.53000     2.1036     0.6656
 12.54541     2.0922     0.6681
 12.56082     2.0459     0.6573
 12.57624     1.9679     0.6330
 12.59165     1.8888     0.6066
 12.60706     1.9698     0.6421
 12.62248     2.0752     0.6847
 12.63789     1.9365     0.6305
 12.65330     1.7208     0.5489
 12.66872     1.5729     0.4948
 12.68413     1.4641     0.4553
 12.69954     1.3660     0.4193
 12.71496     1.2799     0.3874
 12.73037     1.2080     0.3606
 12.74578     1.1510     0.3391
 12.76120     1.1078     0.3227
 12.77661     1.0747     0.3099
 12.79202     1.0482     0.2995
 12.80744     1.0303     0.2928
 12.82285     1.0226     0.2899
 12.83826     1.0189     0.2869
 12.85368     1.0187     0.2838
 12.86909     1.0274     0.2837
 12.88450     1.0478     0.2878
 12.89992     1.0890     0.2989
 12.91533     1.1598     0.3199
 12.93074     1.2925     0.3610
 12.94616     1.8719     0.5487
 12.96157     2.4491     0.7361
 12.97698     1.9286     0.5611
 12.99240     1.1436     0.2973
 13.00781     0.9225     0.2189
 13.02322     0.8690     0.1944
 13.03864     0.8645     0.1845
 13.05405     0.8833     0.1815
 13.06946     0.9207     0.1841
 13.08488     0.9643     0.1894
 13.10029     0.8839     0.1699
 13.11570     0.6700     0.1241
 13.13112     0.4797     0.0845
 13.14653     0.3679     0.0613
 13.16194     0.3275     0.0528
 13.17736     0.3217     0.0515
 13.19277     0.3200     0.0510
 13.20818     0.3184     0.0505
 13.22360     0.3167     0.0500
 13.23901     0.3150     0.0495
 13.25442     0.3134     0.0490
 13.26984     0.3117     0.0486
 13.28525     0.3100     0.0481
 13.30066     0.3083     0.0476
 13.31608     0.3075     0.0474
 13.33149     0.3111     0.0487
 13.34690     0.3220     0.0526
 13.36232     0.3384     0.0584
 13.37773     0.3579     0.0653
 13.39314     0.3800     0.0733
 13.40856     0.4045     0.0822
 13.42397     0.4315     0.0921
 13.43938     0.4610     0.1029
 13.45480     0.4930     0.1148
 13.47021     0.5275     0.1276
 13.48562     0.5645     0.1413
 13.50104     0.6039     0.1561
 13.51645     0.6456     0.1718
 13.53186     0.6893     0.1885
 13.54728     0.7351     0.2063
 13.56269     0.7827     0.2249
 13.57810     0.8301     0.2434
 13.59352     0.8750     0.2606
 13.60893     0.9211     0.2781
 13.62434     0.9725     0.2972
 13.63976     1.0278     0.3176
 13.65517     1.0789     0.3365
 13.67058     1.1263     0.3542
 13.68600     1.1858     0.3759
 13.70141     1.2753     0.4071
 13.71682     1.3920     0.4464
 13.73224     1.5090     0.4858
 13.74765     1.6223     0.5263
 13.76306     1.7156     0.5628
 13.77848     1.7456     0.5785
 13.79389     1.7302     0.5777
 13.80930     1.7096     0.5732
 13.82472     1.6916     0.5679
 13.84013     1.6721     0.5607
 13.85554     1.6445     0.5495
 13.87096     1.6197     0.5396
 13.88637     1.6163     0.5395
 13.90178     1.6278     0.5467
 13.91720     1.6410     0.5556
 13.93261     1.6523     0.5644
 13.94802     1.6578     0.5710
 13.96344     1.6534     0.5725
 13.97885     1.6418     0.5705
 13.99426     1.6287     0.5675
 14.00968     1.6145     0.5635
 14.02509     1.5986     0.5584
 14.04050     1.5807     0.5522
 14.05592     1.5607     0.5449
 14.07133     1.5386     0.5365
 14.08674     1.5143     0.5269
 14.10216     1.4877     0.5160
 14.11757     1.4592     0.5039
 14.13298     1.4269     0.4899
 14.14840     1.3805     0.4689
 14.16381     1.3223     0.4424
 14.17922     1.2643     0.4156
 14.19464     1.2081     0.3878
 14.21005     1.1635     0.3648
 14.22546     1.1280     0.3482
 14.24088     1.0915     0.3327
 14.25629     1.0579     0.3188
 14.27170     1.0273     0.3061
 14.28712     0.9968     0.2935
 14.30253     0.9660     0.2809
 14.31794     0.9349     0.2683
 14.33336     0.9033     0.2556
 14.34877     0.8711     0.2428
 14.36418     0.8381     0.2299
 14.37960     0.7975     0.2137
 14.39501     0.7419     0.1911
 14.41042     0.6817     0.1666
 14.42584     0.6298     0.1456
 14.44125     0.5871     0.1285
 14.45666     0.5534     0.1154
 14.47208     0.5261     0.1050
 14.48749     0.5014     0.0958
 14.50290     0.4783     0.0875
 14.51832     0.4566     0.0799
 14.53373     0.4368     0.0731
 14.54914     0.4194     0.0673
 14.56456     0.4048     0.0626
 14.57997     0.3941     0.0591
 14.59538     0.3873     0.0568
 14.61080     0.3829     0.0554
 14.62621     0.3794     0.0542
 14.64162     0.3767     0.0532
 14.65704     0.3757     0.0524
 14.67245     0.3769     0.0520
 14.68786     0.3803     0.0519
 14.70328     0.3856     0.0520
 14.71869     0.3929     0.0520
 14.73410     0.4093     0.0529
 14.74952     0.4497     0.0569
 14.76493     0.5313     0.0658
 14.78034     0.6644     0.0806
 14.79576     0.8058     0.0962
 14.81117     0.9087     0.1073
 14.82658     0.9676     0.1132
 14.84200     0.9772     0.1133
 14.85741     0.9689     0.1112
 14.87282     0.9834     0.1119
 14.88824     1.0191     0.1149
 14.90365     1.0668     0.1191
 14.91906     1.1218     0.1240
 14.93448     1.1805     0.1293
 14.94989     1.2440     0.1350
 14.96530     1.3128     0.1411
 14.98072     1.3864     0.1476
 14.99613     1.4648     0.1545
 15.01154     1.5479     0.1617
 15.02696     1.6353     0.1693
 15.04237     1.7263     0.1774
 15.05778     1.8207     0.1860
 15.07320     1.9221     0.1954
 15.08861     2.0840     0.2121
 15.10402     2.2569     0.2304
 15.11944     2.2857     0.2323
 15.13485     2.1482     0.2162
 15.15026     1.9875     0.1984
 15.16568     1.8816     0.1871
 15.18109     1.7646     0.1749
 15.19650     1.6581     0.1633
 15.21192     1.5981     0.1557
 15.22733     1.5508     0.1496
 15.24274     1.5052     0.1443
 15.25816     1.4618     0.1395
 15.27357     1.4185     0.1346
 15.28898     1.3750     0.1298
 15.30440     1.3323     0.1251
 15.31981     1.2912     0.1205
 15.33522     1.2518     0.1161
 15.35064     1.2141     0.1119
 15.36605     1.1800     0.1081
 15.38146     1.1512     0.1049
 15.39688     1.1282     0.1024
 15.41229     1.1111     0.1004
 15.42770     1.1000     0.0990
 15.44312     1.0932     0.0979
 15.45853     1.0886     0.0970
 15.47394     1.0847     0.0957
 15.48936     1.0810     0.0941
 15.50477     1.0796     0.0927
 15.52018     1.0814     0.0916
 15.53560     1.0865     0.0909
 15.55101     1.0949     0.0903
 15.56642     1.1063     0.0900
 15.58184     1.1200     0.0900
 15.59725     1.1354     0.0900
 15.61266     1.1492     0.0902
 15.62808     1.1474     0.0899
 15.64349     1.1316     0.0893
 15.65890     1.1157     0.0888
 15.67432     1.1005     0.0883
 15.68973     1.0782     0.0872
 15.70514     1.0289     0.0834
 15.72056     0.9597     0.0773
 15.73597     0.8966     0.0713
 15.75138     0.8563     0.0676
 15.76680     0.8325     0.0658
 15.78221     0.8084     0.0645
 15.79762     0.8956     0.0797
 15.81304     0.9991     0.0972
 15.82845     0.9831     0.0969
 15.84386     0.9782     0.0976
 15.85928     1.0154     0.1045
 15.87469     1.0660     0.1134
 15.89010     1.0830     0.1174
 15.90552     0.9764     0.1034
 15.92093     0.8590     0.0877
 15.93634     0.8350     0.0853
 15.95176     0.8324     0.0860
 15.96717     0.8304     0.0869
 15.98258     0.8285     0.0878
 15.99800     0.8272     0.0887
 16.01341     0.8264     0.0897
 16.02882     0.8262     0.0906
 16.04424     0.8265     0.0916
 16.05965     0.8273     0.0925
 16.07506     0.8285     0.0935
 16.09048     0.8299     0.0945
 16.10589     0.8314     0.0955
 16.12130     0.8330     0.0965
 16.13672     0.8364     0.0978
 16.15213     0.8448     0.1002
 16.16754     0.8599     0.1038
 16.18296     0.8803     0.1085
 16.19837     0.9043     0.1138
 16.21378     0.9315     0.1197
 16.22920     0.9620     0.1263
 16.24461     1.0170     0.1379
 16.26002     1.1537     0.1668
 16.27544     1.3489     0.2076
 16.29085     1.5255     0.2440
 16.30626     1.5718     0.2525
 16.32168     1.5288     0.2424
 16.33709     1.5337     0.2430
 16.35250     1.5525     0.2467
 16.36792     1.5532     0.2467
 16.38333     1.5469     0.2451
 16.39874     1.5429     0.2438
 16.41416     1.5427     0.2431
 16.42957     1.5473     0.2431
 16.44498     1.5567     0.2439
 16.46040     1.5710     0.2455
 16.47581     1.5978     0.2489
 16.49122     1.6408     0.2548
 16.50664     1.6741     0.2594
 16.52205     1.6734     0.2591
 16.53746     1.6406     0.2542
 16.55288     1.6131     0.2498
 16.56829     1.5599     0.2406
 16.58370     1.4120     0.2163
 16.59912     1.2692     0.1931
 16.61453     1.1985     0.1814
 16.62994     1.1470     0.1730
 16.64536     1.0988     0.1651
 16.66077     1.0541     0.1578
 16.67618     1.0134     0.1512
 16.69160     0.9764     0.1452
 16.70701     0.9425     0.1398
 16.72242     0.9120     0.1350
 16.73784     0.8853     0.1307
 16.75325     0.8624     0.1270
 16.76866     0.8431     0.1239
 16.78408     0.8268     0.1212
 16.79949     0.8125     0.1188
 16.81490     0.8001     0.1167
 16.83032     0.7906     0.1149
 16.84573     0.7836     0.1134
 16.86114     0.7779     0.1121
 16.87656     0.7733     0.1109
 16.89197     0.7693     0.1099
 16.90738     0.7657     0.1089
 16.92280     0.7625     0.1080
 16.93821     0.7628     0.1076
 16.95362     0.7696     0.1083
 16.96904     0.7799     0.1095
 16.98445     0.7910     0.1107
 16.99986     0.8023     0.1117
 17.01528     0.8126     0.1125
 17.03069     0.8226     0.1133
 17.04610     0.8337     0.1143
 17.06152     0.8461     0.1156
 17.07693     0.8594     0.1171
 17.09234     0.8731     0.1187
 17.10776     0.8869     0.1205
 17.12317     0.9009     0.1224
 17.13858     0.9146     0.1244
 17.15400     0.9280     0.1264
 17.16941     0.9410     0.1285
 17.18482     0.9537     0.1307
 17.20024     0.9675     0.1331
 17.21565     0.9882     0.1368
 17.23106     1.0179     0.1421
 17.24648     1.0455     0.1472
 17.26189     1.0583     0.1504
 17.27730     1.0559     0.1514
 17.29272     1.0489     0.1518
 17.30813     1.0466     0.1531
 17.32354     1.0503     0.1552
 17.33896     1.0614     0.1585
 17.35437     1.0679     0.1609
 17.36978     1.0468     0.1581
 17.38520     1.0030     0.1513
 17.40061     0.9592     0.1445
 17.41602     0.9233     0.1391
 17.43144     0.8954     0.1352
 17.44685     0.8784     0.1332
 17.46226     0.8747     0.1334
 17.47768     0.8782     0.1349
 17.49309     0.8833     0.1367
 17.50850     0.8900     0.1388
 17.52392     0.8982     0.1413
 17.53933     0.9080     0.1439
 17.55474     0.9191     0.1469
 17.57016     0.9310     0.1501
 17.58557     0.9424     0.1532
 17.60098     0.9514     0.1558
 17.61640     0.9580     0.1580
 17.63181     0.9635     0.1601
 17.64722     0.9684     0.1621
 17.66264     0.9729     0.1640
 17.67805     0.9767     0.1658
 17.69346     0.9790     0.1672
 17.70888     0.9767     0.1677
 17.72429     0.9709     0.1674
 17.73970     0.9653     0.1670
 17.75512     0.9603     0.1667
 17.77053     0.9556     0.1665
 17.78594     0.9514     0.1663
 17.80136     0.9479     0.1662
 17.81677     0.9454     0.1663
 17.83218     0.9497     0.1679
 17.84760     0.9647     0.1722
 17.86301     0.9786     0.1763
 17.87842     0.9818     0.1780
 17.89384     0.9743     0.1771
 17.90925     0.9561     0.1738
 17.92466     0.9273     0.1681
 17.94008     0.8877     0.1598
 17.95549     0.8384     0.1493
 17.97090     0.7887     0.1385
 17.98632     0.7581     0.1317
 18.00173     0.7455     0.1291
 18.01714     0.7357     0.1270
 18.03256     0.7252     0.1248
 18.04797     0.7140     0.1224
 18.06338     0.7022     0.1198
 18.07880     0.6897     0.1170
 18.09421     0.6760     0.1139
 18.10962     0.6580     0.1097
 18.12504     0.6341     0.1040
 18.14045     0.6091     0.0980
 18.15586     0.5866     0.0926
 18.17128     0.5667     0.0879
 18.18669     0.5496     0.0838
 18.20210     0.5351     0.0804
 18.21752     0.5234     0.0776
 18.23293     0.5143     0.0755
 18.24834     0.5076     0.0740
 18.26376     0.5021     0.0727
 18.27917     0.4969     0.0715
 18.29458     0.4920     0.0704
 18.31000     0.4874     0.0693
 18.32541     0.4830     0.0683
 18.34082     0.4789     0.0673
 18.35624     0.4751     0.0663
 18.37165     0.4716     0.0655
 18.38706     0.4683     0.0646
 18.40248     0.4652     0.0638
 18.41789     0.4623     0.0630
 18.43330     0.4596     0.0622
 18.44872     0.4571     0.0615
 18.46413     0.4548     0.0607
 18.47954     0.4530     0.0601
 18.49496     0.4518     0.0595
 18.51037     0.4516     0.0590
 18.52578     0.4523     0.0585
 18.54120     0.4538     0.0582
 18.55661     0.4563     0.0580
 18.57202     0.4597     0.0579
 18.58744     0.4641     0.0579
 18.60285     0.4693     0.0580
 18.61826     0.4758     0.0581
 18.63368     0.4838     0.0583
 18.64909     0.4930     0.0582
 18.66450     0.5012     0.0579
 18.67992     0.5067     0.0575
 18.69533     0.5092     0.0569
 18.71074     0.5088     0.0561
 18.72616     0.5054     0.0550
 18.74157     0.4988     0.0538
 18.75698     0.4842     0.0521
 18.77240     0.4522     0.0491
 18.78781     0.4123     0.0458
 18.80322     0.3907     0.0437
 18.81864     0.3843     0.0427
 18.83405     0.3781     0.0417
 18.84946     0.3718     0.0407
 18.86488     0.3655     0.0397
 18.88029     0.3591     0.0388
 18.89570     0.3528     0.0378
 18.91112     0.3463     0.0369
 18.92653     0.3399     0.0360
 18.94194     0.3335     0.0351
 18.95736     0.3273     0.0342
 18.97277     0.3211     0.0333
 18.98818     0.3151     0.0324
 19.00360     0.3093     0.0316
 19.01901     0.3035     0.0308
 19.03442     0.2978     0.0299
 19.04984     0.2922     0.0291
 19.06525     0.2867     0.0283
 19.08066     0.2813     0.0275
 19.09608     0.2758     0.0267
 19.11149     0.2704     0.0259
 19.12690     0.2649     0.0251
 19.14232     0.2594     0.0243
 19.15773     0.2538     0.0235
 19.17314     0.2483     0.0227
 19.18856     0.2427     0.0218
 19.20397     0.2370     0.0210
 19.21938     0.2313     0.0201
 19.23480     0.2256     0.0193
 19.25021     0.2196     0.0184
 19.26562     0.2133     0.0175
 19.28104     0.2062     0.0165
 19.29645     0.1977     0.0153
 19.31186     0.1878     0.0140
 19.32728     0.1771     0.0125
 19.34269     0.1686     0.0114
 19.35810     0.1637     0.0109
 19.37352     0.1610     0.0107
 19.38893     0.1612     0.0111
 19.40434     0.1648     0.0120
 19.41976     0.1732     0.0138
 19.43517     0.1871     0.0166
 19.45058     0.2039     0.0200
 19.46600     0.2219     0.0236
 19.48141     0.2409     0.0273
 19.49682     0.2607     0.0312
 19.51224     0.2807     0.0350
 19.52765     0.3006     0.0389
 19.54306     0.3201     0.0427
 19.55848     0.3394     0.0466
 19.57389     0.3584     0.0504
 19.58930     0.3785     0.0546
 19.60472     0.4013     0.0595
 19.62013     0.4266     0.0650
 19.63554     0.4529     0.0709
 19.65096     0.4794     0.0769
 19.66637     0.5055     0.0829
 19.68178     0.5413     0.0919
 19.69720     0.6803     0.1295
 19.71261     0.8287     0.1696
 19.72802     0.8391     0.1717
 19.74344     0.8146     0.1640
 19.75885     0.8097     0.1617
 19.77426     0.8037     0.1591
 19.78968     0.7944     0.1556
 19.80509     0.7819     0.1514
 19.82050     0.7676     0.1467
 19.83592     0.7529     0.1420
 19.85133     0.7383     0.1374
 19.86674     0.7238     0.1328
 19.88216     0.7094     0.1282
 19.89757     0.6951     0.1238
 19.91298     0.6810     0.1194
 19.92840     0.6675     0.1151
 19.94381     0.6546     0.1109
 19.95922     0.6433     0.1072
 19.97464     0.6414     0.1056
 19.99005     0.6577     0.1070
 20.00546     0.6660     0.1068
 20.02088     0.6571     0.1039
 20.03629     0.6507     0.1018
 20.05170     0.6472     0.1006
 20.06712     0.6442     0.0996
 20.08253     0.6406     0.0986
 20.09794     0.6364     0.0974
 20.11336     0.6315     0.0962
 20.12877     0.6260     0.0949
 20.14418     0.6198     0.0936
 20.15960     0.6129     0.0921
 20.17501     0.6054     0.0906
 20.19042     0.5972     0.0890
 20.20584     0.5884     0.0874
 20.22125     0.5789     0.0856
 20.23666     0.5688     0.0838
 20.25208     0.5581     0.0819
 20.26749     0.5470     0.0799
 20.28290     0.5365     0.0779
 20.29832     0.5276     0.0761
 20.31373     0.5203     0.0745
 20.32914     0.5142     0.0731
 20.34456     0.5093     0.0718
 20.35997     0.5050     0.0707
 20.37538     0.5007     0.0696
 20.39080     0.4964     0.0685
 20.40621     0.4920     0.0674
 20.42162     0.4877     0.0664
 20.43704     0.4833     0.0654
 20.45245     0.4788     0.0644
 20.46786     0.4743     0.0634
 20.48328     0.4698     0.0625
 20.49869     0.4652     0.0615
 20.51410     0.4608     0.0606
 20.52952     0.4567     0.0597
 20.54493     0.4530     0.0589
 20.56034     0.4498     0.0581
 20.57576     0.4470     0.0574
 20.59117     0.4445     0.0567
 20.60658     0.4425     0.0561
 20.62200     0.4407     0.0555
 20.63741     0.4389     0.0549
 20.65282     0.4372     0.0543
 20.66824     0.4355     0.0537
 20.68365     0.4338     0.0531
 20.69906     0.4321     0.0526
 20.71448     0.4303     0.0520
 20.72989     0.4285     0.0514
 20.74530     0.4266     0.0508
 20.76072     0.4247     0.0502
 20.77613     0.4227     0.0497
 20.79154     0.4207     0.0491
 20.80696     0.4186     0.0485
 20.82237     0.4165     0.0479
 20.83778     0.4143     0.0474
 20.85320     0.4121     0.0468
 20.86861     0.4098     0.0462
 20.88402     0.4074     0.0456
 20.89944     0.4050     0.0451
 20.91485     0.4026     0.0445
 20.93026     0.4002     0.0440
 20.94568     0.3981     0.0434
 20.96109     0.3961     0.0429
 20.97650     0.3944     0.0425
 20.99192     0.3928     0.0420
 21.00733     0.3914     0.0416
 21.02274     0.3903     0.0412
 21.03816     0.3893     0.0408
 21.05357     0.3886     0.0405
 21.06898     0.3880     0.0402
 21.08440     0.3864     0.0398
 21.09981     0.3836     0.0393
 21.11522     0.3804     0.0387
 21.13064     0.3769     0.0382
 21.14605     0.3732     0.0376
 21.16146     0.3693     0.0370
 21.17688     0.3652     0.0365
 21.19229     0.3609     0.0359
 21.20770     0.3566     0.0354
 21.22312     0.3523     0.0348
 21.23853     0.3479     0.0343
 21.25394     0.3436     0.0337
 21.26936     0.3394     0.0332
 21.28477     0.3351     0.0327
 21.30018     0.3308     0.0322
 21.31560     0.3265     0.0317
 21.33101     0.3223     0.0312
 21.34642     0.3181     0.0307
 21.36184     0.3139     0.0302
 21.37725     0.3096     0.0298
 21.39266     0.3054     0.0293
 21.40808     0.3011     0.0289
 21.42349     0.2968     0.0284
 21.43890     0.2924     0.0280
 21.45432     0.2881     0.0276
 21.46973     0.2837     0.0271
 21.48514     0.2795     0.0267
 21.50056     0.2756     0.0263
 21.51597     0.2717     0.0260
 21.53138     0.2679     0.0256
 21.54680     0.2642     0.0252
 21.56221     0.2605     0.0249
 21.57762     0.2569     0.0245
 21.59304     0.2534     0.0242
 21.60845     0.2501     0.0239
 21.62386     0.2473     0.0236
 21.63928     0.2455     0.0233
 21.65469     0.2446     0.0232
 21.67010     0.2448     0.0231
 21.68552     0.2457     0.0230
 21.70093     0.2474     0.0230
 21.71634     0.2496     0.0230
 21.73176     0.2525     0.0231
 21.74717     0.2560     0.0232
 21.76258     0.2564     0.0232
 21.77800     0.2514     0.0227
 21.79341     0.2452     0.0222
 21.80882     0.2398     0.0218
 21.82424     0.2355     0.0214
 21.83965     0.2320     0.0211
 21.85506     0.2295     0.0208
 21.87048     0.2280     0.0207
 21.88589     0.2274     0.0205
 21.90130     0.2277     0.0205
 21.91672     0.2290     0.0205
 21.93213     0.2312     0.0206
 21.94754     0.2339     0.0207
 21.96296     0.2368     0.0209
 21.97837     0.2399     0.0210
 21.99378     0.2434     0.0212
 22.00920     0.2472     0.0215
 22.02461     0.2514     0.0217
 22.04002     0.2558     0.0220
 22.05544     0.2607     0.0223
 22.07085     0.2659     0.0226
 22.08626     0.2714     0.0230
 22.10168     0.2772     0.0233
 22.11709     0.2833     0.0237
 22.13250     0.2896     0.0242
 22.14792     0.2961     0.0246
 22.16333     0.3027     0.0250
 22.17874     0.3094     0.0255
 22.19416     0.3162     0.0260
 22.20957     0.3231     0.0264
 22.22498     0.3293     0.0268
 22.24040     0.3335     0.0271
 22.25581     0.3360     0.0271
 22.27122     0.3381     0.0271
 22.28664     0.3400     0.0272
 22.30205     0.3416     0.0271
 22.31746     0.3430     0.0271
 22.33288     0.3440     0.0270
 22.34829     0.3448     0.0269
 22.36370     0.3453     0.0267
 22.37912     0.3455     0.0266
 22.39453     0.3453     0.0263
 22.40994     0.3448     0.0261
 22.42536     0.3442     0.0258
 22.44077     0.3441     0.0256
 22.45618     0.3449     0.0255
 22.47160     0.3466     0.0255
 22.48701     0.3493     0.0255
 22.50242     0.3528     0.0256
 22.51784     0.3567     0.0257
 22.53325     0.3608     0.0259
 22.54866     0.3650     0.0261
 22.56408     0.3694     0.0262
 22.57949     0.3738     0.0264
 22.59490     0.3783     0.0266
 22.61032     0.3830     0.0267
 22.62573     0.3885     0.0270
 22.64114     0.3962     0.0274
 22.65656     0.4100     0.0280
 22.67197     0.4355     0.0291
 22.68738     0.4789     0.0309
 22.70280     0.5833     0.0347
 22.71821     0.7116     0.0390
 22.73362     0.7643     0.0407
 22.74904     0.7507     0.0402
 22.76445     0.7205     0.0391
 22.77986     0.6923     0.0380
 22.79528     0.6665     0.0370
 22.81069     0.6429     0.0359
 22.82610     0.6223     0.0350
 22.84152     0.6043     0.0342
 22.85693     0.5885     0.0335
 22.87234     0.5751     0.0329
 22.88776     0.5641     0.0324
 22.90317     0.5554     0.0321
 22.91858     0.5489     0.0318
 22.93400     0.5442     0.0316
 22.94941     0.5407     0.0314
 22.96482     0.5382     0.0313
 22.98024     0.5368     0.0312
 22.99565     0.5368     0.0312
