% rows 2895 cols 3
-21.60850     0.0000     0.0000
-21.59308     0.0000     0.0000
-21.57767     0.0000     0.0000
-21.56226     0.0000     0.0000
-21.54684     0.0000     0.0000
-21.53143     0.0000     0.0000
-21.51602     0.0000     0.0000
-21.50060     0.0000     0.0000
-21.48519     0.0000     0.0000
-21.46978     0.0000     0.0000
-21.45436     0.0000     0.0000
-21.43895     0.0000     0.0000
-21.42354     0.0000     0.0000
-21.40812     0.0000     0.0000
-21.39271     0.0000     0.0000
-21.37730     0.0000     0.0000
-21.36188     0.0000     0.0000
-21.34647     0.0000     0.0000
-21.33106     0.0000     0.0000
-21.31564     0.0000     0.0000
-21.30023     0.0000     0.0000
-21.28482     0.0000     0.0000
-21.26940     0.0000     0.0000
-21.25399     0.0000     0.0000
-21.23858     0.0000     0.0000
-21.22316     0.0000     0.0000
-21.20775     0.0000     0.0000
-21.19234     0.0000     0.0000
-21.17692     0.0000     0.0000
-21.16151     0.0000     0.0000
-21.14610     0.0000     0.0000
-21.13068     0.0000     0.0000
-21.11527     0.0000     0.0000
-21.09986     0.0000     0.0000
-21.08444     0.0000     0.0000
-21.06903     0.0000     0.0000
-21.05362     0.0000     0.0000
-21.03820     0.0000     0.0000
-21.02279     0.0000     0.0000
-21.00738     0.0000     0.0000
-20.99196     0.0000     0.0000
-20.97655     0.0000     0.0000
-20.96114     0.0000     0.0000
-20.94572     0.0000     0.0000
-20.93031     0.0000     0.0000
-20.91490     0.0000     0.0000
-20.89948     0.0000     0.0000
-20.88407     0.0000     0.0000
-20.86866     0.0000     0.0000
-20.85324     0.0000     0.0000
-20.83783     0.0000     0.0000
-20.82242     0.0000     0.0000
-20.80700     0.0000     0.0000
-20.79159     0.0000     0.0000
-20.77618     0.0000     0.0000
-20.76076     0.0000     0.0000
-20.74535     0.0000     0.0000
-20.72994     0.0000     0.0000
-20.71452     0.0000     0.0000
-20.69911     0.0000     0.0000
-20.68370     0.0000     0.0000
-20.66828     0.0000     0.0000
-20.65287     0.0000     0.0000
-20.63746     0.0000     0.0000
-20.62204     0.0000     0.0000
-20.60663     0.0000     0.0000
-20.59122     0.0000     0.0000
-20.57580     0.0000     0.0000
-20.56039     0.0000     0.0000
-20.54498     0.0000     0.0000
-20.52956     0.0000     0.0000
-20.51415     0.0000     0.0000
-20.49874     0.0000     0.0000
-20.48332     0.0000     0.0000
-20.46791     0.0000     0.0000
-20.45250     0.0000     0.0000
-20.43708     0.0000     0.0000
-20.42167     0.0000     0.0000
-20.40626     0.0000     0.0000
-20.39084     0.0000     0.0000
-20.37543     0.0000     0.0000
-20.36002     0.0000     0.0000
-20.34460     0.0000     0.0000
-20.32919     0.0000     0.0000
-20.31378     0.0000     0.0000
-20.29836     0.0000     0.0000
-20.28295     0.0000     0.0000
-20.26754     0.0000     0.0000
-20.25212     0.0000     0.0000
-20.23671     0.0000     0.0000
-20.22130     0.0000     0.0000
-20.20588     0.0000     0.0000
-20.19047     0.0000     0.0000
-20.17506     0.0000     0.0000
-20.15964     0.0000     0.0000
-20.14423     0.0000     0.0000
-20.12882     0.0000     0.0000
-20.11340     0.0000     0.0000
-20.09799     0.0000     0.0000
-20.08258     0.0000     0.0000
-20.06716     0.0000     0.0000
-20.05175     0.0000     0.0000
-20.03634     0.0000     0.0000
-20.02092     0.0000     0.0000
-20.00551     0.0000     0.0000
-19.99010     0.0000     0.0000
-19.97468     0.0000     0.0000
-19.95927     0.0000     0.0000
-19.94386     0.0000     0.0000
-19.92844     0.0000     0.0000
-19.91303     0.0000     0.0000
-19.89762     0.0000     0.0000
-19.88220     0.0000     0.0000
-19.86679     0.0000     0.0000
-19.85138     0.0000     0.0000
-19.83596     0.0000     0.0000
-19.82055     0.0000     0.0000
-19.80514     0.0000     0.0000
-19.78972     0.0000     0.0000
-19.77431     0.0000     0.0000
-19.75890     0.0000     0.0000
-19.74348     0.0000     0.0000
-19.72807     0.0000     0.0000
-19.71266     0.0000     0.0000
-19.69724     0.0000     0.0000
-19.68183     0.0000     0.0000
-19.66642     0.0000     0.0000
-19.65100     0.0000     0.0000
-19.63559     0.0000     0.0000
-19.62018     0.0000     0.0000
-19.60476     0.0000     0.0000
-19.58935     0.0000     0.0000
-19.57394     0.0000     0.0000
-19.55852     0.0000     0.0000
-19.54311     0.0000     0.0000
-19.52770     0.0000     0.0000
-19.51228     0.0000     0.0000
-19.49687     0.0000     0.0000
-19.48146     0.0000     0.0000
-19.46604     0.0000     0.0000
-19.45063     0.0000     0.0000
-19.43522     0.0000     0.0000
-19.41980     0.0000     0.0000
-19.40439     0.0000     0.0000
-19.38898     0.0000     0.0000
-19.37356     0.0000     0.0000
-19.35815     0.0000     0.0000
-19.34274     0.0000     0.0000
-19.32732     0.0000     0.0000
-19.31191     0.0000     0.0000
-19.29650     0.0000     0.0000
-19.28108     0.0000     0.0000
-19.26567     0.0000     0.0000
-19.25026     0.0000     0.0000
-19.23484     0.0000     0.0000
-19.21943     0.0000     0.0000
-19.20402     0.0000     0.0000
-19.18860     0.0000     0.0000
-19.17319     0.0000     0.0000
-19.15778     0.0000     0.0000
-19.14236     0.0000     0.0000
-19.12695     0.0000     0.0000
-19.11154     0.0000     0.0000
-19.09612     0.0000     0.0000
-19.08071     0.0000     0.0000
-19.06530     0.0000     0.0000
-19.04988     0.0000     0.0000
-19.03447     0.0000     0.0000
-19.01906     0.0000     0.0000
-19.00364     0.0000     0.0000
-18.98823     0.0000     0.0000
-18.97282     0.0000     0.0000
-18.95740     0.0000     0.0000
-18.94199     0.0000     0.0000
-18.92658     0.0000     0.0000
-18.91116     0.0000     0.0000
-18.89575     0.0000     0.0000
-18.88034     0.0000     0.0000
-18.86492     0.0000     0.0000
-18.84951     0.0000     0.0000
-18.83410     0.0000     0.0000
-18.81868     0.0000     0.0000
-18.80327     0.0000     0.0000
-18.78786     0.0000     0.0000
-18.77244     0.0000     0.0000
-18.75703     0.0000     0.0000
-18.74162     0.0000     0.0000
-18.72620     0.0000     0.0000
-18.71079     0.0000     0.0000
-18.69538     0.0000     0.0000
-18.67996     0.0000     0.0000
-18.66455     0.0000     0.0000
-18.64914     0.0000     0.0000
-18.63372     0.0000     0.0000
-18.61831     0.0000     0.0000
-18.60290     0.0000     0.0000
-18.58748     0.0000     0.0000
-18.57207     0.0000     0.0000
-18.55666     0.0000     0.0000
-18.54124     0.0000     0.0000
-18.52583     0.0000     0.0000
-18.51042     0.0000     0.0000
-18.49500     0.0000     0.0000
-18.47959     0.0000     0.0000
-18.46418     0.0000     0.0000
-18.44876     0.0000     0.0000
-18.43335     0.0000     0.0000
-18.41794     0.0000     0.0000
-18.40252     0.0000     0.0000
-18.38711     0.0016     0.0000
-18.37170     0.0083     0.0001
-18.35628     0.0212     0.0002
-18.34087     0.0384     0.0004
-18.32546     0.0589     0.0005
-18.31004     0.0827     0.0008
-18.29463     0.1101     0.0010
-18.27922     0.1422     0.0013
-18.26380     0.1793     0.0017
-18.24839     0.2189     0.0021
-18.23298     0.2590     0.0025
-18.21756     0.2990     0.0029
-18.20215     0.3391     0.0033
-18.18674     0.3792     0.0037
-18.17132     0.4192     0.0041
-18.15591     0.4593     0.0046
-18.14050     0.4993     0.0050
-18.12508     0.5394     0.0054
-18.10967     0.5795     0.0058
-18.09426     0.6196     0.0062
-18.07884     0.6455     0.0065
-18.06343     0.6410     0.0065
-18.04802     0.6299     0.0065
-18.03260     0.6284     0.0065
-18.01719     0.6260     0.0065
-18.00178     0.6221     0.0064
-17.98636     0.6152     0.0064
-17.97095     0.6038     0.0062
-17.95554     0.5726     0.0059
-17.94012     0.5440     0.0055
-17.92471     0.5431     0.0055
-17.90930     0.5497     0.0056
-17.89388     0.5563     0.0056
-17.87847     0.5630     0.0057
-17.86306     0.5696     0.0058
-17.84764     0.5763     0.0058
-17.83223     0.5829     0.0059
-17.81682     0.5895     0.0059
-17.80140     0.5962     0.0060
-17.78599     0.6028     0.0060
-17.77058     0.6095     0.0061
-17.75516     0.6161     0.0062
-17.73975     0.6228     0.0062
-17.72434     0.6295     0.0063
-17.70892     0.6361     0.0063
-17.69351     0.6428     0.0064
-17.67810     0.6494     0.0065
-17.66268     0.6561     0.0065
-17.64727     0.6628     0.0066
-17.63186     0.6694     0.0066
-17.61644     0.6761     0.0067
-17.60103     0.6828     0.0067
-17.58562     0.6895     0.0068
-17.57020     0.6961     0.0069
-17.55479     0.7028     0.0069
-17.53938     0.7099     0.0070
-17.52396     0.7183     0.0070
-17.50855     0.7283     0.0071
-17.49314     0.7393     0.0072
-17.47772     0.7512     0.0072
-17.46231     0.7639     0.0073
-17.44690     0.7776     0.0074
-17.43148     0.7926     0.0075
-17.41607     0.8089     0.0076
-17.40066     0.8264     0.0076
-17.38524     0.8443     0.0077
-17.36983     0.8621     0.0078
-17.35442     0.8800     0.0079
-17.33900     0.8979     0.0080
-17.32359     0.9155     0.0081
-17.30818     0.9329     0.0081
-17.29276     0.9499     0.0082
-17.27735     0.9669     0.0083
-17.26194     0.9837     0.0083
-17.24652     1.0005     0.0084
-17.23111     1.0173     0.0085
-17.21570     1.0343     0.0085
-17.20028     1.0515     0.0086
-17.18487     1.0688     0.0087
-17.16946     1.0862     0.0087
-17.15404     1.1036     0.0088
-17.13863     1.1210     0.0088
-17.12322     1.1384     0.0089
-17.10780     1.1558     0.0090
-17.09239     1.1733     0.0090
-17.07698     1.1908     0.0091
-17.06156     1.2083     0.0091
-17.04615     1.2258     0.0092
-17.03074     1.2433     0.0092
-17.01532     1.2609     0.0093
-16.99991     1.2784     0.0093
-16.98450     1.2960     0.0094
-16.96908     1.3136     0.0094
-16.95367     1.3313     0.0095
-16.93826     1.3489     0.0095
-16.92284     1.3666     0.0095
-16.90743     1.3842     0.0096
-16.89202     1.4019     0.0096
-16.87660     1.4433     0.0098
-16.86119     1.6533     0.0109
-16.84578     2.1502     0.0136
-16.83036     2.9836     0.0182
-16.81495     3.8093     0.0227
-16.79954     4.2806     0.0246
-16.78412     4.4574     0.0243
-16.76871     4.1764     0.0209
-16.75330     3.4708     0.0152
-16.73788     2.8294     0.0106
-16.72247     2.6214     0.0087
-16.70706     2.7038     0.0081
-16.69164     2.8213     0.0077
-16.67623     2.9503     0.0073
-16.66082     3.1136     0.0070
-16.64540     3.4469     0.0071
-16.62999     4.3290     0.0087
-16.61458     6.2455     0.0138
-16.59916     8.7234     0.0216
-16.58375    10.2610     0.0274
-16.56834    11.5127     0.0327
-16.55292    12.5927     0.0378
-16.53751    12.6136     0.0389
-16.52210    11.4801     0.0352
-16.50668     9.4355     0.0280
-16.49127     7.8213     0.0223
-16.47586     4.0015     0.0111
-16.46044     0.3731     0.0010
-16.44503     0.0000     0.0000
-16.42962     0.0000     0.0000
-16.41420     0.0000     0.0000
-16.39879     0.0000     0.0000
-16.38338     0.0000     0.0000
-16.36796     0.0000     0.0000
-16.35255     0.0000     0.0000
-16.33714     0.0000     0.0000
-16.32172     0.0000     0.0000
-16.30631     0.0000     0.0000
-16.29090     0.0000     0.0000
-16.27548     0.0000     0.0000
-16.26007     0.0000     0.0000
-16.24466     0.0000     0.0000
-16.22924     0.0000     0.0000
-16.21383     0.0000     0.0000
-16.19842     0.0000     0.0000
-16.18300     0.0000     0.0000
-16.16759     0.0000     0.0000
-16.15218     0.0000     0.0000
-16.13676     0.0000     0.0000
-16.12135     0.0000     0.0000
-16.10594     0.0000     0.0000
-16.09052     0.0000     0.0000
-16.07511     0.0000     0.0000
-16.05970     0.0000     0.0000
-16.04428     0.0000     0.0000
-16.02887     0.0000     0.0000
-16.01346     0.0000     0.0000
-15.99804     0.0000     0.0000
-15.98263     0.0000     0.0000
-15.96722     0.0000     0.0000
-15.95180     0.0000     0.0000
-15.93639     0.0000     0.0000
-15.92098     0.0000     0.0000
-15.90556     0.0000     0.0000
-15.89015     0.0000     0.0000
-15.87474     0.0000     0.0000
-15.85932     0.0000     0.0000
-15.84391     0.0000     0.0000
-15.82850     0.0000     0.0000
-15.81308     0.0000     0.0000
-15.79767     0.0000     0.0000
-15.78226     0.0000     0.0000
-15.76684     0.0000     0.0000
-15.75143     0.0000     0.0000
-15.73602     0.0000     0.0000
-15.72060     0.0000     0.0000
-15.70519     0.0000     0.0000
-15.68978     0.0000     0.0000
-15.67436     0.0000     0.0000
-15.65895     0.0000     0.0000
-15.64354     0.0000     0.0000
-15.62812     0.0000     0.0000
-15.61271     0.0000     0.0000
-15.59730     0.0000     0.0000
-15.58188     0.0000     0.0000
-15.56647     0.0000     0.0000
-15.55106     0.0000     0.0000
-15.53564     0.0000     0.0000
-15.52023     0.0000     0.0000
-15.50482     0.0000     0.0000
-15.48940     0.0000     0.0000
-15.47399     0.0000     0.0000
-15.45858     0.0000     0.0000
-15.44316     0.0000     0.0000
-15.42775     0.0000     0.0000
-15.41234     0.0000     0.0000
-15.39692     0.0000     0.0000
-15.38151     0.0000     0.0000
-15.36610     0.0000     0.0000
-15.35068     0.0000     0.0000
-15.33527     0.0000     0.0000
-15.31986     0.0000     0.0000
-15.30444     0.0000     0.0000
-15.28903     0.0000     0.0000
-15.27362     0.0000     0.0000
-15.25820     0.0000     0.0000
-15.24279     0.0000     0.0000
-15.22738     0.0000     0.0000
-15.21196     0.0000     0.0000
-15.19655     0.0000     0.0000
-15.18114     0.0000     0.0000
-15.16572     0.0000     0.0000
-15.15031     0.0000     0.0000
-15.13490     0.0000     0.0000
-15.11948     0.0000     0.0000
-15.10407     0.0000     0.0000
-15.08866     0.0000     0.0000
-15.07324     0.0000     0.0000
-15.05783     0.0000     0.0000
-15.04242     0.0000     0.0000
-15.02700     0.0000     0.0000
-15.01159     0.0000     0.0000
-14.99618     0.0000     0.0000
-14.98076     0.0000     0.0000
-14.96535     0.0000     0.0000
-14.94994     0.0000     0.0000
-14.93452     0.0000     0.0000
-14.91911     0.0000     0.0000
-14.90370     0.0000     0.0000
-14.88828     0.0000     0.0000
-14.87287     0.0000     0.0000
-14.85746     0.0000     0.0000
-14.84204     0.0000     0.0000
-14.82663     0.0000     0.0000
-14.81122     0.0000     0.0000
-14.79580     0.0000     0.0000
-14.78039     0.0000     0.0000
-14.76498     0.0000     0.0000
-14.74956     0.0000     0.0000
-14.73415     0.0000     0.0000
-14.71874     0.0000     0.0000
-14.70332     0.0000     0.0000
-14.68791     0.0000     0.0000
-14.67250     0.0000     0.0000
-14.65708     0.0000     0.0000
-14.64167     0.0000     0.0000
-14.62626     0.0000     0.0000
-14.61084     0.0000     0.0000
-14.59543     0.0000     0.0000
-14.58002     0.0000     0.0000
-14.56460     0.0000     0.0000
-14.54919     0.0000     0.0000
-14.53378     0.0000     0.0000
-14.51836     0.0000     0.0000
-14.50295     0.0000     0.0000
-14.48754     0.0000     0.0000
-14.47212     0.0000     0.0000
-14.45671     0.0000     0.0000
-14.44130     0.0000     0.0000
-14.42588     0.0000     0.0000
-14.41047     0.0000     0.0000
-14.39506     0.0000     0.0000
-14.37964     0.0000     0.0000
-14.36423     0.0000     0.0000
-14.34882     0.0000     0.0000
-14.33340     0.0000     0.0000
-14.31799     0.0000     0.0000
-14.30258     0.0000     0.0000
-14.28716     0.0000     0.0000
-14.27175     0.0000     0.0000
-14.25634     0.0000     0.0000
-14.24092     0.0000     0.0000
-14.22551     0.0000     0.0000
-14.21010     0.0000     0.0000
-14.19468     0.0000     0.0000
-14.17927     0.0000     0.0000
-14.16386     0.0000     0.0000
-14.14844     0.0000     0.0000
-14.13303     0.0000     0.0000
-14.11762     0.0000     0.0000
-14.10220     0.0000     0.0000
-14.08679     0.0000     0.0000
-14.07138     0.0000     0.0000
-14.05596     0.0000     0.0000
-14.04055     0.0000     0.0000
-14.02514     0.0000     0.0000
-14.00972     0.0000     0.0000
-13.99431     0.0000     0.0000
-13.97890     0.0000     0.0000
-13.96348     0.0000     0.0000
-13.94807     0.0000     0.0000
-13.93266     0.0000     0.0000
-13.91724     0.0000     0.0000
-13.90183     0.0000     0.0000
-13.88642     0.0000     0.0000
-13.87100     0.0000     0.0000
-13.85559     0.0000     0.0000
-13.84018     0.0000     0.0000
-13.82476     0.0000     0.0000
-13.80935     0.0000     0.0000
-13.79394     0.0000     0.0000
-13.77852     0.0000     0.0000
-13.76311     0.0000     0.0000
-13.74770     0.0000     0.0000
-13.73228     0.0000     0.0000
-13.71687     0.0000     0.0000
-13.70146     0.0000     0.0000
-13.68604     0.0000     0.0000
-13.67063     0.0000     0.0000
-13.65522     0.0000     0.0000
-13.63980     0.0000     0.0000
-13.62439     0.0000     0.0000
-13.60898     0.0000     0.0000
-13.59356     0.0000     0.0000
-13.57815     0.0000     0.0000
-13.56274     0.0000     0.0000
-13.54732     0.0000     0.0000
-13.53191     0.0000     0.0000
-13.51650     0.0000     0.0000
-13.50108     0.0000     0.0000
-13.48567     0.0000     0.0000
-13.47026     0.0000     0.0000
-13.45484     0.0000     0.0000
-13.43943     0.0000     0.0000
-13.42402     0.0000     0.0000
-13.40860     0.0000     0.0000
-13.39319     0.0000     0.0000
-13.37778     0.0000     0.0000
-13.36236     0.0000     0.0000
-13.34695     0.0000     0.0000
-13.33154     0.0000     0.0000
-13.31612     0.0000     0.0000
-13.30071     0.0000     0.0000
-13.28530     0.0000     0.0000
-13.26988     0.0000     0.0000
-13.25447     0.0000     0.0000
-13.23906     0.0000     0.0000
-13.22364     0.0000     0.0000
-13.20823     0.0000     0.0000
-13.19282     0.0000     0.0000
-13.17740     0.0000     0.0000
-13.16199     0.0000     0.0000
-13.14658     0.0000     0.0000
-13.13116     0.0000     0.0000
-13.11575     0.0000     0.0000
-13.10034     0.0000     0.0000
-13.08492     0.0000     0.0000
-13.06951     0.0000     0.0000
-13.05410     0.0000     0.0000
-13.03868     0.0000     0.0000
-13.02327     0.0000     0.0000
-13.00786     0.0000     0.0000
-12.99244     0.0000     0.0000
-12.97703     0.0000     0.0000
-12.96162     0.0000     0.0000
-12.94620     0.0000     0.0000
-12.93079     0.0000     0.0000
-12.91538     0.0000     0.0000
-12.89996     0.0000     0.0000
-12.88455     0.0000     0.0000
-12.86914     0.0000     0.0000
-12.85372     0.0000     0.0000
-12.83831     0.0000     0.0000
-12.82290     0.0000     0.0000
-12.80748     0.0000     0.0000
-12.79207     0.0000     0.0000
-12.77666     0.0000     0.0000
-12.76124     0.0000     0.0000
-12.74583     0.0000     0.0000
-12.73042     0.0000     0.0000
-12.71500     0.0000     0.0000
-12.69959     0.0000     0.0000
-12.68418     0.0000     0.0000
-12.66876     0.0000     0.0000
-12.65335     0.0000     0.0000
-12.63794     0.0000     0.0000
-12.62252     0.0000     0.0000
-12.60711     0.0000     0.0000
-12.59170     0.0000     0.0000
-12.57628     0.0000     0.0000
-12.56087     0.0000     0.0000
-12.54546     0.0000     0.0000
-12.53004     0.0000     0.0000
-12.51463     0.0000     0.0000
-12.49922     0.0000     0.0000
-12.48380     0.0000     0.0000
-12.46839     0.0000     0.0000
-12.45298     0.0000     0.0000
-12.43756     0.0000     0.0000
-12.42215     0.0000     0.0000
-12.40674     0.0000     0.0000
-12.39132     0.0000     0.0000
-12.37591     0.0000     0.0000
-12.36050     0.0000     0.0000
-12.34508     0.0000     0.0000
-12.32967     0.0000     0.0000
-12.31426     0.0000     0.0000
-12.29884     0.0000     0.0000
-12.28343     0.0000     0.0000
-12.26802     0.0000     0.0000
-12.25260     0.0000     0.0000
-12.23719     0.0000     0.0000
-12.22178     0.0000     0.0000
-12.20636     0.0000     0.0000
-12.19095     0.0000     0.0000
-12.17554     0.0000     0.0000
-12.16012     0.0000     0.0000
-12.14471     0.0000     0.0000
-12.12930     0.0000     0.0000
-12.11388     0.0000     0.0000
-12.09847     0.0000     0.0000
-12.08306     0.0000     0.0000
-12.06764     0.0000     0.0000
-12.05223     0.0000     0.0000
-12.03682     0.0000     0.0000
-12.02140     0.0000     0.0000
-12.00599     0.0000     0.0000
-11.99058     0.0000     0.0000
-11.97516     0.0000     0.0000
-11.95975     0.0000     0.0000
-11.94434     0.0000     0.0000
-11.92892     0.0000     0.0000
-11.91351     0.0000     0.0000
-11.89810     0.0000     0.0000
-11.88268     0.0000     0.0000
-11.86727     0.0000     0.0000
-11.85186     0.0000     0.0000
-11.83644     0.0000     0.0000
-11.82103     0.0000     0.0000
-11.80562     0.0000     0.0000
-11.79020     0.0000     0.0000
-11.77479     0.0000     0.0000
-11.75938     0.0000     0.0000
-11.74396     0.0000     0.0000
-11.72855     0.0000     0.0000
-11.71314     0.0000     0.0000
-11.69772     0.0000     0.0000
-11.68231     0.0000     0.0000
-11.66690     0.0000     0.0000
-11.65148     0.0000     0.0000
-11.63607     0.0000     0.0000
-11.62066     0.0000     0.0000
-11.60524     0.0000     0.0000
-11.58983     0.0000     0.0000
-11.57442     0.0000     0.0000
-11.55900     0.0000     0.0000
-11.54359     0.0000     0.0000
-11.52818     0.0000     0.0000
-11.51276     0.0000     0.0000
-11.49735     0.0000     0.0000
-11.48194     0.0000     0.0000
-11.46652     0.0000     0.0000
-11.45111     0.0000     0.0000
-11.43570     0.0000     0.0000
-11.42028     0.0000     0.0000
-11.40487     0.0000     0.0000
-11.38946     0.0000     0.0000
-11.37404     0.0000     0.0000
-11.35863     0.0000     0.0000
-11.34322     0.0000     0.0000
-11.32780     0.0000     0.0000
-11.31239     0.0000     0.0000
-11.29698     0.0000     0.0000
-11.28156     0.0000     0.0000
-11.26615     0.0000     0.0000
-11.25074     0.0000     0.0000
-11.23532     0.0000     0.0000
-11.21991     0.0000     0.0000
-11.20450     0.0000     0.0000
-11.18908     0.0000     0.0000
-11.17367     0.0000     0.0000
-11.15826     0.0000     0.0000
-11.14284     0.0000     0.0000
-11.12743     0.0000     0.0000
-11.11202     0.0000     0.0000
-11.09660     0.0000     0.0000
-11.08119     0.0000     0.0000
-11.06578     0.0000     0.0000
-11.05036     0.0000     0.0000
-11.03495     0.0000     0.0000
-11.01954     0.0000     0.0000
-11.00412     0.0000     0.0000
-10.98871     0.0000     0.0000
-10.97330     0.0000     0.0000
-10.95788     0.0000     0.0000
-10.94247     0.0000     0.0000
-10.92706     0.0000     0.0000
-10.91164     0.0000     0.0000
-10.89623     0.0000     0.0000
-10.88082     0.0000     0.0000
-10.86540     0.0000     0.0000
-10.84999     0.0000     0.0000
-10.83458     0.0000     0.0000
-10.81916     0.0000     0.0000
-10.80375     0.0000     0.0000
-10.78834     0.0000     0.0000
-10.77292     0.0000     0.0000
-10.75751     0.0000     0.0000
-10.74210     0.0000     0.0000
-10.72668     0.0000     0.0000
-10.71127     0.0000     0.0000
-10.69586     0.0000     0.0000
-10.68044     0.0000     0.0000
-10.66503     0.0000     0.0000
-10.64962     0.0000     0.0000
-10.63420     0.0000     0.0000
-10.61879     0.0000     0.0000
-10.60338     0.0000     0.0000
-10.58796     0.0000     0.0000
-10.57255     0.0000     0.0000
-10.55714     0.0000     0.0000
-10.54172     0.0000     0.0000
-10.52631     0.0000     0.0000
-10.51090     0.0000     0.0000
-10.49548     0.0000     0.0000
-10.48007     0.0000     0.0000
-10.46466     0.0000     0.0000
-10.44924     0.0000     0.0000
-10.43383     0.0000     0.0000
-10.41842     0.0000     0.0000
-10.40300     0.0000     0.0000
-10.38759     0.0000     0.0000
-10.37218     0.0000     0.0000
-10.35676     0.0000     0.0000
-10.34135     0.0000     0.0000
-10.32594     0.0000     0.0000
-10.31052     0.0000     0.0000
-10.29511     0.0000     0.0000
-10.27970     0.0000     0.0000
-10.26428     0.0000     0.0000
-10.24887     0.0000     0.0000
-10.23346     0.0000     0.0000
-10.21804     0.0000     0.0000
-10.20263     0.0000     0.0000
-10.18722     0.0000     0.0000
-10.17180     0.0000     0.0000
-10.15639     0.0000     0.0000
-10.14098     0.0000     0.0000
-10.12556     0.0000     0.0000
-10.11015     0.0000     0.0000
-10.09474     0.0000     0.0000
-10.07932     0.0000     0.0000
-10.06391     0.0000     0.0000
-10.04850     0.0000     0.0000
-10.03308     0.0000     0.0000
-10.01767     0.0000     0.0000
-10.00226     0.0000     0.0000
 -9.98684     0.0000     0.0000
 -9.97143     0.0000     0.0000
 -9.95602     0.0000     0.0000
 -9.94060     0.0000     0.0000
 -9.92519     0.0000     0.0000
 -9.90978     0.0000     0.0000
 -9.89436     0.0000     0.0000
 -9.87895     0.0000     0.0000
 -9.86354     0.0000     0.0000
 -9.84812     0.0000     0.0000
 -9.83271     0.0000     0.0000
 -9.81730     0.0000     0.0000
 -9.80188     0.0000     0.0000
 -9.78647     0.0000     0.0000
 -9.77106     0.0000     0.0000
 -9.75564     0.0000     0.0000
 -9.74023     0.0000     0.0000
 -9.72482     0.0000     0.0000
 -9.70940     0.0000     0.0000
 -9.69399     0.0000     0.0000
 -9.67858     0.0000     0.0000
 -9.66316     0.0000     0.0000
 -9.64775     0.0000     0.0000
 -9.63234     0.0000     0.0000
 -9.61692     0.0000     0.0000
 -9.60151     0.0000     0.0000
 -9.58610     0.0000     0.0000
 -9.57068     0.0000     0.0000
 -9.55527     0.0000     0.0000
 -9.53986     0.0000     0.0000
 -9.52444     0.0000     0.0000
 -9.50903     0.0000     0.0000
 -9.49362     0.0000     0.0000
 -9.47820     0.0000     0.0000
 -9.46279     0.0000     0.0000
 -9.44738     0.0000     0.0000
 -9.43196     0.0000     0.0000
 -9.41655     0.0000     0.0000
 -9.40114     0.0000     0.0000
 -9.38572     0.0000     0.0000
 -9.37031     0.0000     0.0000
 -9.35490     0.0000     0.0000
 -9.33948     0.0000     0.0000
 -9.32407     0.0000     0.0000
 -9.30866     0.0000     0.0000
 -9.29324     0.0000     0.0000
 -9.27783     0.0000     0.0000
 -9.26242     0.0000     0.0000
 -9.24700     0.0000     0.0000
 -9.23159     0.0000     0.0000
 -9.21618     0.0000     0.0000
 -9.20076     0.0000     0.0000
 -9.18535     0.0000     0.0000
 -9.16994     0.0000     0.0000
 -9.15452     0.0000     0.0000
 -9.13911     0.0000     0.0000
 -9.12370     0.0000     0.0000
 -9.10828     0.0000     0.0000
 -9.09287     0.0000     0.0000
 -9.07746     0.0000     0.0000
 -9.06204     0.0000     0.0000
 -9.04663     0.0000     0.0000
 -9.03122     0.0000     0.0000
 -9.01580     0.0000     0.0000
 -9.00039     0.0000     0.0000
 -8.98498     0.0000     0.0000
 -8.96956     0.0000     0.0000
 -8.95415     0.0000     0.0000
 -8.93874     0.0000     0.0000
 -8.92332     0.0000     0.0000
 -8.90791     0.0000     0.0000
 -8.89250     0.0000     0.0000
 -8.87708     0.0000     0.0000
 -8.86167     0.0000     0.0000
 -8.84626     0.0000     0.0000
 -8.83084     0.0000     0.0000
 -8.81543     0.0000     0.0000
 -8.80002     0.0000     0.0000
 -8.78460     0.0000     0.0000
 -8.76919     0.0000     0.0000
 -8.75378     0.0000     0.0000
 -8.73836     0.0000     0.0000
 -8.72295     0.0000     0.0000
 -8.70754     0.0000     0.0000
 -8.69212     0.0000     0.0000
 -8.67671     0.0000     0.0000
 -8.66130     0.0000     0.0000
 -8.64588     0.0000     0.0000
 -8.63047     0.0000     0.0000
 -8.61506     0.0000     0.0000
 -8.59964     0.0000     0.0000
 -8.58423     0.0000     0.0000
 -8.56882     0.0000     0.0000
 -8.55340     0.0000     0.0000
 -8.53799     0.0000     0.0000
 -8.52258     0.0000     0.0000
 -8.50716     0.0000     0.0000
 -8.49175     0.0000     0.0000
 -8.47634     0.0000     0.0000
 -8.46092     0.0000     0.0000
 -8.44551     0.0000     0.0000
 -8.43010     0.0000     0.0000
 -8.41468     0.0000     0.0000
 -8.39927     0.0000     0.0000
 -8.38386     0.0000     0.0000
 -8.36844     0.0000     0.0000
 -8.35303     0.0000     0.0000
 -8.33762     0.0000     0.0000
 -8.32220     0.0000     0.0000
 -8.30679     0.0000     0.0000
 -8.29138     0.0000     0.0000
 -8.27596     0.0000     0.0000
 -8.26055     0.0000     0.0000
 -8.24514     0.0000     0.0000
 -8.22972     0.0000     0.0000
 -8.21431     0.0000     0.0000
 -8.19890     0.0000     0.0000
 -8.18348     0.0000     0.0000
 -8.16807     0.0000     0.0000
 -8.15266     0.0000     0.0000
 -8.13724     0.0000     0.0000
 -8.12183     0.0000     0.0000
 -8.10642     0.0000     0.0000
 -8.09100     0.0000     0.0000
 -8.07559     0.0000     0.0000
 -8.06018     0.0000     0.0000
 -8.04476     0.0000     0.0000
 -8.02935     0.0000     0.0000
 -8.01394     0.0000     0.0000
 -7.99852     0.0000     0.0000
 -7.98311     0.0000     0.0000
 -7.96770     0.0000     0.0000
 -7.95228     0.0000     0.0000
 -7.93687     0.0000     0.0000
 -7.92146     0.0000     0.0000
 -7.90604     0.0000     0.0000
 -7.89063     0.0000     0.0000
 -7.87522     0.0000     0.0000
 -7.85980     0.0000     0.0000
 -7.84439     0.0000     0.0000
 -7.82898     0.0000     0.0000
 -7.81356     0.0000     0.0000
 -7.79815     0.0000     0.0000
 -7.78274     0.0000     0.0000
 -7.76732     0.0000     0.0000
 -7.75191     0.0000     0.0000
 -7.73650     0.0000     0.0000
 -7.72108     0.0000     0.0000
 -7.70567     0.0000     0.0000
 -7.69026     0.0000     0.0000
 -7.67484     0.0000     0.0000
 -7.65943     0.0000     0.0000
 -7.64402     0.0000     0.0000
 -7.62860     0.0000     0.0000
 -7.61319     0.0000     0.0000
 -7.59778     0.0000     0.0000
 -7.58236     0.0000     0.0000
 -7.56695     0.0000     0.0000
 -7.55154     0.0000     0.0000
 -7.53612     0.0000     0.0000
 -7.52071     0.0000     0.0000
 -7.50530     0.0000     0.0000
 -7.48988     0.0000     0.0000
 -7.47447     0.0000     0.0000
 -7.45906     0.0000     0.0000
 -7.44364     0.0000     0.0000
 -7.42823     0.0000     0.0000
 -7.41282     0.0000     0.0000
 -7.39740     0.0000     0.0000
 -7.38199     0.0000     0.0000
 -7.36658     0.0000     0.0000
 -7.35116     0.0000     0.0000
 -7.33575     0.0000     0.0000
 -7.32034     0.0000     0.0000
 -7.30492     0.0000     0.0000
 -7.28951     0.0000     0.0000
 -7.27410     0.0000     0.0000
 -7.25868     0.0000     0.0000
 -7.24327     0.0000     0.0000
 -7.22786     0.0000     0.0000
 -7.21244     0.0000     0.0000
 -7.19703     0.0000     0.0000
 -7.18162     0.0000     0.0000
 -7.16620     0.0000     0.0000
 -7.15079     0.0000     0.0000
 -7.13538     0.0000     0.0000
 -7.11996     0.0000     0.0000
 -7.10455     0.0000     0.0000
 -7.08914     0.0000     0.0000
 -7.07372     0.0000     0.0000
 -7.05831     0.0000     0.0000
 -7.04290     0.0000     0.0000
 -7.02748     0.0000     0.0000
 -7.01207     0.0000     0.0000
 -6.99666     0.0000     0.0000
 -6.98124     0.0000     0.0000
 -6.96583     0.0000     0.0000
 -6.95042     0.0000     0.0000
 -6.93500     0.0000     0.0000
 -6.91959     0.0000     0.0000
 -6.90418     0.0000     0.0000
 -6.88876     0.0000     0.0000
 -6.87335     0.0000     0.0000
 -6.85794     0.0000     0.0000
 -6.84252     0.0000     0.0000
 -6.82711     0.0000     0.0000
 -6.81170     0.0000     0.0000
 -6.79628     0.0000     0.0000
 -6.78087     0.0000     0.0000
 -6.76546     0.0000     0.0000
 -6.75004     0.0000     0.0000
 -6.73463     0.0000     0.0000
 -6.71922     0.0000     0.0000
 -6.70380     0.0000     0.0000
 -6.68839     0.0000     0.0000
 -6.67298     0.0000     0.0000
 -6.65756     0.0000     0.0000
 -6.64215     0.0000     0.0000
 -6.62674     0.0000     0.0000
 -6.61132     0.0000     0.0000
 -6.59591     0.0000     0.0000
 -6.58050     0.0000     0.0000
 -6.56508     0.0000     0.0000
 -6.54967     0.0000     0.0000
 -6.53426     0.0000     0.0000
 -6.51884     0.0000     0.0000
 -6.50343     0.0000     0.0000
 -6.48802     0.0000     0.0000
 -6.47260     0.0000     0.0000
 -6.45719     0.0000     0.0000
 -6.44178     0.0000     0.0000
 -6.42636     0.0000     0.0000
 -6.41095     0.0000     0.0000
 -6.39554     0.0000     0.0000
 -6.38012     0.0000     0.0000
 -6.36471     0.0000     0.0000
 -6.34930     0.0000     0.0000
 -6.33388     0.0000     0.0000
 -6.31847     0.0000     0.0000
 -6.30306     0.0000     0.0000
 -6.28764     0.0004     0.0002
 -6.27223     0.0037     0.0020
 -6.25682     0.0123     0.0068
 -6.24140     0.0255     0.0140
 -6.22599     0.0419     0.0231
 -6.21058     0.0613     0.0337
 -6.19516     0.0844     0.0464
 -6.17975     0.1123     0.0617
 -6.16434     0.1443     0.0792
 -6.14892     0.1777     0.0975
 -6.13351     0.2113     0.1158
 -6.11810     0.2448     0.1341
 -6.10268     0.2783     0.1524
 -6.08727     0.3119     0.1708
 -6.07186     0.3454     0.1891
 -6.05644     0.3790     0.2074
 -6.04103     0.4126     0.2258
 -6.02562     0.4461     0.2441
 -6.01020     0.4797     0.2625
 -5.99479     0.5133     0.2808
 -5.97938     0.5469     0.2992
 -5.96396     0.5805     0.3175
 -5.94855     0.6142     0.3359
 -5.93314     0.6482     0.3544
 -5.91772     0.6830     0.3734
 -5.90231     0.7188     0.3929
 -5.88690     0.7555     0.4128
 -5.87148     0.7932     0.4333
 -5.85607     0.8318     0.4542
 -5.84066     0.8714     0.4756
 -5.82524     0.9119     0.4975
 -5.80983     0.9534     0.5199
 -5.79442     0.9967     0.5433
 -5.77900     1.0740     0.5856
 -5.76359     1.1973     0.6536
 -5.74818     1.3234     0.7233
 -5.73276     1.4184     0.7754
 -5.71735     1.4907     0.8147
 -5.70194     1.5602     0.8525
 -5.68652     1.6279     0.8892
 -5.67111     1.6976     0.9270
 -5.65570     1.7869     0.9755
 -5.64028     1.8903     1.0318
 -5.62487     1.9727     1.0764
 -5.60946     2.0010     1.0911
 -5.59404     1.9910     1.0847
 -5.57863     1.9785     1.0768
 -5.56322     1.9648     1.0683
 -5.54780     1.9459     1.0573
 -5.53239     1.9295     1.0477
 -5.51698     1.9293     1.0465
 -5.50156     1.9586     1.0607
 -5.48615     2.0162     1.0896
 -5.47074     2.0755     1.1195
 -5.45532     2.1150     1.1389
 -5.43991     2.1252     1.1429
 -5.42450     2.1096     1.1333
 -5.40908     2.0812     1.1169
 -5.39367     2.0472     1.0976
 -5.37826     2.0079     1.0755
 -5.36284     1.9633     1.0507
 -5.34743     1.9136     1.0231
 -5.33202     1.8597     0.9933
 -5.31660     1.8026     0.9617
 -5.30119     1.7445     0.9296
 -5.28578     1.6867     0.8975
 -5.27036     1.6292     0.8657
 -5.25495     1.5721     0.8340
 -5.23954     1.5153     0.8024
 -5.22412     1.4589     0.7711
 -5.20871     1.4028     0.7398
 -5.19330     1.3468     0.7087
 -5.17788     1.2796     0.6716
 -5.16247     1.1744     0.6145
 -5.14706     1.0236     0.5335
 -5.13164     0.8730     0.4535
 -5.11623     0.8405     0.4425
 -5.10082     1.0178     0.5559
 -5.08540     1.3186     0.7432
 -5.06999     1.6215     0.9330
 -5.05458     1.8914     1.1067
 -5.03916     2.2234     1.3373
 -5.02375     2.4365     1.5009
 -5.00834     2.2929     1.4187
 -4.99292     2.1675     1.3412
 -4.97751     2.2108     1.3766
 -4.96210     2.2484     1.4065
 -4.94668     2.2784     1.4296
 -4.93127     2.2849     1.4358
 -4.91586     2.2476     1.4120
 -4.90044     2.1721     1.3621
 -4.88503     2.1244     1.3296
 -4.86962     2.1606     1.3490
 -4.85420     2.2555     1.4027
 -4.83879     2.3543     1.4585
 -4.82338     2.4262     1.4992
 -4.80796     2.4657     1.5216
 -4.79255     2.4701     1.5235
 -4.77714     2.4508     1.5103
 -4.76172     2.4218     1.4896
 -4.74631     2.3794     1.4601
 -4.73090     2.3210     1.4206
 -4.71548     2.2495     1.3724
 -4.70007     2.1652     1.3157
 -4.68466     2.0920     1.2653
 -4.66924     2.0517     1.2357
 -4.65383     2.0321     1.2199
 -4.63842     2.0223     1.2105
 -4.62300     2.0221     1.2069
 -4.60759     2.0341     1.2100
 -4.59218     2.0803     1.2306
 -4.57676     2.2097     1.2934
 -4.56135     2.3793     1.3756
 -4.54594     2.5091     1.4355
 -4.53052     2.5581     1.4512
 -4.51511     2.4705     1.3926
 -4.49970     2.3128     1.2966
 -4.48428     2.1788     1.2142
 -4.46887     2.0676     1.1452
 -4.45346     1.9646     1.0818
 -4.43804     1.8363     1.0070
 -4.42263     1.6583     0.9073
 -4.40722     1.4321     0.7824
 -4.39180     1.1460     0.6252
 -4.37639     0.8804     0.4789
 -4.36098     0.7593     0.4108
 -4.34556     0.7320     0.3940
 -4.33015     0.7140     0.3831
 -4.31474     0.7020     0.3762
 -4.29932     0.6960     0.3731
 -4.28391     0.6950     0.3735
 -4.26850     0.6963     0.3753
 -4.25308     0.6979     0.3772
 -4.23767     0.6994     0.3792
 -4.22226     0.7008     0.3811
 -4.20684     0.7023     0.3830
 -4.19143     0.7037     0.3848
 -4.17602     0.7114     0.3901
 -4.16060     0.7781     0.4286
 -4.14519     0.9677     0.5362
 -4.12978     1.2563     0.6998
 -4.11436     1.5625     0.8727
 -4.09895     1.8433     1.0305
 -4.08354     2.0965     1.1718
 -4.06812     2.2629     1.2647
 -4.05271     2.2060     1.2347
 -4.03730     2.0737     1.1612
 -4.02188     2.0543     1.1465
 -4.00647     2.0705     1.1505
 -3.99106     2.1793     1.2070
 -3.97564     2.5716     1.4232
 -3.96023     2.3993     1.3230
 -3.94482     1.9302     1.0570
 -3.92940     1.9253     1.0516
 -3.91399     1.9297     1.0511
 -3.89858     1.9384     1.0527
 -3.88316     1.9513     1.0565
 -3.86775     1.9687     1.0623
 -3.85234     1.9927     1.0713
 -3.83692     2.0280     1.0855
 -3.82151     2.0951     1.1144
 -3.80610     2.2139     1.1676
 -3.79068     2.3677     1.2371
 -3.77527     2.5351     1.3130
 -3.75986     2.7105     1.3929
 -3.74444     2.8803     1.4707
 -3.72903     3.0328     1.5408
 -3.71362     3.1731     1.6055
 -3.69820     3.3239     1.6745
 -3.68279     3.5006     1.7546
 -3.66738     3.6776     1.8340
 -3.65196     3.8051     1.8902
 -3.63655     3.8509     1.9081
 -3.62114     3.8060     1.8830
 -3.60572     3.5496     1.7549
 -3.59031     2.8395     1.4042
 -3.57490     1.8638     0.9248
 -3.55948     1.0721     0.5372
 -3.54407     0.7254     0.3669
 -3.52866     0.6664     0.3368
 -3.51324     0.6119     0.3092
 -3.49783     0.5578     0.2817
 -3.48242     0.5040     0.2544
 -3.46700     0.4507     0.2275
 -3.45159     0.4047     0.2048
 -3.43618     0.4026     0.2084
 -3.42076     0.5997     0.3332
 -3.40535     1.0956     0.6405
 -3.38994     1.8561     1.1095
 -3.37452     2.8764     1.7374
 -3.35911     4.3734     2.6603
 -3.34370     5.9567     3.6406
 -3.32828     6.8304     4.1884
 -3.31287     7.1851     4.4224
 -3.29746     7.4143     4.5849
 -3.28204     7.2532     4.4984
 -3.26663     6.6700     4.1361
 -3.25122     6.0125     3.7239
 -3.23580     5.3748     3.3255
 -3.22039     4.6700     2.8889
 -3.20498     3.8143     2.3627
 -3.18956     2.9368     1.8230
 -3.17415     2.2822     1.4171
 -3.15874     1.8866     1.1662
 -3.14332     1.6069     0.9848
 -3.12791     1.3667     0.8283
 -3.11250     1.1619     0.6943
 -3.09708     0.9924     0.5829
 -3.08167     0.8712     0.5029
 -3.06626     0.8163     0.4671
 -3.05084     0.7981     0.4561
 -3.03543     0.7875     0.4500
 -3.02002     0.8189     0.4705
 -3.00460     0.9171     0.5321
 -2.98919     1.1373     0.6626
 -2.97378     1.6392     0.9474
 -2.95836     2.3163     1.3277
 -2.94295     2.5794     1.4830
 -2.92754     2.6127     1.5128
 -2.91212     2.8231     1.6386
 -2.89671     3.0678     1.7867
 -2.88130     3.3315     1.9483
 -2.86588     3.5734     2.0967
 -2.85047     3.7848     2.2261
 -2.83506     3.9656     2.3366
 -2.81964     4.1066     2.4209
 -2.80423     4.1725     2.4557
 -2.78882     4.1543     2.4369
 -2.77340     4.0686     2.3773
 -2.75799     3.9042     2.2686
 -2.74258     3.6532     2.1028
 -2.72716     3.3117     1.8766
 -2.71175     2.9814     1.6596
 -2.69634     2.8123     1.5493
 -2.68092     2.7459     1.5047
 -2.66551     2.6777     1.4582
 -2.65010     2.6055     1.4087
 -2.63468     2.5359     1.3616
 -2.61927     2.4742     1.3215
 -2.60386     2.4165     1.2850
 -2.58844     2.3577     1.2483
 -2.57303     2.2978     1.2116
 -2.55762     2.2356     1.1745
 -2.54220     2.1683     1.1359
 -2.52679     2.0974     1.0961
 -2.51138     2.0265     1.0561
 -2.49596     1.9557     1.0162
 -2.48055     1.8851     0.9762
 -2.46514     1.8146     0.9361
 -2.44972     1.7466     0.8977
 -2.43431     1.7194     0.8881
 -2.41890     1.7466     0.9172
 -2.40348     1.7892     0.9571
 -2.38807     1.8304     0.9960
 -2.37266     1.8703     1.0339
 -2.35724     1.9088     1.0707
 -2.34183     1.9460     1.1066
 -2.32642     1.9819     1.1415
 -2.31100     2.0166     1.1755
 -2.29559     2.0499     1.2085
 -2.28018     2.0814     1.2401
 -2.26476     2.0689     1.2396
 -2.24935     2.0056     1.2025
 -2.23394     1.9574     1.1780
 -2.21852     1.9533     1.1858
 -2.20311     1.9847     1.2161
 -2.18770     2.0371     1.2556
 -2.17228     2.0922     1.2933
 -2.15687     2.1455     1.3335
 -2.14146     2.2038     1.3828
 -2.12604     2.2654     1.4353
 -2.11063     2.3261     1.4868
 -2.09522     2.3843     1.5359
 -2.07980     2.4230     1.5692
 -2.06439     2.4579     1.5992
 -2.04898     2.6108     1.7217
 -2.03356     2.8451     1.9061
 -2.01815     2.8337     1.8994
 -2.00274     2.6036     1.7244
 -1.98732     2.3939     1.5640
 -1.97191     2.2153     1.4266
 -1.95650     2.0678     1.3120
 -1.94108     1.9515     1.2204
 -1.92567     1.8642     1.1511
 -1.91026     1.7934     1.0963
 -1.89484     1.7254     1.0450
 -1.87943     1.6568     0.9935
 -1.86402     1.5880     0.9422
 -1.84860     1.5231     0.8938
 -1.83319     1.4671     0.8523
 -1.81778     1.4206     0.8178
 -1.80236     1.3804     0.7881
 -1.78695     1.3444     0.7617
 -1.77154     1.3125     0.7384
 -1.75612     1.2850     0.7183
 -1.74071     1.2625     0.7016
 -1.72530     1.2453     0.6884
 -1.70988     1.2335     0.6786
 -1.69447     1.2270     0.6723
 -1.67906     1.2259     0.6695
 -1.66364     1.2303     0.6702
 -1.64823     1.2405     0.6745
 -1.63282     1.2563     0.6825
 -1.61740     1.3387     0.7300
 -1.60199     1.6311     0.8961
 -1.58658     2.0284     1.1087
 -1.57116     2.3318     1.2451
 -1.55575     2.1299     1.1379
 -1.54034     1.7548     0.9575
 -1.52492     1.7290     0.9291
 -1.50951     1.7680     0.9204
 -1.49410     1.7952     0.9047
 -1.47868     1.8088     0.8820
 -1.46327     1.8087     0.8520
 -1.44786     1.7949     0.8149
 -1.43244     1.7674     0.7706
 -1.41703     1.7261     0.7191
 -1.40162     1.6778     0.6638
 -1.38620     1.6562     0.6221
 -1.37079     1.6909     0.6085
 -1.35538     1.7970     0.6283
 -1.33996     1.9931     0.6885
 -1.32455     2.2831     0.7907
 -1.30914     2.6733     0.9346
 -1.29372     3.1824     1.1222
 -1.27831     3.8416     1.3653
 -1.26290     4.7126     1.6882
 -1.24748     5.9770     2.1154
 -1.23207     7.7575     2.6354
 -1.21666     9.5777     3.1091
 -1.20124    11.1010     3.4476
 -1.18583    12.3017     3.6412
 -1.17042    12.4763     3.5568
 -1.15500    11.2493     3.1664
 -1.13959     9.5004     2.6734
 -1.12418     7.9107     2.2093
 -1.10876     6.1758     1.6953
 -1.09335     5.0881     1.3451
 -1.07794     4.9809     1.2575
 -1.06252     4.9579     1.2236
 -1.04711     4.9537     1.2250
 -1.03170     4.7872     1.2011
 -1.01628     4.4699     1.1386
 -1.00087     4.2365     1.0866
 -0.98546     4.0466     1.0456
 -0.97004     3.8905     1.0124
 -0.95463     3.7451     0.9813
 -0.93922     3.6016     0.9503
 -0.92380     3.4598     0.9193
 -0.90839     3.3199     0.8882
 -0.89298     3.1819     0.8572
 -0.87756     3.0456     0.8263
 -0.86215     2.9111     0.7953
 -0.84674     2.7785     0.7643
 -0.83132     2.6500     0.7339
 -0.81591     2.5404     0.7071
 -0.80050     2.4621     0.6871
 -0.78508     2.4177     0.6793
 -0.76967     2.4817     0.7448
 -0.75426     2.8635     1.0534
 -0.73884     3.4172     1.4790
 -0.72343     3.1662     1.2292
 -0.70802     2.7415     0.8314
 -0.69260     2.9201     0.9207
 -0.67719     3.1418     1.0392
 -0.66178     3.3881     1.1716
 -0.64636     3.6557     1.3115
 -0.63095     4.0027     1.4701
 -0.61554     4.5777     1.6909
 -0.60012     5.3283     1.9633
 -0.58471     6.0852     2.2412
 -0.56930     6.8248     2.5166
 -0.55388     7.5473     2.7888
 -0.53847     8.4418     3.1535
 -0.52306     9.4925     3.6152
 -0.50764     9.9383     3.8835
 -0.49223     9.3092     3.7050
 -0.47682     7.5741     2.9364
 -0.46140     5.8128     2.1328
 -0.44599     4.5497     1.6079
 -0.43058     3.6938     1.2586
 -0.41516     3.4955     1.1853
 -0.39975     3.4555     1.1853
 -0.38434     3.4085     1.1822
 -0.36892     3.3555     1.1770
 -0.35351     3.2916     1.1681
 -0.33810     3.2087     1.1524
 -0.32268     3.1139     1.1328
 -0.30727     3.1318     1.1642
 -0.29186     3.2942     1.2633
 -0.27644     3.2731     1.2840
 -0.26103     2.8924     1.1449
 -0.24562     2.2978     0.9071
 -0.23020     1.8785     0.7367
 -0.21479     1.7733     0.6970
 -0.19938     1.7340     0.6848
 -0.18396     1.6865     0.6686
 -0.16855     1.6308     0.6484
 -0.15314     1.5670     0.6241
 -0.13772     1.4949     0.5959
 -0.12231     1.4147     0.5636
 -0.10690     1.3263     0.5273
 -0.09148     1.2248     0.4854
 -0.07607     1.1014     0.4356
 -0.06066     0.9626     0.3803
 -0.04524     0.8186     0.3229
 -0.02983     0.6697     0.2635
 -0.01442     0.4488     0.1759
  0.00100     0.1518     0.0593
  0.01641     0.0000     0.0000
  0.03182     0.0000     0.0000
  0.04724     0.0000     0.0000
  0.06265     0.0000     0.0000
  0.07806     0.0000     0.0000
  0.09348     0.0000     0.0000
  0.10889     0.0000     0.0000
  0.12430     0.0000     0.0000
  0.13972     0.0000     0.0000
  0.15513     0.0000     0.0000
  0.17054     0.0000     0.0000
  0.18596     0.0000     0.0000
  0.20137     0.0000     0.0000
  0.21678     0.0000     0.0000
  0.23220     0.0000     0.0000
  0.24761     0.0000     0.0000
  0.26302     0.0000     0.0000
  0.27844     0.0000     0.0000
  0.29385     0.0000     0.0000
  0.30926     0.0000     0.0000
  0.32468     0.0000     0.0000
  0.34009     0.0000     0.0000
  0.35550     0.0000     0.0000
  0.37092     0.0000     0.0000
  0.38633     0.0000     0.0000
  0.40174     0.0000     0.0000
  0.41716     0.0000     0.0000
  0.43257     0.0000     0.0000
  0.44798     0.0000     0.0000
  0.46340     0.0000     0.0000
  0.47881     0.0000     0.0000
  0.49422     0.0000     0.0000
  0.50964     0.0000     0.0000
  0.52505     0.0000     0.0000
  0.54046     0.0000     0.0000
  0.55588     0.0000     0.0000
  0.57129     0.0000     0.0000
  0.58670     0.0000     0.0000
  0.60212     0.0000     0.0000
  0.61753     0.0000     0.0000
  0.63294     0.0000     0.0000
  0.64836     0.0000     0.0000
  0.66377     0.0000     0.0000
  0.67918     0.0000     0.0000
  0.69460     0.0000     0.0000
  0.71001     0.0000     0.0000
  0.72542     0.0000     0.0000
  0.74084     0.0000     0.0000
  0.75625     0.0000     0.0000
  0.77166     0.0000     0.0000
  0.78708     0.0000     0.0000
  0.80249     0.0000     0.0000
  0.81790     0.0000     0.0000
  0.83332     0.0000     0.0000
  0.84873     0.0000     0.0000
  0.86414     0.0000     0.0000
  0.87956     0.0000     0.0000
  0.89497     0.0000     0.0000
  0.91038     0.0000     0.0000
  0.92580     0.0000     0.0000
  0.94121     0.0000     0.0000
  0.95662     0.0000     0.0000
  0.97204     0.0000     0.0000
  0.98745     0.0000     0.0000
  1.00286     0.0000     0.0000
  1.01828     0.0000     0.0000
  1.03369     0.0000     0.0000
  1.04910     0.0000     0.0000
  1.06452     0.0000     0.0000
  1.07993     0.0000     0.0000
  1.09534     0.0000     0.0000
  1.11076     0.0000     0.0000
  1.12617     0.0000     0.0000
  1.14158     0.0000     0.0000
  1.15700     0.0000     0.0000
  1.17241     0.0000     0.0000
  1.18782     0.0000     0.0000
  1.20324     0.0000     0.0000
  1.21865     0.0000     0.0000
  1.23406     0.0000     0.0000
  1.24948     0.0000     0.0000
  1.26489     0.0000     0.0000
  1.28030     0.0000     0.0000
  1.29572     0.0000     0.0000
  1.31113     0.0000     0.0000
  1.32654     0.0000     0.0000
  1.34196     0.0000     0.0000
  1.35737     0.0000     0.0000
  1.37278     0.0000     0.0000
  1.38820     0.0000     0.0000
  1.40361     0.0000     0.0000
  1.41902     0.0000     0.0000
  1.43444     0.0000     0.0000
  1.44985     0.0000     0.0000
  1.46526     0.0000     0.0000
  1.48068     0.0000     0.0000
  1.49609     0.0000     0.0000
  1.51150     0.0000     0.0000
  1.52692     0.0000     0.0000
  1.54233     0.0000     0.0000
  1.55774     0.0000     0.0000
  1.57316     0.0000     0.0000
  1.58857     0.0000     0.0000
  1.60398     0.0000     0.0000
  1.61940     0.0000     0.0000
  1.63481     0.0000     0.0000
  1.65022     0.0000     0.0000
  1.66564     0.0000     0.0000
  1.68105     0.0000     0.0000
  1.69646     0.0000     0.0000
  1.71188     0.0000     0.0000
  1.72729     0.0000     0.0000
  1.74270     0.0000     0.0000
  1.75812     0.0000     0.0000
  1.77353     0.0000     0.0000
  1.78894     0.0000     0.0000
  1.80436     0.0000     0.0000
  1.81977     0.0000     0.0000
  1.83518     0.0000     0.0000
  1.85060     0.0000     0.0000
  1.86601     0.0000     0.0000
  1.88142     0.0000     0.0000
  1.89684     0.0000     0.0000
  1.91225     0.0000     0.0000
  1.92766     0.0000     0.0000
  1.94308     0.0000     0.0000
  1.95849     0.0000     0.0000
  1.97390     0.0000     0.0000
  1.98932     0.0000     0.0000
  2.00473     0.0000     0.0000
  2.02014     0.0000     0.0000
  2.03556     0.0000     0.0000
  2.05097     0.0000     0.0000
  2.06638     0.0000     0.0000
  2.08180     0.0000     0.0000
  2.09721     0.0000     0.0000
  2.11262     0.0000     0.0000
  2.12804     0.0000     0.0000
  2.14345     0.0000     0.0000
  2.15886     0.0000     0.0000
  2.17428     0.0000     0.0000
  2.18969     0.0000     0.0000
  2.20510     0.0000     0.0000
  2.22052     0.0000     0.0000
  2.23593     0.0000     0.0000
  2.25134     0.0000     0.0000
  2.26676     0.0000     0.0000
  2.28217     0.0000     0.0000
  2.29758     0.0000     0.0000
  2.31300     0.0000     0.0000
  2.32841     0.0000     0.0000
  2.34382     0.0000     0.0000
  2.35924     0.0000     0.0000
  2.37465     0.0000     0.0000
  2.39006     0.0000     0.0000
  2.40548     0.0000     0.0000
  2.42089     0.0000     0.0000
  2.43630     0.0000     0.0000
  2.45172     0.0000     0.0000
  2.46713     0.0000     0.0000
  2.48254     0.0000     0.0000
  2.49796     0.0000     0.0000
  2.51337     0.0000     0.0000
  2.52878     0.0000     0.0000
  2.54420     0.0000     0.0000
  2.55961     0.0000     0.0000
  2.57502     0.0000     0.0000
  2.59044     0.0000     0.0000
  2.60585     0.0000     0.0000
  2.62126     0.0000     0.0000
  2.63668     0.0000     0.0000
  2.65209     0.0000     0.0000
  2.66750     0.0000     0.0000
  2.68292     0.0000     0.0000
  2.69833     0.0000     0.0000
  2.71374     0.0000     0.0000
  2.72916     0.0000     0.0000
  2.74457     0.0000     0.0000
  2.75998     0.0000     0.0000
  2.77540     0.0000     0.0000
  2.79081     0.0000     0.0000
  2.80622     0.0043     0.0006
  2.82164     0.0707     0.0097
  2.83705     0.2592     0.0362
  2.85246     0.5612     0.0799
  2.86788     0.9609     0.1390
  2.88329     1.4456     0.2118
  2.89870     1.9660     0.2926
  2.91412     2.4789     0.3762
  2.92953     3.0045     0.4674
  2.94494     3.7416     0.6097
  2.96036     4.3904     0.7446
  2.97577     4.7458     0.8287
  2.99118     4.9472     0.8851
  3.00660     5.0400     0.9121
  3.02201     5.2529     0.9529
  3.03742     5.5975     1.0152
  3.05284     7.7233     1.4031
  3.06825    11.2168     2.0371
  3.08366    11.6973     2.1320
  3.09908     9.9682     1.8330
  3.11449     9.0060     1.6734
  3.12990     7.7826     1.4650
  3.14532     4.8759     0.9384
  3.16073     3.5396     0.7292
  3.17614     5.4188     1.1616
  3.19156     6.4235     1.4089
  3.20697     6.0620     1.3627
  3.22238     6.0769     1.3940
  3.23780     6.3276     1.4746
  3.25321     6.4935     1.5382
  3.26862     6.6516     1.6007
  3.28404     6.8124     1.6642
  3.29945     6.9760     1.7288
  3.31486     7.1422     1.7943
  3.33028     7.3112     1.8609
  3.34569     7.4879     1.9299
  3.36110     7.7517     2.0246
  3.37652     7.8039     2.0639
  3.39193     7.1109     1.9038
  3.40734     6.2063     1.6961
  3.42276     5.6555     1.5852
  3.43817     5.2975     1.5172
  3.45358     4.9467     1.4446
  3.46900     4.5197     1.3500
  3.48441     3.8787     1.1871
  3.49982     2.7119     0.8435
  3.51524     1.2838     0.3987
  3.53065     0.3691     0.1105
  3.54606     0.0876     0.0246
  3.56148     0.0173     0.0048
  3.57689     0.0004     0.0001
  3.59230     0.0000     0.0000
  3.60772     0.0000     0.0000
  3.62313     0.0000     0.0000
  3.63854     0.0000     0.0000
  3.65396     0.0000     0.0000
  3.66937     0.0000     0.0000
  3.68478     0.0000     0.0000
  3.70020     0.0000     0.0000
  3.71561     0.0000     0.0000
  3.73102     0.0000     0.0000
  3.74644     0.0000     0.0000
  3.76185     0.0000     0.0000
  3.77726     0.0000     0.0000
  3.79268     0.0000     0.0000
  3.80809     0.0000     0.0000
  3.82350     0.0000     0.0000
  3.83892     0.0000     0.0000
  3.85433     0.0000     0.0000
  3.86974     0.0000     0.0000
  3.88516     0.0000     0.0000
  3.90057     0.0000     0.0000
  3.91598     0.0000     0.0000
  3.93140     0.0000     0.0000
  3.94681     0.0000     0.0000
  3.96222     0.0000     0.0000
  3.97764     0.0000     0.0000
  3.99305     0.0000     0.0000
  4.00846     0.0000     0.0000
  4.02388     0.0000     0.0000
  4.03929     0.0000     0.0000
  4.05470     0.0000     0.0000
  4.07012     0.0000     0.0000
  4.08553     0.0000     0.0000
  4.10094     0.0000     0.0000
  4.11636     0.0000     0.0000
  4.13177     0.0000     0.0000
  4.14718     0.0000     0.0000
  4.16260     0.0000     0.0000
  4.17801     0.0000     0.0000
  4.19342     0.0000     0.0000
  4.20884     0.0000     0.0000
  4.22425     0.0000     0.0000
  4.23966     0.0000     0.0000
  4.25508     0.0000     0.0000
  4.27049     0.0000     0.0000
  4.28590     0.0000     0.0000
  4.30132     0.0000     0.0000
  4.31673     0.0000     0.0000
  4.33214     0.0000     0.0000
  4.34756     0.0000     0.0000
  4.36297     0.0000     0.0000
  4.37838     0.0000     0.0000
  4.39380     0.0000     0.0000
  4.40921     0.0000     0.0000
  4.42462     0.0000     0.0000
  4.44004     0.0000     0.0000
  4.45545     0.0000     0.0000
  4.47086     0.0000     0.0000
  4.48628     0.0000     0.0000
  4.50169     0.0000     0.0000
  4.51710     0.0000     0.0000
  4.53252     0.0000     0.0000
  4.54793     0.0000     0.0000
  4.56334     0.0000     0.0000
  4.57876     0.0000     0.0000
  4.59417     0.0000     0.0000
  4.60958     0.0000     0.0000
  4.62500     0.0000     0.0000
  4.64041     0.0000     0.0000
  4.65582     0.0000     0.0000
  4.67124     0.0000     0.0000
  4.68665     0.0000     0.0000
  4.70206     0.0000     0.0000
  4.71748     0.0000     0.0000
  4.73289     0.0000     0.0000
  4.74830     0.0000     0.0000
  4.76372     0.0000     0.0000
  4.77913     0.0000     0.0000
  4.79454     0.0000     0.0000
  4.80996     0.0000     0.0000
  4.82537     0.0000     0.0000
  4.84078     0.0000     0.0000
  4.85620     0.0000     0.0000
  4.87161     0.0000     0.0000
  4.88702     0.0000     0.0000
  4.90244     0.0000     0.0000
  4.91785     0.0000     0.0000
  4.93326     0.0000     0.0000
  4.94868     0.0000     0.0000
  4.96409     0.0000     0.0000
  4.97950     0.0000     0.0000
  4.99492     0.0000     0.0000
  5.01033     0.0000     0.0000
  5.02574     0.0000     0.0000
  5.04116     0.0000     0.0000
  5.05657     0.0000     0.0000
  5.07198     0.0000     0.0000
  5.08740     0.0000     0.0000
  5.10281     0.0000     0.0000
  5.11822     0.0000     0.0000
  5.13364     0.0000     0.0000
  5.14905     0.0000     0.0000
  5.16446     0.0000     0.0000
  5.17988     0.0000     0.0000
  5.19529     0.0000     0.0000
  5.21070     0.0000     0.0000
  5.22612     0.0000     0.0000
  5.24153     0.0000     0.0000
  5.25694     0.0000     0.0000
  5.27236     0.0000     0.0000
  5.28777     0.0000     0.0000
  5.30318     0.0000     0.0000
  5.31860     0.0000     0.0000
  5.33401     0.0000     0.0000
  5.34942     0.0000     0.0000
  5.36484     0.0000     0.0000
  5.38025     0.0000     0.0000
  5.39566     0.0000     0.0000
  5.41108     0.0000     0.0000
  5.42649     0.0000     0.0000
  5.44190     0.0000     0.0000
  5.45732     0.0000     0.0000
  5.47273     0.0000     0.0000
  5.48814     0.0000     0.0000
  5.50356     0.0000     0.0000
  5.51897     0.0000     0.0000
  5.53438     0.0000     0.0000
  5.54980     0.0000     0.0000
  5.56521     0.0000     0.0000
  5.58062     0.0000     0.0000
  5.59604     0.0000     0.0000
  5.61145     0.0000     0.0000
  5.62686     0.0000     0.0000
  5.64228     0.0000     0.0000
  5.65769     0.0000     0.0000
  5.67310     0.0000     0.0000
  5.68852     0.0000     0.0000
  5.70393     0.0000     0.0000
  5.71934     0.0000     0.0000
  5.73476     0.0000     0.0000
  5.75017     0.0000     0.0000
  5.76558     0.0000     0.0000
  5.78100     0.0000     0.0000
  5.79641     0.0000     0.0000
  5.81182     0.0000     0.0000
  5.82724     0.0000     0.0000
  5.84265     0.0000     0.0000
  5.85806     0.0000     0.0000
  5.87348     0.0000     0.0000
  5.88889     0.0000     0.0000
  5.90430     0.0000     0.0000
  5.91972     0.0000     0.0000
  5.93513     0.0000     0.0000
  5.95054     0.0000     0.0000
  5.96596     0.0000     0.0000
  5.98137     0.0000     0.0000
  5.99678     0.0000     0.0000
  6.01220     0.0000     0.0000
  6.02761     0.0000     0.0000
  6.04302     0.0000     0.0000
  6.05844     0.0000     0.0000
  6.07385     0.0000     0.0000
  6.08926     0.0000     0.0000
  6.10468     0.0000     0.0000
  6.12009     0.0000     0.0000
  6.13550     0.0000     0.0000
  6.15092     0.0000     0.0000
  6.16633     0.0000     0.0000
  6.18174     0.0000     0.0000
  6.19716     0.0000     0.0000
  6.21257     0.0000     0.0000
  6.22798     0.0000     0.0000
  6.24340     0.0000     0.0000
  6.25881     0.0000     0.0000
  6.27422     0.0000     0.0000
  6.28964     0.0000     0.0000
  6.30505     0.0000     0.0000
  6.32046     0.0000     0.0000
  6.33588     0.0000     0.0000
  6.35129     0.0000     0.0000
  6.36670     0.0000     0.0000
  6.38212     0.0000     0.0000
  6.39753     0.0000     0.0000
  6.41294     0.0000     0.0000
  6.42836     0.0000     0.0000
  6.44377     0.0000     0.0000
  6.45918     0.0000     0.0000
  6.47460     0.0000     0.0000
  6.49001     0.0000     0.0000
  6.50542     0.0000     0.0000
  6.52084     0.0000     0.0000
  6.53625     0.0000     0.0000
  6.55166     0.0000     0.0000
  6.56708     0.0000     0.0000
  6.58249     0.0000     0.0000
  6.59790     0.0000     0.0000
  6.61332     0.0000     0.0000
  6.62873     0.0000     0.0000
  6.64414     0.0000     0.0000
  6.65956     0.0000     0.0000
  6.67497     0.0000     0.0000
  6.69038     0.0000     0.0000
  6.70580     0.0000     0.0000
  6.72121     0.0000     0.0000
  6.73662     0.0000     0.0000
  6.75204     0.0000     0.0000
  6.76745     0.0000     0.0000
  6.78286     0.0000     0.0000
  6.79828     0.0000     0.0000
  6.81369     0.0000     0.0000
  6.82910     0.0000     0.0000
  6.84452     0.0001     0.0000
  6.85993     0.0002     0.0000
  6.87534     0.0005     0.0000
  6.89076     0.0008     0.0001
  6.90617     0.0011     0.0001
  6.92158     0.0016     0.0002
  6.93700     0.0021     0.0002
  6.95241     0.0027     0.0003
  6.96782     0.0034     0.0003
  6.98324     0.0042     0.0004
  6.99865     0.0050     0.0005
  7.01406     0.0059     0.0006
  7.02948     0.0069     0.0007
  7.04489     0.0080     0.0008
  7.06030     0.0091     0.0009
  7.07572     0.0104     0.0010
  7.09113     0.0116     0.0012
  7.10654     0.0129     0.0013
  7.12196     0.0142     0.0014
  7.13737     0.0156     0.0016
  7.15278     0.0170     0.0017
  7.16820     0.0184     0.0019
  7.18361     0.0198     0.0020
  7.19902     0.0212     0.0022
  7.21444     0.0227     0.0024
  7.22985     0.0242     0.0026
  7.24526     0.0257     0.0027
  7.26068     0.0272     0.0029
  7.27609     0.0287     0.0031
  7.29150     0.0303     0.0033
  7.30692     0.0319     0.0035
  7.32233     0.0335     0.0038
  7.33774     0.0352     0.0040
  7.35316     0.0368     0.0042
  7.36857     0.0385     0.0044
  7.38398     0.0402     0.0047
  7.39940     0.0420     0.0049
  7.41481     0.0437     0.0052
  7.43022     0.0455     0.0054
  7.44564     0.0473     0.0057
  7.46105     0.0492     0.0060
  7.47646     0.0510     0.0062
  7.49188     0.0529     0.0065
  7.50729     0.0548     0.0068
  7.52270     0.0567     0.0071
  7.53812     0.0586     0.0074
  7.55353     0.0606     0.0077
  7.56894     0.0626     0.0080
  7.58436     0.0646     0.0083
  7.59977     0.0666     0.0086
  7.61518     0.0687     0.0089
  7.63060     0.0708     0.0093
  7.64601     0.0729     0.0096
  7.66142     0.0750     0.0099
  7.67684     0.0771     0.0103
  7.69225     0.0793     0.0106
  7.70766     0.0815     0.0110
  7.72308     0.0837     0.0114
  7.73849     0.0860     0.0118
  7.75390     0.0882     0.0122
  7.76932     0.0905     0.0126
  7.78473     0.0928     0.0130
  7.80014     0.0952     0.0134
  7.81556     0.0975     0.0138
  7.83097     0.0999     0.0143
  7.84638     0.1021     0.0153
  7.86180     0.1041     0.0168
  7.87721     0.1064     0.0178
  7.89262     0.1090     0.0184
  7.90804     0.1116     0.0190
  7.92345     0.1142     0.0196
  7.93886     0.1169     0.0203
  7.95428     0.1195     0.0209
  7.96969     0.1223     0.0216
  7.98510     0.1250     0.0222
  8.00052     0.1278     0.0229
  8.01593     0.1307     0.0236
  8.03134     0.1335     0.0243
  8.04676     0.1364     0.0250
  8.06217     0.1394     0.0257
  8.07758     0.1423     0.0264
  8.09300     0.1452     0.0272
  8.10841     0.1482     0.0279
  8.12382     0.1511     0.0287
  8.13924     0.1541     0.0294
  8.15465     0.1571     0.0302
  8.17006     0.1601     0.0310
  8.18548     0.1631     0.0317
  8.20089     0.1660     0.0325
  8.21630     0.1691     0.0333
  8.23172     0.1721     0.0341
  8.24713     0.1751     0.0349
  8.26254     0.1781     0.0357
  8.27796     0.1812     0.0366
  8.29337     0.1842     0.0374
  8.30878     0.1874     0.0382
  8.32420     0.1908     0.0391
  8.33961     0.1947     0.0400
  8.35502     0.1990     0.0410
  8.37044     0.2036     0.0420
  8.38585     0.2086     0.0431
  8.40126     0.2140     0.0442
  8.41668     0.2197     0.0454
  8.43209     0.2257     0.0466
  8.44750     0.2322     0.0479
  8.46292     0.2390     0.0493
  8.47833     0.2461     0.0507
  8.49374     0.2536     0.0522
  8.50916     0.2615     0.0537
  8.52457     0.2697     0.0552
  8.53998     0.2783     0.0569
  8.55540     0.2873     0.0586
  8.57081     0.2966     0.0603
  8.58622     0.3063     0.0621
  8.60164     0.3163     0.0639
  8.61705     0.3265     0.0659
  8.63246     0.3369     0.0678
  8.64788     0.3476     0.0699
  8.66329     0.3584     0.0720
  8.67870     0.3694     0.0742
  8.69412     0.3805     0.0764
  8.70953     0.3915     0.0786
  8.72494     0.4021     0.0808
  8.74036     0.4123     0.0829
  8.75577     0.4220     0.0850
  8.77118     0.4313     0.0871
  8.78660     0.4402     0.0890
  8.80201     0.4486     0.0910
  8.81742     0.4566     0.0929
  8.83284     0.4643     0.0947
  8.84825     0.4716     0.0966
  8.86366     0.4785     0.0983
  8.87908     0.4851     0.1001
  8.89449     0.4915     0.1018
  8.90990     0.4983     0.1037
  8.92532     0.5064     0.1060
  8.94073     0.5161     0.1086
  8.95614     0.5269     0.1116
  8.97156     0.5380     0.1146
  8.98697     0.5488     0.1176
  9.00238     0.5591     0.1207
  9.01780     0.5688     0.1242
  9.03321     0.5783     0.1278
  9.04862     0.5877     0.1310
  9.06404     0.5968     0.1338
  9.07945     0.6056     0.1364
  9.09486     0.6138     0.1389
  9.11028     0.6217     0.1413
  9.12569     0.6297     0.1438
  9.14110     0.6380     0.1464
  9.15652     0.6461     0.1490
  9.17193     0.6539     0.1515
  9.18734     0.6614     0.1540
  9.20276     0.6686     0.1565
  9.21817     0.6755     0.1589
  9.23358     0.6820     0.1613
  9.24900     0.6882     0.1636
  9.26441     0.6941     0.1658
  9.27982     0.6997     0.1680
  9.29524     0.7050     0.1701
  9.31065     0.7100     0.1722
  9.32606     0.7145     0.1743
  9.34148     0.7182     0.1763
  9.35689     0.7216     0.1783
  9.37230     0.7251     0.1803
  9.38772     0.7288     0.1824
  9.40313     0.7327     0.1845
  9.41854     0.7368     0.1866
  9.43396     0.7411     0.1887
  9.44937     0.7455     0.1909
  9.46478     0.7501     0.1931
  9.48020     0.7549     0.1953
  9.49561     0.7599     0.1976
  9.51102     0.7651     0.1999
  9.52644     0.7704     0.2022
  9.54185     0.7761     0.2045
  9.55726     0.7833     0.2072
  9.57268     0.7939     0.2108
  9.58809     0.8065     0.2150
  9.60350     0.8195     0.2194
  9.61892     0.8334     0.2243
  9.63433     0.8471     0.2291
  9.64974     0.8596     0.2336
  9.66516     0.8709     0.2376
  9.68057     0.8809     0.2414
  9.69598     0.8896     0.2447
  9.71140     0.8971     0.2476
  9.72681     0.9033     0.2502
  9.74222     0.9083     0.2524
  9.75764     0.9120     0.2541
  9.77305     0.9144     0.2556
  9.78846     0.9156     0.2566
  9.80388     0.9156     0.2572
  9.81929     0.9143     0.2575
  9.83470     0.9117     0.2574
  9.85012     0.9077     0.2568
  9.86553     0.9019     0.2558
  9.88094     0.8940     0.2541
  9.89636     0.8837     0.2519
  9.91177     0.8713     0.2490
  9.92718     0.8580     0.2458
  9.94260     0.8445     0.2425
  9.95801     0.8300     0.2389
  9.97342     0.8141     0.2348
  9.98884     0.7970     0.2304
 10.00425     0.7789     0.2256
 10.01966     0.7615     0.2211
 10.03508     0.7475     0.2176
 10.05049     0.7373     0.2151
 10.06590     0.7286     0.2131
 10.08132     0.7192     0.2106
 10.09673     0.7090     0.2079
 10.11214     0.6975     0.2053
 10.12756     0.6850     0.2029
 10.14297     0.6726     0.2004
 10.15838     0.6609     0.1978
 10.17380     0.6497     0.1952
 10.18921     0.6390     0.1925
 10.20462     0.6288     0.1898
 10.22004     0.6190     0.1871
 10.23545     0.6094     0.1844
 10.25086     0.6000     0.1817
 10.26628     0.5905     0.1790
 10.28169     0.5810     0.1763
 10.29710     0.5716     0.1736
 10.31252     0.5620     0.1708
 10.32793     0.5494     0.1670
 10.34334     0.5281     0.1604
 10.35876     0.4954     0.1501
 10.37417     0.4539     0.1370
 10.38958     0.4252     0.1280
 10.40500     0.4154     0.1251
 10.42041     0.4090     0.1233
 10.43582     0.4025     0.1215
 10.45124     0.3960     0.1197
 10.46665     0.3895     0.1179
 10.48206     0.3831     0.1161
 10.49748     0.3766     0.1144
 10.51289     0.3701     0.1126
 10.52830     0.3636     0.1108
 10.54372     0.3572     0.1090
 10.55913     0.3507     0.1072
 10.57454     0.3442     0.1054
 10.58996     0.3377     0.1036
 10.60537     0.3312     0.1018
 10.62078     0.3248     0.1000
 10.63620     0.3183     0.0982
 10.65161     0.3118     0.0964
 10.66702     0.3053     0.0946
 10.68244     0.2989     0.0927
 10.69785     0.2924     0.0909
 10.71326     0.2859     0.0891
 10.72868     0.2795     0.0873
 10.74409     0.2730     0.0855
 10.75950     0.2665     0.0837
 10.77492     0.2600     0.0819
 10.79033     0.2536     0.0801
 10.80574     0.2471     0.0783
 10.82116     0.2406     0.0765
 10.83657     0.2341     0.0747
 10.85198     0.2277     0.0729
 10.86740     0.2215     0.0711
 10.88281     0.2184     0.0703
 10.89822     0.2187     0.0704
 10.91364     0.2207     0.0710
 10.92905     0.2243     0.0719
 10.94446     0.2292     0.0730
 10.95988     0.2343     0.0742
 10.97529     0.2395     0.0753
 10.99070     0.2447     0.0765
 11.00612     0.2501     0.0777
 11.02153     0.2555     0.0790
 11.03694     0.2610     0.0802
 11.05236     0.2665     0.0814
 11.06777     0.2722     0.0827
 11.08318     0.2779     0.0840
 11.09860     0.2837     0.0853
 11.11401     0.2896     0.0866
 11.12942     0.2956     0.0880
 11.14484     0.3016     0.0893
 11.16025     0.3077     0.0907
 11.17566     0.3140     0.0921
 11.19108     0.3202     0.0935
 11.20649     0.3266     0.0949
 11.22190     0.3331     0.0964
 11.23732     0.3396     0.0978
 11.25273     0.3462     0.0993
 11.26814     0.3531     0.1009
 11.28356     0.3614     0.1028
 11.29897     0.3721     0.1054
 11.31438     0.3845     0.1084
 11.32980     0.3967     0.1114
 11.34521     0.4083     0.1141
 11.36062     0.4190     0.1166
 11.37604     0.4291     0.1189
 11.39145     0.4384     0.1209
 11.40686     0.4469     0.1227
 11.42228     0.4550     0.1243
 11.43769     0.4631     0.1259
 11.45310     0.4713     0.1275
 11.46852     0.4796     0.1291
 11.48393     0.4880     0.1308
 11.49934     0.4966     0.1324
 11.51476     0.5054     0.1341
 11.53017     0.5142     0.1358
 11.54558     0.5232     0.1375
 11.56100     0.5323     0.1393
 11.57641     0.5416     0.1410
 11.59182     0.5510     0.1428
 11.60724     0.5606     0.1445
 11.62265     0.5712     0.1466
 11.63806     0.5866     0.1502
 11.65348     0.6083     0.1559
 11.66889     0.6310     0.1617
 11.68430     0.6506     0.1665
 11.69972     0.6684     0.1707
 11.71513     0.6858     0.1747
 11.73054     0.7030     0.1786
 11.74596     0.7199     0.1824
 11.76137     0.7365     0.1861
 11.77678     0.7529     0.1897
 11.79220     0.7691     0.1933
 11.80761     0.7852     0.1967
 11.82302     0.8010     0.2000
 11.83844     0.8165     0.2031
 11.85385     0.8317     0.2062
 11.86926     0.8465     0.2090
 11.88468     0.8612     0.2118
 11.90009     0.8757     0.2144
 11.91550     0.8903     0.2170
 11.93092     0.9047     0.2194
 11.94633     0.9192     0.2217
 11.96174     0.9336     0.2239
 11.97716     0.9480     0.2260
 11.99257     0.9623     0.2280
 12.00798     0.9766     0.2299
 12.02340     0.9908     0.2318
 12.03881     1.0049     0.2337
 12.05422     1.0191     0.2355
 12.06964     1.0331     0.2372
 12.08505     1.0472     0.2389
 12.10046     1.0608     0.2404
 12.11588     1.0519     0.2383
 12.13129     1.0381     0.2354
 12.14670     1.0501     0.2366
 12.16212     1.0725     0.2395
 12.17753     1.0992     0.2431
 12.19294     1.1303     0.2475
 12.20836     1.1658     0.2526
 12.22377     1.2057     0.2584
 12.23918     1.2499     0.2650
 12.25460     1.2985     0.2723
 12.27001     1.3431     0.2784
 12.28542     1.3401     0.2729
 12.30084     1.2560     0.2473
 12.31625     1.1303     0.2106
 12.33166     1.0064     0.1738
 12.34708     0.8888     0.1392
 12.36249     0.6932     0.1013
 12.37790     0.3883     0.0567
 12.39332     0.1181     0.0179
 12.40873     0.0074     0.0012
 12.42414     0.0000     0.0000
 12.43956     0.0000     0.0000
 12.45497     0.0000     0.0000
 12.47038     0.0000     0.0000
 12.48580     0.0000     0.0000
 12.50121     0.0000     0.0000
 12.51662     0.0006     0.0001
 12.53204     0.0038     0.0007
 12.54745     0.0113     0.0021
 12.56286     0.0230     0.0043
 12.57828     0.0392     0.0074
 12.59369     0.0597     0.0112
 12.60910     0.0846     0.0159
 12.62452     0.1139     0.0214
 12.63993     0.1473     0.0278
 12.65534     0.1831     0.0351
 12.67076     0.2198     0.0434
 12.68617     0.2563     0.0526
 12.70158     0.2895     0.0618
 12.71700     0.3187     0.0706
 12.73241     0.3465     0.0791
 12.74782     0.3734     0.0874
 12.76324     0.3994     0.0956
 12.77865     0.4246     0.1036
 12.79406     0.4489     0.1115
 12.80948     0.4723     0.1192
 12.82489     0.4948     0.1267
 12.84030     0.5165     0.1341
 12.85572     0.5387     0.1419
 12.87113     0.5640     0.1509
 12.88654     0.5937     0.1618
 12.90196     0.6277     0.1745
 12.91737     0.6661     0.1889
 12.93278     0.7088     0.2051
 12.94820     0.7558     0.2229
 12.96361     0.8071     0.2423
 12.97902     0.8630     0.2635
 12.99444     0.9408     0.2935
 13.00985     1.1543     0.3788
 13.02526     1.5138     0.5208
 13.04068     1.7717     0.6189
 13.05609     1.7614     0.6098
 13.07150     1.6252     0.5517
 13.08692     1.5126     0.5034
 13.10233     1.4262     0.4659
 13.11774     1.3659     0.4393
 13.13316     1.3317     0.4234
 13.14857     1.3199     0.4167
 13.16398     1.3207     0.4149
 13.17940     1.3265     0.4147
 13.19481     1.3364     0.4156
 13.21022     1.3560     0.4195
 13.22564     1.3996     0.4307
 13.24105     1.4736     0.4513
 13.25646     1.5705     0.4786
 13.27188     1.6837     0.5102
 13.28729     1.8075     0.5443
 13.30270     1.9345     0.5788
 13.31812     2.0626     0.6133
 13.33353     2.1879     0.6467
 13.34894     2.2943     0.6751
 13.36436     2.3800     0.6977
 13.37977     2.4564     0.7172
 13.39518     2.4850     0.7235
 13.41060     2.4329     0.7082
 13.42601     2.3888     0.6955
 13.44142     2.4150     0.7041
 13.45684     2.4957     0.7321
 13.47225     2.5850     0.7638
 13.48766     2.6247     0.7778
 13.50308     2.6066     0.7702
 13.51849     2.5628     0.7525
 13.53390     2.5508     0.7462
 13.54932     2.5500     0.7467
 13.56473     2.5236     0.7414
 13.58014     2.4828     0.7325
 13.59556     2.4287     0.7203
 13.61097     2.3615     0.7048
 13.62638     2.2847     0.6868
 13.64180     2.2043     0.6676
 13.65721     2.1237     0.6479
 13.67262     2.0461     0.6283
 13.68804     1.9728     0.6088
 13.70345     1.9009     0.5891
 13.71886     1.8298     0.5688
 13.73428     1.7597     0.5485
 13.74969     1.6921     0.5291
 13.76510     1.5879     0.4917
 13.78052     1.4590     0.4422
 13.79593     1.3713     0.4112
 13.81134     1.3091     0.3906
 13.82676     1.2459     0.3685
 13.84217     1.1848     0.3469
 13.85758     1.1264     0.3261
 13.87300     1.0732     0.3072
 13.88841     1.0276     0.2908
 13.90382     0.9870     0.2763
 13.91924     0.9491     0.2625
 13.93465     0.9136     0.2496
 13.95006     0.8798     0.2373
 13.96548     0.8476     0.2257
 13.98089     0.8168     0.2147
 13.99630     0.7869     0.2043
 14.01172     0.7577     0.1942
 14.02713     0.7291     0.1846
 14.04254     0.7011     0.1754
 14.05796     0.6736     0.1667
 14.07337     0.6466     0.1584
 14.08878     0.6199     0.1504
 14.10420     0.5930     0.1426
 14.11961     0.5663     0.1348
 14.13502     0.5400     0.1271
 14.15044     0.5140     0.1194
 14.16585     0.4883     0.1118
 14.18126     0.4631     0.1042
 14.19668     0.4382     0.0968
 14.21209     0.4140     0.0895
 14.22750     0.3946     0.0836
 14.24292     0.3828     0.0803
 14.25833     0.3749     0.0781
 14.27374     0.3673     0.0760
 14.28916     0.3600     0.0740
 14.30457     0.3528     0.0720
 14.31998     0.3458     0.0701
 14.33540     0.3390     0.0682
 14.35081     0.3324     0.0664
 14.36622     0.3260     0.0646
 14.38164     0.3198     0.0629
 14.39705     0.3138     0.0612
 14.41246     0.3080     0.0596
 14.42788     0.3024     0.0580
 14.44329     0.2970     0.0564
 14.45870     0.2918     0.0549
 14.47412     0.2868     0.0535
 14.48953     0.2819     0.0521
 14.50494     0.2773     0.0507
 14.52036     0.2729     0.0494
 14.53577     0.2686     0.0481
 14.55118     0.2646     0.0469
 14.56660     0.2608     0.0458
 14.58201     0.2575     0.0448
 14.59742     0.2696     0.0506
 14.61284     0.3359     0.0805
 14.62825     0.4852     0.1468
 14.64366     0.7856     0.2781
 14.65908     1.1250     0.4201
 14.67449     1.3154     0.4894
 14.68990     1.4354     0.5239
 14.70532     1.5759     0.5641
 14.72073     1.7371     0.6099
 14.73614     1.9188     0.6615
 14.75156     2.1151     0.7169
 14.76697     2.2196     0.7455
 14.78238     2.2492     0.7534
 14.79780     2.2907     0.7655
 14.81321     2.3132     0.7726
 14.82862     2.3199     0.7754
 14.84404     2.3133     0.7740
 14.85945     2.2924     0.7678
 14.87486     2.2572     0.7568
 14.89028     2.2077     0.7411
 14.90569     2.1467     0.7216
 14.92110     2.0820     0.7007
 14.93652     2.0187     0.6802
 14.95193     1.9576     0.6603
 14.96734     1.8976     0.6406
 14.98276     1.8032     0.6080
 14.99817     1.6629     0.5580
 15.01358     1.5197     0.5065
 15.02900     1.3988     0.4627
 15.04441     1.3308     0.4379
 15.05982     1.3100     0.4303
 15.07524     1.2964     0.4252
 15.09065     1.2822     0.4197
 15.10606     1.2673     0.4139
 15.12148     1.2517     0.4077
 15.13689     1.2352     0.4012
 15.15230     1.2171     0.3938
 15.16772     1.1959     0.3851
 15.18313     1.1713     0.3749
 15.19854     1.1433     0.3631
 15.21396     1.1119     0.3499
 15.22937     1.0771     0.3351
 15.24478     1.0389     0.3188
 15.26020     0.9999     0.3021
 15.27561     0.9666     0.2880
 15.29102     0.9378     0.2761
 15.30644     0.9074     0.2635
 15.32185     0.8742     0.2498
 15.33726     0.8382     0.2350
 15.35268     0.7995     0.2190
 15.36809     0.7580     0.2020
 15.38350     0.7156     0.1845
 15.39892     0.6749     0.1678
 15.41433     0.6374     0.1523
 15.42974     0.6032     0.1382
 15.44516     0.5722     0.1255
 15.46057     0.5443     0.1139
 15.47598     0.5193     0.1035
 15.49140     0.4973     0.0941
 15.50681     0.4781     0.0859
 15.52222     0.4616     0.0790
 15.53764     0.4472     0.0732
 15.55305     0.4348     0.0683
 15.56846     0.4245     0.0643
 15.58388     0.4161     0.0612
 15.59929     0.4091     0.0587
 15.61470     0.4034     0.0567
 15.63012     0.3987     0.0553
 15.64553     0.3947     0.0542
 15.66094     0.3911     0.0533
 15.67636     0.3878     0.0524
 15.69177     0.3860     0.0516
 15.70718     0.3888     0.0514
 15.72260     0.3992     0.0519
 15.73801     0.4176     0.0532
 15.75342     0.4430     0.0553
 15.76884     0.4724     0.0578
 15.78425     0.5031     0.0604
 15.79966     0.5349     0.0631
 15.81508     0.5680     0.0659
 15.83049     0.6023     0.0688
 15.84590     0.6379     0.0719
 15.86132     0.6749     0.0752
 15.87673     0.7132     0.0786
 15.89214     0.7530     0.0821
 15.90756     0.7941     0.0858
 15.92297     0.8366     0.0896
 15.93838     0.8805     0.0936
 15.95380     0.9258     0.0978
 15.96921     0.9725     0.1021
 15.98462     1.0205     0.1065
 16.00004     1.0699     0.1111
 16.01545     1.1207     0.1159
 16.03086     1.1729     0.1208
 16.04628     1.2265     0.1258
 16.06169     1.2814     0.1310
 16.07710     1.3378     0.1364
 16.09252     1.3955     0.1419
 16.10793     1.4546     0.1475
 16.12334     1.5151     0.1533
 16.13876     1.6570     0.1693
 16.15417     2.0965     0.2215
 16.16958     2.4688     0.2642
 16.18500     2.4488     0.2581
 16.20041     2.3340     0.2413
 16.21582     2.2394     0.2277
 16.23124     2.1572     0.2158
 16.24665     2.0852     0.2054
 16.26206     2.0254     0.1964
 16.27748     1.9820     0.1892
 16.29289     1.9439     0.1827
 16.30830     1.8746     0.1742
 16.32372     1.7552     0.1624
 16.33913     1.6170     0.1499
 16.35454     1.5155     0.1405
 16.36996     1.4495     0.1339
 16.38537     1.3878     0.1276
 16.40078     1.3285     0.1215
 16.41620     1.2723     0.1157
 16.43161     1.2199     0.1101
 16.44702     1.1714     0.1047
 16.46244     1.1265     0.0997
 16.47785     1.0856     0.0949
 16.49326     1.0495     0.0906
 16.50868     1.0192     0.0869
 16.52409     0.9950     0.0837
 16.53950     0.9772     0.0811
 16.55492     0.9656     0.0792
 16.57033     0.9597     0.0777
 16.58574     0.9575     0.0766
 16.60116     0.9577     0.0757
 16.61657     0.9602     0.0750
 16.63198     0.9653     0.0745
 16.64740     0.9765     0.0744
 16.66281     0.9992     0.0751
 16.67822     1.0346     0.0765
 16.69364     1.0771     0.0784
 16.70905     1.1136     0.0802
 16.72446     1.1265     0.0808
 16.73988     1.1181     0.0806
 16.75529     1.1003     0.0799
 16.77070     1.0734     0.0789
 16.78612     1.0373     0.0774
 16.80153     0.9921     0.0755
 16.81694     0.9376     0.0732
 16.83236     0.8750     0.0705
 16.84777     0.8178     0.0681
 16.86318     0.7857     0.0670
 16.87860     0.7760     0.0670
 16.89401     0.7729     0.0674
 16.90942     0.7703     0.0678
 16.92484     0.7683     0.0682
 16.94025     0.7668     0.0687
 16.95566     0.7658     0.0692
 16.97108     0.7653     0.0698
 16.98649     0.7654     0.0704
 17.00190     0.7660     0.0710
 17.01732     0.7671     0.0717
 17.03273     0.7687     0.0724
 17.04814     0.7709     0.0731
 17.06356     0.7735     0.0739
 17.07897     0.7767     0.0748
 17.09438     0.7805     0.0756
 17.10980     0.7847     0.0765
 17.12521     0.7895     0.0775
 17.14062     0.7955     0.0786
 17.15604     0.8065     0.0806
 17.17145     0.8253     0.0843
 17.18686     0.8511     0.0897
 17.20228     0.8835     0.0967
 17.21769     0.9204     0.1049
 17.23310     0.9595     0.1136
 17.24852     0.9995     0.1227
 17.26393     1.0403     0.1319
 17.27934     1.0828     0.1413
 17.29476     1.1461     0.1547
 17.31017     1.2509     0.1763
 17.32558     1.3773     0.2020
 17.34100     1.5048     0.2274
 17.35641     1.6370     0.2532
 17.37182     1.7714     0.2788
 17.38724     1.9022     0.3035
 17.40265     2.0000     0.3218
 17.41806     2.0307     0.3269
 17.43348     2.0202     0.3241
 17.44889     1.9996     0.3195
 17.46430     1.9691     0.3133
 17.47972     1.9286     0.3054
 17.49513     1.8782     0.2959
 17.51054     1.8226     0.2855
 17.52596     1.7713     0.2761
 17.54137     1.7279     0.2682
 17.55678     1.6883     0.2610
 17.57220     1.6498     0.2541
 17.58761     1.6115     0.2473
 17.60302     1.5639     0.2394
 17.61844     1.5028     0.2298
 17.63385     1.4357     0.2195
 17.64926     1.3656     0.2089
 17.66468     1.2929     0.1981
 17.68009     1.2241     0.1880
 17.69550     1.1629     0.1791
 17.71092     1.1071     0.1709
 17.72633     1.0555     0.1633
 17.74174     1.0085     0.1564
 17.75716     0.9669     0.1502
 17.77257     0.9308     0.1449
 17.78798     0.9003     0.1403
 17.80340     0.8752     0.1366
 17.81881     0.8580     0.1340
 17.83422     0.8508     0.1327
 17.84964     0.8496     0.1323
 17.86505     0.8501     0.1322
 17.88046     0.8507     0.1321
 17.89588     0.8509     0.1319
 17.91129     0.8508     0.1318
 17.92670     0.8504     0.1316
 17.94212     0.8496     0.1314
 17.95753     0.8487     0.1312
 17.97294     0.8543     0.1319
 17.98836     0.8696     0.1339
 18.00377     0.8887     0.1364
 18.01918     0.9073     0.1389
 18.03460     0.9302     0.1424
 18.05001     0.9662     0.1484
 18.06542     1.0058     0.1552
 18.08084     1.0254     0.1586
 18.09625     1.0279     0.1591
 18.11166     1.0279     0.1591
 18.12708     1.0254     0.1588
 18.14249     1.0204     0.1580
 18.15790     1.0129     0.1569
 18.17332     1.0029     0.1553
 18.18873     0.9904     0.1534
 18.20414     0.9754     0.1510
 18.21956     0.9580     0.1483
 18.23497     0.9380     0.1451
 18.25038     0.9156     0.1416
 18.26580     0.8911     0.1377
 18.28121     0.8735     0.1351
 18.29662     0.8705     0.1349
 18.31204     0.8739     0.1359
 18.32745     0.8771     0.1369
 18.34286     0.8801     0.1379
 18.35828     0.8828     0.1389
 18.37369     0.8852     0.1398
 18.38910     0.8875     0.1408
 18.40452     0.8894     0.1417
 18.41993     0.8912     0.1426
 18.43534     0.8976     0.1446
 18.45076     0.9119     0.1483
 18.46617     0.9282     0.1525
 18.48158     0.9423     0.1562
 18.49700     0.9543     0.1596
 18.51241     0.9639     0.1626
 18.52782     0.9703     0.1648
 18.54324     0.9727     0.1662
 18.55865     0.9710     0.1666
 18.57406     0.9650     0.1661
 18.58948     0.9548     0.1647
 18.60489     0.9405     0.1623
 18.62030     0.9221     0.1590
 18.63572     0.9012     0.1552
 18.65113     0.8807     0.1513
 18.66654     0.8619     0.1478
 18.68196     0.8450     0.1447
 18.69737     0.8300     0.1420
 18.71278     0.8169     0.1396
 18.72820     0.8057     0.1375
 18.74361     0.7965     0.1358
 18.75902     0.7890     0.1344
 18.77444     0.7829     0.1333
 18.78985     0.7781     0.1324
 18.80526     0.7747     0.1317
 18.82068     0.7725     0.1313
 18.83609     0.7703     0.1309
 18.85150     0.7676     0.1304
 18.86692     0.7646     0.1298
 18.88233     0.7613     0.1291
 18.89774     0.7578     0.1284
 18.91316     0.7540     0.1276
 18.92857     0.7500     0.1268
 18.94398     0.7458     0.1258
 18.95940     0.7413     0.1248
 18.97481     0.7366     0.1238
 18.99022     0.7316     0.1226
 19.00564     0.7264     0.1214
 19.02105     0.7209     0.1201
 19.03646     0.7152     0.1188
 19.05188     0.7090     0.1173
 19.06729     0.7017     0.1156
 19.08270     0.6929     0.1135
 19.09812     0.6827     0.1110
 19.11353     0.6710     0.1083
 19.12894     0.6582     0.1052
 19.14436     0.6450     0.1020
 19.15977     0.6322     0.0990
 19.17518     0.6199     0.0960
 19.19060     0.6081     0.0932
 19.20601     0.5969     0.0905
 19.22142     0.5861     0.0879
 19.23684     0.5758     0.0855
 19.25225     0.5661     0.0832
 19.26766     0.5568     0.0810
 19.28308     0.5481     0.0789
 19.29849     0.5399     0.0769
 19.31390     0.5323     0.0751
 19.32932     0.5251     0.0734
 19.34473     0.5186     0.0718
 19.36014     0.5125     0.0704
 19.37556     0.5070     0.0691
 19.39097     0.5020     0.0679
 19.40638     0.4975     0.0668
 19.42180     0.4935     0.0658
 19.43721     0.4899     0.0650
 19.45262     0.4864     0.0641
 19.46804     0.4829     0.0633
 19.48345     0.4795     0.0625
 19.49886     0.4762     0.0616
 19.51428     0.4729     0.0608
 19.52969     0.4697     0.0600
 19.54510     0.4666     0.0592
 19.56052     0.4635     0.0585
 19.57593     0.4604     0.0577
 19.59134     0.4574     0.0569
 19.60676     0.4545     0.0562
 19.62217     0.4516     0.0554
 19.63758     0.4488     0.0547
 19.65300     0.4460     0.0540
 19.66841     0.4433     0.0533
 19.68382     0.4407     0.0526
 19.69924     0.4381     0.0519
 19.71465     0.4356     0.0512
 19.73006     0.4331     0.0505
 19.74548     0.4306     0.0498
 19.76089     0.4282     0.0492
 19.77630     0.4258     0.0485
 19.79172     0.4234     0.0478
 19.80713     0.4211     0.0471
 19.82254     0.4187     0.0465
 19.83796     0.4163     0.0458
 19.85337     0.4140     0.0451
 19.86878     0.4124     0.0446
 19.88420     0.4127     0.0441
 19.89961     0.4148     0.0439
 19.91502     0.4164     0.0436
 19.93044     0.4157     0.0432
 19.94585     0.4125     0.0425
 19.96126     0.4069     0.0416
 19.97668     0.3989     0.0405
 19.99209     0.3887     0.0392
 20.00750     0.3760     0.0377
 20.02292     0.3633     0.0362
 20.03833     0.3547     0.0350
 20.05374     0.3491     0.0341
 20.06916     0.3438     0.0332
 20.08457     0.3381     0.0324
 20.09998     0.3314     0.0315
 20.11540     0.3243     0.0306
 20.13081     0.3173     0.0298
 20.14622     0.3104     0.0289
 20.16164     0.3037     0.0281
 20.17705     0.2971     0.0273
 20.19246     0.2907     0.0266
 20.20788     0.2844     0.0258
 20.22329     0.2782     0.0250
 20.23870     0.2722     0.0243
 20.25412     0.2663     0.0236
 20.26953     0.2606     0.0229
 20.28494     0.2550     0.0222
 20.30036     0.2495     0.0216
 20.31577     0.2438     0.0209
 20.33118     0.2367     0.0201
 20.34660     0.2281     0.0190
 20.36201     0.2188     0.0180
 20.37742     0.2107     0.0171
 20.39284     0.2047     0.0165
 20.40825     0.2010     0.0162
 20.42366     0.1989     0.0161
 20.43908     0.1979     0.0163
 20.45449     0.1995     0.0169
 20.46990     0.2057     0.0183
 20.48532     0.2165     0.0205
 20.50073     0.2301     0.0232
 20.51614     0.2454     0.0263
 20.53156     0.2619     0.0296
 20.54697     0.2786     0.0330
 20.56238     0.2943     0.0363
 20.57780     0.3088     0.0395
 20.59321     0.3232     0.0429
 20.60862     0.3422     0.0474
 20.62404     0.3711     0.0544
 20.63945     0.4110     0.0640
 20.65486     0.4568     0.0752
 20.67028     0.4988     0.0855
 20.68569     0.5319     0.0937
 20.70110     0.5564     0.0997
 20.71652     0.5742     0.1040
 20.73193     0.5873     0.1071
 20.74734     0.5965     0.1093
 20.76276     0.6026     0.1106
 20.77817     0.6057     0.1111
 20.79358     0.6059     0.1108
 20.80900     0.6033     0.1097
 20.82441     0.5988     0.1081
 20.83982     0.5941     0.1065
 20.85524     0.5900     0.1050
 20.87065     0.5865     0.1037
 20.88606     0.5836     0.1026
 20.90148     0.5813     0.1017
 20.91689     0.5797     0.1009
 20.93230     0.5789     0.1003
 20.94772     0.5796     0.1001
 20.96313     0.5816     0.1001
 20.97854     0.5836     0.1000
 20.99396     0.5855     0.1000
 21.00937     0.5872     0.0999
 21.02478     0.5889     0.0998
 21.04020     0.5905     0.0997
 21.05561     0.5925     0.0996
 21.07102     0.5947     0.0995
 21.08644     0.5968     0.0993
 21.10185     0.5988     0.0992
 21.11726     0.6008     0.0990
 21.13268     0.6026     0.0988
 21.14809     0.6043     0.0986
 21.16350     0.6059     0.0983
 21.17892     0.6074     0.0980
 21.19433     0.6087     0.0977
 21.20974     0.6099     0.0974
 21.22516     0.6110     0.0970
 21.24057     0.6120     0.0966
 21.25598     0.6129     0.0962
 21.27140     0.6136     0.0957
 21.28681     0.6143     0.0953
 21.30222     0.6148     0.0948
 21.31764     0.6152     0.0942
 21.33305     0.6154     0.0937
 21.34846     0.6156     0.0931
 21.36388     0.6156     0.0925
 21.37929     0.6155     0.0918
 21.39470     0.6153     0.0912
 21.41012     0.6150     0.0905
 21.42553     0.6148     0.0898
 21.44094     0.6154     0.0894
 21.45636     0.6165     0.0891
 21.47177     0.6173     0.0888
 21.48718     0.6162     0.0882
 21.50260     0.6122     0.0873
 21.51801     0.6069     0.0862
 21.53342     0.6012     0.0850
 21.54884     0.5950     0.0838
 21.56425     0.5883     0.0825
 21.57966     0.5812     0.0810
 21.59508     0.5736     0.0795
 21.61049     0.5656     0.0780
 21.62590     0.5567     0.0763
 21.64132     0.5451     0.0741
 21.65673     0.5288     0.0712
 21.67214     0.5095     0.0678
 21.68756     0.4909     0.0645
 21.70297     0.4748     0.0617
 21.71838     0.4613     0.0593
 21.73380     0.4504     0.0573
 21.74921     0.4421     0.0557
 21.76462     0.4363     0.0546
 21.78004     0.4330     0.0538
 21.79545     0.4310     0.0534
 21.81086     0.4292     0.0529
 21.82628     0.4274     0.0524
 21.84169     0.4256     0.0520
 21.85710     0.4237     0.0515
 21.87252     0.4219     0.0511
 21.88793     0.4200     0.0506
 21.90334     0.4182     0.0502
 21.91876     0.4163     0.0497
 21.93417     0.4144     0.0493
 21.94958     0.4125     0.0488
 21.96500     0.4106     0.0484
 21.98041     0.4087     0.0479
 21.99582     0.4067     0.0475
 22.01124     0.4048     0.0470
 22.02665     0.4028     0.0466
 22.04206     0.4008     0.0462
 22.05748     0.3989     0.0457
 22.07289     0.3969     0.0453
 22.08830     0.3949     0.0448
 22.10372     0.3929     0.0444
 22.11913     0.3909     0.0440
 22.13454     0.3889     0.0435
 22.14996     0.3869     0.0431
 22.16537     0.3849     0.0427
 22.18078     0.3829     0.0422
 22.19620     0.3809     0.0418
 22.21161     0.3789     0.0414
 22.22702     0.3769     0.0410
 22.24244     0.3749     0.0406
 22.25785     0.3729     0.0401
 22.27326     0.3709     0.0397
 22.28868     0.3689     0.0393
 22.30409     0.3669     0.0389
 22.31950     0.3649     0.0385
 22.33492     0.3629     0.0381
 22.35033     0.3609     0.0377
 22.36574     0.3589     0.0373
 22.38116     0.3568     0.0369
 22.39657     0.3548     0.0365
 22.41198     0.3528     0.0361
 22.42740     0.3508     0.0357
 22.44281     0.3488     0.0353
 22.45822     0.3462     0.0349
 22.47364     0.3390     0.0341
 22.48905     0.3266     0.0328
 22.50446     0.3159     0.0317
 22.51988     0.3113     0.0312
 22.53529     0.3119     0.0311
 22.55070     0.3138     0.0311
 22.56612     0.3148     0.0310
 22.58153     0.3150     0.0309
 22.59694     0.3154     0.0309
 22.61236     0.3164     0.0309
 22.62777     0.3177     0.0310
 22.64318     0.3190     0.0310
 22.65860     0.3204     0.0310
 22.67401     0.3219     0.0310
 22.68942     0.3235     0.0311
 22.70484     0.3251     0.0310
 22.72025     0.3268     0.0310
 22.73566     0.3285     0.0310
 22.75108     0.3304     0.0310
 22.76649     0.3323     0.0310
 22.78190     0.3341     0.0309
 22.79732     0.3358     0.0308
 22.81273     0.3373     0.0308
 22.82814     0.3387     0.0306
 22.84356     0.3399     0.0305
 22.85897     0.3410     0.0304
 22.87438     0.3418     0.0302
 22.88980     0.3421     0.0300
 22.90521     0.3415     0.0297
 22.92062     0.3400     0.0293
 22.93604     0.3375     0.0289
 22.95145     0.3341     0.0284
 22.96686     0.3297     0.0278
 22.98228     0.3245     0.0271
 22.99769     0.3183     0.0264
