% rows 2983 cols 2
-22.95517     0.0000
-22.93975     0.0000
-22.92434     0.0000
-22.90893     0.0000
-22.89351     0.0000
-22.87810     0.0000
-22.86269     0.0000
-22.84727     0.0000
-22.83186     0.0000
-22.81645     0.0000
-22.80103     0.0000
-22.78562     0.0000
-22.77021     0.0000
-22.75479     0.0000
-22.73938     0.0000
-22.72397     0.0000
-22.70855     0.0000
-22.69314     0.0000
-22.67773     0.0000
-22.66231     0.0000
-22.64690     0.0000
-22.63149     0.0000
-22.61607     0.0000
-22.60066     0.0000
-22.58525     0.0000
-22.56983     0.0000
-22.55442     0.0000
-22.53901     0.0000
-22.52359     0.0000
-22.50818     0.0000
-22.49277     0.0000
-22.47735     0.0000
-22.46194     0.0000
-22.44653     0.0000
-22.43111     0.0000
-22.41570     0.0000
-22.40029     0.0000
-22.38487     0.0000
-22.36946     0.0000
-22.35405     0.0000
-22.33863     0.0000
-22.32322     0.0000
-22.30781     0.0000
-22.29239     0.0000
-22.27698     0.0000
-22.26157     0.0000
-22.24615     0.0000
-22.23074     0.0000
-22.21533     0.0000
-22.19991     0.0000
-22.18450     0.0000
-22.16909     0.0000
-22.15367     0.0000
-22.13826     0.0000
-22.12285     0.0000
-22.10743     0.0000
-22.09202     0.0000
-22.07661     0.0000
-22.06119     0.0000
-22.04578     0.0000
-22.03037     0.0000
-22.01495     0.0000
-21.99954     0.0000
-21.98413     0.0000
-21.96871     0.0000
-21.95330     0.0000
-21.93789     0.0000
-21.92247     0.0000
-21.90706     0.0000
-21.89165     0.0000
-21.87623     0.0000
-21.86082     0.0000
-21.84541     0.0000
-21.82999     0.0000
-21.81458     0.0000
-21.79917     0.0000
-21.78375     0.0000
-21.76834     0.0000
-21.75293     0.0000
-21.73751     0.0000
-21.72210     0.0000
-21.70669     0.0000
-21.69127     0.0000
-21.67586     0.0000
-21.66045     0.0000
-21.64503     0.0000
-21.62962     0.0000
-21.61421     0.0000
-21.59879     0.0000
-21.58338     0.0000
-21.56797     0.0000
-21.55255     0.0000
-21.53714     0.0000
-21.52173     0.0000
-21.50631     0.0000
-21.49090     0.0000
-21.47549     0.0000
-21.46007     0.0000
-21.44466     0.0000
-21.42925     0.0000
-21.41383     0.0000
-21.39842     0.0000
-21.38301     0.0000
-21.36759     0.0000
-21.35218     0.0000
-21.33677     0.0000
-21.32135     0.0000
-21.30594     0.0000
-21.29053     0.0000
-21.27511     0.0000
-21.25970     0.0000
-21.24429     0.0000
-21.22887     0.0000
-21.21346     0.0000
-21.19805     0.0000
-21.18263     0.0000
-21.16722     0.0000
-21.15181     0.0000
-21.13639     0.0000
-21.12098     0.0000
-21.10557     0.0000
-21.09015     0.0000
-21.07474     0.0000
-21.05933     0.0000
-21.04391     0.0000
-21.02850     0.0000
-21.01309     0.0000
-20.99767     0.0000
-20.98226     0.0000
-20.96685     0.0000
-20.95143     0.0000
-20.93602     0.0000
-20.92061     0.0000
-20.90519     0.0000
-20.88978     0.0000
-20.87437     0.0000
-20.85895     0.0000
-20.84354     0.0000
-20.82813     0.0000
-20.81271     0.0000
-20.79730     0.0000
-20.78189     0.0000
-20.76647     0.0000
-20.75106     0.0000
-20.73565     0.0000
-20.72023     0.0000
-20.70482     0.0000
-20.68941     0.0000
-20.67399     0.0000
-20.65858     0.0000
-20.64317     0.0000
-20.62775     0.0000
-20.61234     0.0000
-20.59693     0.0000
-20.58151     0.0000
-20.56610     0.0000
-20.55069     0.0000
-20.53527     0.0000
-20.51986     0.0000
-20.50445     0.0000
-20.48903     0.0000
-20.47362     0.0000
-20.45821     0.0000
-20.44279     0.0000
-20.42738     0.0000
-20.41197     0.0000
-20.39655     0.0000
-20.38114     0.0000
-20.36573     0.0000
-20.35031     0.0000
-20.33490     0.0000
-20.31949     0.0000
-20.30407     0.0000
-20.28866     0.0000
-20.27325     0.0000
-20.25783     0.0000
-20.24242     0.0000
-20.22701     0.0000
-20.21159     0.0000
-20.19618     0.0000
-20.18077     0.0000
-20.16535     0.0000
-20.14994     0.0000
-20.13453     0.0000
-20.11911     0.0000
-20.10370     0.0000
-20.08829     0.0000
-20.07287     0.0000
-20.05746     0.0000
-20.04205     0.0000
-20.02663     0.0000
-20.01122     0.0000
-19.99581     0.0000
-19.98039     0.0000
-19.96498     0.0000
-19.94957     0.0000
-19.93415     0.0000
-19.91874     0.0000
-19.90333     0.0000
-19.88791     0.0000
-19.87250     0.0000
-19.85709     0.0000
-19.84167     0.0001
-19.82626     0.0001
-19.81085     0.0001
-19.79543     0.0001
-19.78002     0.0001
-19.76461     0.0002
-19.74919     0.0002
-19.73378     0.0002
-19.71837     0.0002
-19.70295     0.0002
-19.68754     0.0003
-19.67213     0.0003
-19.65671     0.0003
-19.64130     0.0003
-19.62589     0.0003
-19.61047     0.0004
-19.59506     0.0004
-19.57965     0.0004
-19.56423     0.0004
-19.54882     0.0004
-19.53341     0.0005
-19.51799     0.0005
-19.50258     0.0005
-19.48717     0.0006
-19.47175     0.0006
-19.45634     0.0006
-19.44093     0.0007
-19.42551     0.0007
-19.41010     0.0007
-19.39469     0.0007
-19.37927     0.0008
-19.36386     0.0008
-19.34845     0.0008
-19.33303     0.0008
-19.31762     0.0009
-19.30221     0.0009
-19.28679     0.0009
-19.27138     0.0009
-19.25597     0.0010
-19.24055     0.0010
-19.22514     0.0010
-19.20973     0.0010
-19.19431     0.0010
-19.17890     0.0011
-19.16349     0.0011
-19.14807     0.0011
-19.13266     0.0012
-19.11725     0.0012
-19.10183     0.0012
-19.08642     0.0013
-19.07101     0.0013
-19.05559     0.0013
-19.04018     0.0013
-19.02477     0.0014
-19.00935     0.0014
-18.99394     0.0014
-18.97853     0.0014
-18.96311     0.0014
-18.94770     0.0014
-18.93229     0.0014
-18.91687     0.0015
-18.90146     0.0015
-18.88605     0.0015
-18.87063     0.0015
-18.85522     0.0015
-18.83981     0.0015
-18.82439     0.0015
-18.80898     0.0016
-18.79357     0.0016
-18.77815     0.0017
-18.76274     0.0017
-18.74733     0.0015
-18.73191     0.0014
-18.71650     0.0012
-18.70109     0.0010
-18.68567     0.0009
-18.67026     0.0006
-18.65485     0.0002
-18.63943     0.0000
-18.62402     0.0000
-18.60861     0.0000
-18.59319     0.0000
-18.57778     0.0000
-18.56237     0.0000
-18.54695     0.0000
-18.53154     0.0000
-18.51613     0.0000
-18.50071     0.0000
-18.48530     0.0000
-18.46989     0.0000
-18.45447     0.0000
-18.43906     0.0000
-18.42365     0.0000
-18.40823     0.0000
-18.39282     0.0000
-18.37741     0.0000
-18.36199     0.0000
-18.34658     0.0000
-18.33117     0.0000
-18.31575     0.0000
-18.30034     0.0000
-18.28493     0.0000
-18.26951     0.0000
-18.25410     0.0000
-18.23869     0.0000
-18.22327     0.0000
-18.20786     0.0000
-18.19245     0.0000
-18.17703     0.0000
-18.16162     0.0000
-18.14621     0.0000
-18.13079     0.0000
-18.11538     0.0000
-18.09997     0.0000
-18.08455     0.0000
-18.06914     0.0000
-18.05373     0.0000
-18.03831     0.0000
-18.02290     0.0000
-18.00749     0.0000
-17.99207     0.0000
-17.97666     0.0000
-17.96125     0.0000
-17.94583     0.0000
-17.93042     0.0000
-17.91501     0.0000
-17.89959     0.0000
-17.88418     0.0000
-17.86877     0.0000
-17.85335     0.0000
-17.83794     0.0000
-17.82253     0.0000
-17.80711     0.0000
-17.79170     0.0000
-17.77629     0.0000
-17.76087     0.0000
-17.74546     0.0000
-17.73005     0.0000
-17.71463     0.0000
-17.69922     0.0000
-17.68381     0.0000
-17.66839     0.0000
-17.65298     0.0000
-17.63757     0.0000
-17.62215     0.0000
-17.60674     0.0000
-17.59133     0.0000
-17.57591     0.0000
-17.56050     0.0000
-17.54509     0.0000
-17.52967     0.0000
-17.51426     0.0000
-17.49885     0.0000
-17.48343     0.0000
-17.46802     0.0000
-17.45261     0.0000
-17.43719     0.0000
-17.42178     0.0000
-17.40637     0.0000
-17.39095     0.0000
-17.37554     0.0000
-17.36013     0.0000
-17.34471     0.0000
-17.32930     0.0000
-17.31389     0.0000
-17.29847     0.0000
-17.28306     0.0000
-17.26765     0.0000
-17.25223     0.0000
-17.23682     0.0000
-17.22141     0.0000
-17.20599     0.0000
-17.19058     0.0000
-17.17517     0.0000
-17.15975     0.0000
-17.14434     0.0000
-17.12893     0.0000
-17.11351     0.0000
-17.09810     0.0000
-17.08269     0.0000
-17.06727     0.0000
-17.05186     0.0000
-17.03645     0.0000
-17.02103     0.0000
-17.00562     0.0000
-16.99021     0.0000
-16.97479     0.0000
-16.95938     0.0000
-16.94397     0.0000
-16.92855     0.0000
-16.91314     0.0000
-16.89773     0.0000
-16.88231     0.0000
-16.86690     0.0000
-16.85149     0.0000
-16.83607     0.0000
-16.82066     0.0000
-16.80525     0.0000
-16.78983     0.0000
-16.77442     0.0000
-16.75901     0.0000
-16.74359     0.0000
-16.72818     0.0000
-16.71277     0.0000
-16.69735     0.0000
-16.68194     0.0000
-16.66653     0.0000
-16.65111     0.0000
-16.63570     0.0000
-16.62029     0.0000
-16.60487     0.0000
-16.58946     0.0000
-16.57405     0.0000
-16.55863     0.0000
-16.54322     0.0000
-16.52781     0.0000
-16.51239     0.0000
-16.49698     0.0000
-16.48157     0.0000
-16.46615     0.0000
-16.45074     0.0000
-16.43533     0.0000
-16.41991     0.0000
-16.40450     0.0000
-16.38909     0.0000
-16.37367     0.0000
-16.35826     0.0000
-16.34285     0.0000
-16.32743     0.0000
-16.31202     0.0000
-16.29661     0.0000
-16.28119     0.0000
-16.26578     0.0000
-16.25037     0.0000
-16.23495     0.0000
-16.21954     0.0000
-16.20413     0.0000
-16.18871     0.0000
-16.17330     0.0000
-16.15789     0.0000
-16.14247     0.0000
-16.12706     0.0000
-16.11165     0.0000
-16.09623     0.0000
-16.08082     0.0000
-16.06541     0.0000
-16.04999     0.0000
-16.03458     0.0000
-16.01917     0.0000
-16.00375     0.0000
-15.98834     0.0000
-15.97293     0.0000
-15.95751     0.0000
-15.94210     0.0000
-15.92669     0.0000
-15.91127     0.0000
-15.89586     0.0000
-15.88045     0.0000
-15.86503     0.0000
-15.84962     0.0000
-15.83421     0.0000
-15.81879     0.0000
-15.80338     0.0000
-15.78797     0.0000
-15.77255     0.0000
-15.75714     0.0000
-15.74173     0.0000
-15.72631     0.0000
-15.71090     0.0000
-15.69549     0.0000
-15.68007     0.0000
-15.66466     0.0000
-15.64925     0.0000
-15.63383     0.0000
-15.61842     0.0000
-15.60301     0.0000
-15.58759     0.0000
-15.57218     0.0000
-15.55677     0.0000
-15.54135     0.0000
-15.52594     0.0000
-15.51053     0.0000
-15.49511     0.0000
-15.47970     0.0000
-15.46429     0.0000
-15.44887     0.0000
-15.43346     0.0000
-15.41805     0.0000
-15.40263     0.0000
-15.38722     0.0000
-15.37181     0.0000
-15.35639     0.0000
-15.34098     0.0000
-15.32557     0.0000
-15.31015     0.0000
-15.29474     0.0000
-15.27933     0.0000
-15.26391     0.0000
-15.24850     0.0000
-15.23309     0.0000
-15.21767     0.0000
-15.20226     0.0000
-15.18685     0.0000
-15.17143     0.0000
-15.15602     0.0000
-15.14061     0.0000
-15.12519     0.0000
-15.10978     0.0000
-15.09437     0.0000
-15.07895     0.0000
-15.06354     0.0000
-15.04813     0.0000
-15.03271     0.0000
-15.01730     0.0000
-15.00189     0.0000
-14.98647     0.0000
-14.97106     0.0000
-14.95565     0.0000
-14.94023     0.0000
-14.92482     0.0000
-14.90941     0.0000
-14.89399     0.0000
-14.87858     0.0000
-14.86317     0.0000
-14.84775     0.0000
-14.83234     0.0000
-14.81693     0.0000
-14.80151     0.0000
-14.78610     0.0000
-14.77069     0.0000
-14.75527     0.0000
-14.73986     0.0000
-14.72445     0.0000
-14.70903     0.0000
-14.69362     0.0000
-14.67821     0.0000
-14.66279     0.0000
-14.64738     0.0000
-14.63197     0.0000
-14.61655     0.0000
-14.60114     0.0000
-14.58573     0.0000
-14.57031     0.0000
-14.55490     0.0000
-14.53949     0.0000
-14.52407     0.0000
-14.50866     0.0000
-14.49325     0.0000
-14.47783     0.0000
-14.46242     0.0000
-14.44701     0.0000
-14.43159     0.0000
-14.41618     0.0000
-14.40077     0.0000
-14.38535     0.0000
-14.36994     0.0000
-14.35453     0.0000
-14.33911     0.0000
-14.32370     0.0000
-14.30829     0.0000
-14.29287     0.0000
-14.27746     0.0000
-14.26205     0.0000
-14.24663     0.0000
-14.23122     0.0000
-14.21581     0.0000
-14.20039     0.0000
-14.18498     0.0000
-14.16957     0.0000
-14.15415     0.0000
-14.13874     0.0000
-14.12333     0.0000
-14.10791     0.0000
-14.09250     0.0000
-14.07709     0.0000
-14.06167     0.0000
-14.04626     0.0000
-14.03085     0.0000
-14.01543     0.0000
-14.00002     0.0000
-13.98461     0.0000
-13.96919     0.0000
-13.95378     0.0000
-13.93837     0.0000
-13.92295     0.0000
-13.90754     0.0000
-13.89213     0.0000
-13.87671     0.0000
-13.86130     0.0000
-13.84589     0.0000
-13.83047     0.0000
-13.81506     0.0000
-13.79965     0.0000
-13.78423     0.0000
-13.76882     0.0000
-13.75341     0.0000
-13.73799     0.0000
-13.72258     0.0000
-13.70717     0.0000
-13.69175     0.0000
-13.67634     0.0000
-13.66093     0.0000
-13.64551     0.0000
-13.63010     0.0000
-13.61469     0.0000
-13.59927     0.0000
-13.58386     0.0000
-13.56845     0.0000
-13.55303     0.0000
-13.53762     0.0000
-13.52221     0.0000
-13.50679     0.0000
-13.49138     0.0000
-13.47597     0.0000
-13.46055     0.0000
-13.44514     0.0000
-13.42973     0.0000
-13.41431     0.0000
-13.39890     0.0000
-13.38349     0.0000
-13.36807     0.0000
-13.35266     0.0000
-13.33725     0.0000
-13.32183     0.0000
-13.30642     0.0000
-13.29101     0.0000
-13.27559     0.0000
-13.26018     0.0000
-13.24477     0.0000
-13.22935     0.0000
-13.21394     0.0000
-13.19853     0.0000
-13.18311     0.0000
-13.16770     0.0000
-13.15229     0.0000
-13.13687     0.0000
-13.12146     0.0000
-13.10605     0.0000
-13.09063     0.0000
-13.07522     0.0000
-13.05981     0.0000
-13.04439     0.0000
-13.02898     0.0000
-13.01357     0.0000
-12.99815     0.0000
-12.98274     0.0000
-12.96733     0.0000
-12.95191     0.0000
-12.93650     0.0000
-12.92109     0.0000
-12.90567     0.0000
-12.89026     0.0000
-12.87485     0.0000
-12.85943     0.0000
-12.84402     0.0000
-12.82861     0.0000
-12.81319     0.0000
-12.79778     0.0000
-12.78237     0.0000
-12.76695     0.0000
-12.75154     0.0000
-12.73613     0.0000
-12.72071     0.0000
-12.70530     0.0000
-12.68989     0.0000
-12.67447     0.0000
-12.65906     0.0000
-12.64365     0.0000
-12.62823     0.0000
-12.61282     0.0000
-12.59741     0.0000
-12.58199     0.0000
-12.56658     0.0000
-12.55117     0.0000
-12.53575     0.0000
-12.52034     0.0000
-12.50493     0.0000
-12.48951     0.0000
-12.47410     0.0000
-12.45869     0.0000
-12.44327     0.0000
-12.42786     0.0000
-12.41245     0.0000
-12.39703     0.0000
-12.38162     0.0000
-12.36621     0.0000
-12.35079     0.0000
-12.33538     0.0000
-12.31997     0.0000
-12.30455     0.0000
-12.28914     0.0000
-12.27373     0.0000
-12.25831     0.0000
-12.24290     0.0000
-12.22749     0.0000
-12.21207     0.0000
-12.19666     0.0000
-12.18125     0.0000
-12.16583     0.0000
-12.15042     0.0000
-12.13501     0.0000
-12.11959     0.0000
-12.10418     0.0000
-12.08877     0.0000
-12.07335     0.0000
-12.05794     0.0000
-12.04253     0.0000
-12.02711     0.0000
-12.01170     0.0000
-11.99629     0.0000
-11.98087     0.0000
-11.96546     0.0000
-11.95005     0.0000
-11.93463     0.0000
-11.91922     0.0000
-11.90381     0.0000
-11.88839     0.0000
-11.87298     0.0000
-11.85757     0.0000
-11.84215     0.0000
-11.82674     0.0000
-11.81133     0.0000
-11.79591     0.0000
-11.78050     0.0000
-11.76509     0.0000
-11.74967     0.0000
-11.73426     0.0000
-11.71885     0.0000
-11.70343     0.0000
-11.68802     0.0000
-11.67261     0.0000
-11.65719     0.0000
-11.64178     0.0000
-11.62637     0.0000
-11.61095     0.0000
-11.59554     0.0000
-11.58013     0.0000
-11.56471     0.0000
-11.54930     0.0000
-11.53389     0.0000
-11.51847     0.0000
-11.50306     0.0000
-11.48765     0.0000
-11.47223     0.0000
-11.45682     0.0000
-11.44141     0.0000
-11.42599     0.0000
-11.41058     0.0000
-11.39517     0.0000
-11.37975     0.0000
-11.36434     0.0000
-11.34893     0.0000
-11.33351     0.0000
-11.31810     0.0000
-11.30269     0.0000
-11.28727     0.0000
-11.27186     0.0000
-11.25645     0.0000
-11.24103     0.0000
-11.22562     0.0000
-11.21021     0.0000
-11.19479     0.0000
-11.17938     0.0000
-11.16397     0.0000
-11.14855     0.0000
-11.13314     0.0000
-11.11773     0.0000
-11.10231     0.0000
-11.08690     0.0000
-11.07149     0.0000
-11.05607     0.0000
-11.04066     0.0000
-11.02525     0.0000
-11.00983     0.0000
-10.99442     0.0000
-10.97901     0.0000
-10.96359     0.0000
-10.94818     0.0000
-10.93277     0.0000
-10.91735     0.0000
-10.90194     0.0000
-10.88653     0.0000
-10.87111     0.0000
-10.85570     0.0000
-10.84029     0.0000
-10.82487     0.0000
-10.80946     0.0000
-10.79405     0.0000
-10.77863     0.0000
-10.76322     0.0000
-10.74781     0.0000
-10.73239     0.0000
-10.71698     0.0000
-10.70157     0.0000
-10.68615     0.0000
-10.67074     0.0000
-10.65533     0.0000
-10.63991     0.0000
-10.62450     0.0000
-10.60909     0.0000
-10.59367     0.0000
-10.57826     0.0000
-10.56285     0.0000
-10.54743     0.0000
-10.53202     0.0000
-10.51661     0.0000
-10.50119     0.0000
-10.48578     0.0000
-10.47037     0.0000
-10.45495     0.0000
-10.43954     0.0000
-10.42413     0.0000
-10.40871     0.0000
-10.39330     0.0000
-10.37789     0.0000
-10.36247     0.0000
-10.34706     0.0000
-10.33165     0.0000
-10.31623     0.0000
-10.30082     0.0000
-10.28541     0.0000
-10.26999     0.0000
-10.25458     0.0000
-10.23917     0.0000
-10.22375     0.0000
-10.20834     0.0000
-10.19293     0.0000
-10.17751     0.0000
-10.16210     0.0000
-10.14669     0.0000
-10.13127     0.0000
-10.11586     0.0000
-10.10045     0.0000
-10.08503     0.0000
-10.06962     0.0000
-10.05421     0.0000
-10.03879     0.0000
-10.02338     0.0000
-10.00797     0.0000
 -9.99255     0.0000
 -9.97714     0.0000
 -9.96173     0.0000
 -9.94631     0.0000
 -9.93090     0.0000
 -9.91549     0.0000
 -9.90007     0.0000
 -9.88466     0.0000
 -9.86925     0.0000
 -9.85383     0.0000
 -9.83842     0.0000
 -9.82301     0.0000
 -9.80759     0.0000
 -9.79218     0.0000
 -9.77677     0.0000
 -9.76135     0.0000
 -9.74594     0.0000
 -9.73053     0.0000
 -9.71511     0.0000
 -9.69970     0.0000
 -9.68429     0.0000
 -9.66887     0.0000
 -9.65346     0.0000
 -9.63805     0.0000
 -9.62263     0.0000
 -9.60722     0.0000
 -9.59181     0.0000
 -9.57639     0.0000
 -9.56098     0.0000
 -9.54557     0.0000
 -9.53015     0.0000
 -9.51474     0.0000
 -9.49933     0.0000
 -9.48391     0.0000
 -9.46850     0.0000
 -9.45309     0.0000
 -9.43767     0.0000
 -9.42226     0.0000
 -9.40685     0.0000
 -9.39143     0.0000
 -9.37602     0.0000
 -9.36061     0.0000
 -9.34519     0.0000
 -9.32978     0.0000
 -9.31437     0.0000
 -9.29895     0.0000
 -9.28354     0.0000
 -9.26813     0.0000
 -9.25271     0.0000
 -9.23730     0.0000
 -9.22189     0.0000
 -9.20647     0.0000
 -9.19106     0.0000
 -9.17565     0.0000
 -9.16023     0.0000
 -9.14482     0.0000
 -9.12941     0.0000
 -9.11399     0.0000
 -9.09858     0.0000
 -9.08317     0.0000
 -9.06775     0.0000
 -9.05234     0.0000
 -9.03693     0.0000
 -9.02151     0.0000
 -9.00610     0.0000
 -8.99069     0.0000
 -8.97527     0.0000
 -8.95986     0.0000
 -8.94445     0.0000
 -8.92903     0.0000
 -8.91362     0.0000
 -8.89821     0.0000
 -8.88279     0.0000
 -8.86738     0.0000
 -8.85197     0.0000
 -8.83655     0.0000
 -8.82114     0.0000
 -8.80573     0.0000
 -8.79031     0.0000
 -8.77490     0.0000
 -8.75949     0.0000
 -8.74407     0.0000
 -8.72866     0.0000
 -8.71325     0.0000
 -8.69783     0.0000
 -8.68242     0.0000
 -8.66701     0.0000
 -8.65159     0.0000
 -8.63618     0.0000
 -8.62077     0.0000
 -8.60535     0.0000
 -8.58994     0.0000
 -8.57453     0.0000
 -8.55911     0.0000
 -8.54370     0.0000
 -8.52829     0.0000
 -8.51287     0.0000
 -8.49746     0.0000
 -8.48205     0.0000
 -8.46663     0.0000
 -8.45122     0.0000
 -8.43581     0.0000
 -8.42039     0.0000
 -8.40498     0.0000
 -8.38957     0.0000
 -8.37415     0.0000
 -8.35874     0.0000
 -8.34333     0.0000
 -8.32791     0.0000
 -8.31250     0.0000
 -8.29709     0.0000
 -8.28167     0.0000
 -8.26626     0.0000
 -8.25085     0.0000
 -8.23543     0.0000
 -8.22002     0.0000
 -8.20461     0.0000
 -8.18919     0.0000
 -8.17378     0.0000
 -8.15837     0.0000
 -8.14295     0.0000
 -8.12754     0.0000
 -8.11213     0.0000
 -8.09671     0.0000
 -8.08130     0.0000
 -8.06589     0.0000
 -8.05047     0.0000
 -8.03506     0.0000
 -8.01965     0.0000
 -8.00423     0.0000
 -7.98882     0.0000
 -7.97341     0.0000
 -7.95799     0.0000
 -7.94258     0.0000
 -7.92717     0.0000
 -7.91175     0.0000
 -7.89634     0.0000
 -7.88093     0.0003
 -7.86551     0.0012
 -7.85010     0.0031
 -7.83469     0.0059
 -7.81927     0.0097
 -7.80386     0.0144
 -7.78845     0.0201
 -7.77303     0.0267
 -7.75762     0.0343
 -7.74221     0.0428
 -7.72679     0.0523
 -7.71138     0.0627
 -7.69597     0.0741
 -7.68055     0.0864
 -7.66514     0.0997
 -7.64973     0.1139
 -7.63431     0.1291
 -7.61890     0.1452
 -7.60349     0.1612
 -7.58807     0.1735
 -7.57266     0.1826
 -7.55725     0.1913
 -7.54183     0.1999
 -7.52642     0.2083
 -7.51101     0.2167
 -7.49559     0.2250
 -7.48018     0.2331
 -7.46477     0.2413
 -7.44935     0.2497
 -7.43394     0.2584
 -7.41853     0.2676
 -7.40311     0.2771
 -7.38770     0.2871
 -7.37229     0.2974
 -7.35687     0.3080
 -7.34146     0.3188
 -7.32605     0.3297
 -7.31063     0.3407
 -7.29522     0.3519
 -7.27981     0.3633
 -7.26439     0.3747
 -7.24898     0.3864
 -7.23357     0.3982
 -7.21815     0.4101
 -7.20274     0.4223
 -7.18733     0.4351
 -7.17191     0.4485
 -7.15650     0.4626
 -7.14109     0.4773
 -7.12567     0.4928
 -7.11026     0.5089
 -7.09485     0.5257
 -7.07943     0.5432
 -7.06402     0.5614
 -7.04861     0.5802
 -7.03319     0.6006
 -7.01778     0.6607
 -7.00237     0.7732
 -6.98695     0.8893
 -6.97154     0.9852
 -6.95613     1.0594
 -6.94071     1.1017
 -6.92530     1.1179
 -6.90989     1.1284
 -6.89447     1.1388
 -6.87906     1.1491
 -6.86365     1.1594
 -6.84823     1.1696
 -6.83282     1.1797
 -6.81741     1.1897
 -6.80199     1.2256
 -6.78658     1.4933
 -6.77117     1.9709
 -6.75575     2.2254
 -6.74034     2.0105
 -6.72493     1.6390
 -6.70951     1.4571
 -6.69410     1.3818
 -6.67869     1.3118
 -6.66327     1.2467
 -6.64786     1.1867
 -6.63245     1.1316
 -6.61703     1.0814
 -6.60162     1.0307
 -6.58621     0.9805
 -6.57079     0.9653
 -6.55538     0.9441
 -6.53997     0.8574
 -6.52455     0.7513
 -6.50914     0.6590
 -6.49373     0.5777
 -6.47831     0.5068
 -6.46290     0.4463
 -6.44749     0.3961
 -6.43207     0.3563
 -6.41666     0.3269
 -6.40125     0.3073
 -6.38583     0.2937
 -6.37042     0.2817
 -6.35501     0.2701
 -6.33959     0.2590
 -6.32418     0.2484
 -6.30877     0.2383
 -6.29335     0.2286
 -6.27794     0.2194
 -6.26253     0.2105
 -6.24711     0.2021
 -6.23170     0.1941
 -6.21629     0.1864
 -6.20087     0.1792
 -6.18546     0.1723
 -6.17005     0.1659
 -6.15463     0.1598
 -6.13922     0.1541
 -6.12381     0.1489
 -6.10839     0.1440
 -6.09298     0.1395
 -6.07757     0.1358
 -6.06215     0.1349
 -6.04674     0.1387
 -6.03133     0.1474
 -6.01591     0.1612
 -6.00050     0.1824
 -5.98509     0.2153
 -5.96967     0.2621
 -5.95426     0.3230
 -5.93885     0.3979
 -5.92343     0.4868
 -5.90802     0.5898
 -5.89261     0.7068
 -5.87719     0.8379
 -5.86178     0.9812
 -5.84637     1.1017
 -5.83095     1.1381
 -5.81554     1.0815
 -5.80013     1.0171
 -5.78471     0.9864
 -5.76930     0.9621
 -5.75389     0.9421
 -5.73847     0.9263
 -5.72306     0.9147
 -5.70765     0.9074
 -5.69223     0.9042
 -5.67682     0.9052
 -5.66141     0.9104
 -5.64599     0.9183
 -5.63058     0.9273
 -5.61517     0.9372
 -5.59975     0.9485
 -5.58434     0.9611
 -5.56893     0.9752
 -5.55351     0.9909
 -5.53810     1.0081
 -5.52269     1.0269
 -5.50727     1.0472
 -5.49186     1.0691
 -5.47645     1.0925
 -5.46103     1.1175
 -5.44562     1.1512
 -5.43021     1.1986
 -5.41479     1.2454
 -5.39938     1.2797
 -5.38397     1.2994
 -5.36855     1.3100
 -5.35314     1.3144
 -5.33773     1.3065
 -5.32231     1.2886
 -5.30690     1.2935
 -5.29149     1.4039
 -5.27607     1.7755
 -5.26066     2.7429
 -5.24525     4.3852
 -5.22983     5.2064
 -5.21442     4.5653
 -5.19901     3.8333
 -5.18359     3.4591
 -5.16818     3.1741
 -5.15277     2.9305
 -5.13735     2.7284
 -5.12194     2.5656
 -5.10653     2.4426
 -5.09111     2.3540
 -5.07570     2.2885
 -5.06029     2.2426
 -5.04487     2.2161
 -5.02946     2.2035
 -5.01405     2.0794
 -4.99863     1.9185
 -4.98322     1.8507
 -4.96781     1.8024
 -4.95239     1.7645
 -4.93698     1.7338
 -4.92157     1.7061
 -4.90615     1.6798
 -4.89074     1.6551
 -4.87533     1.6319
 -4.85991     1.6103
 -4.84450     1.5902
 -4.82909     1.5712
 -4.81367     1.5521
 -4.79826     1.5271
 -4.78285     1.4631
 -4.76743     1.3942
 -4.75202     1.3573
 -4.73661     1.3247
 -4.72119     1.2941
 -4.70578     1.2653
 -4.69037     1.2384
 -4.67495     1.2134
 -4.65954     1.1903
 -4.64413     1.1691
 -4.62871     1.1499
 -4.61330     1.1322
 -4.59789     1.1139
 -4.58247     1.0932
 -4.56706     1.0698
 -4.55165     1.0436
 -4.53623     1.0143
 -4.52082     0.9820
 -4.50541     0.9470
 -4.48999     0.9096
 -4.47458     0.8691
 -4.45917     0.8257
 -4.44375     0.7828
 -4.42834     0.7441
 -4.41293     0.7103
 -4.39751     0.6766
 -4.38210     0.6409
 -4.36669     0.6118
 -4.35127     0.5894
 -4.33586     0.5676
 -4.32045     0.5464
 -4.30503     0.5258
 -4.28962     0.5060
 -4.27421     0.4867
 -4.25879     0.4682
 -4.24338     0.4503
 -4.22797     0.4331
 -4.21255     0.4161
 -4.19714     0.3977
 -4.18173     0.3792
 -4.16631     0.3637
 -4.15090     0.3515
 -4.13549     0.3416
 -4.12007     0.3326
 -4.10466     0.3242
 -4.08925     0.3162
 -4.07383     0.3088
 -4.05842     0.3017
 -4.04301     0.2949
 -4.02759     0.2881
 -4.01218     0.2815
 -3.99677     0.2750
 -3.98135     0.2687
 -3.96594     0.2625
 -3.95053     0.2565
 -3.93511     0.2506
 -3.91970     0.2448
 -3.90429     0.2392
 -3.88887     0.2337
 -3.87346     0.2284
 -3.85805     0.2232
 -3.84263     0.2181
 -3.82722     0.2132
 -3.81181     0.2058
 -3.79639     0.1945
 -3.78098     0.1819
 -3.76557     0.1697
 -3.75015     0.1579
 -3.73474     0.1466
 -3.71933     0.1357
 -3.70391     0.1251
 -3.68850     0.1150
 -3.67309     0.1053
 -3.65767     0.0961
 -3.64226     0.0872
 -3.62685     0.0788
 -3.61143     0.0709
 -3.59602     0.0633
 -3.58061     0.0562
 -3.56519     0.0495
 -3.54978     0.0432
 -3.53437     0.0374
 -3.51895     0.0319
 -3.50354     0.0269
 -3.48813     0.0224
 -3.47271     0.0182
 -3.45730     0.0145
 -3.44189     0.0112
 -3.42647     0.0083
 -3.41106     0.0059
 -3.39565     0.0039
 -3.38023     0.0023
 -3.36482     0.0011
 -3.34941     0.0004
 -3.33399     0.0001
 -3.31858     0.0000
 -3.30317     0.0000
 -3.28775     0.0000
 -3.27234     0.0000
 -3.25693     0.0000
 -3.24151     0.0000
 -3.22610     0.0000
 -3.21069     0.0000
 -3.19527     0.0000
 -3.17986     0.0000
 -3.16445     0.0000
 -3.14903     0.0000
 -3.13362     0.0000
 -3.11821     0.0000
 -3.10279     0.0000
 -3.08738     0.0000
 -3.07197     0.0000
 -3.05655     0.0000
 -3.04114     0.0000
 -3.02573     0.0000
 -3.01031     0.0000
 -2.99490     0.0000
 -2.97949     0.0000
 -2.96407     0.0000
 -2.94866     0.0000
 -2.93325     0.0000
 -2.91783     0.0000
 -2.90242     0.0000
 -2.88701     0.0000
 -2.87159     0.0000
 -2.85618     0.0000
 -2.84077     0.0000
 -2.82535     0.0000
 -2.80994     0.0000
 -2.79453     0.0000
 -2.77911     0.0000
 -2.76370     0.0000
 -2.74829     0.0000
 -2.73287     0.0000
 -2.71746     0.0000
 -2.70205     0.0000
 -2.68663     0.0000
 -2.67122     0.0000
 -2.65581     0.0000
 -2.64039     0.0000
 -2.62498     0.0000
 -2.60957     0.0000
 -2.59415     0.0000
 -2.57874     0.0000
 -2.56333     0.0000
 -2.54791     0.0000
 -2.53250     0.0000
 -2.51709     0.0000
 -2.50167     0.0000
 -2.48626     0.0000
 -2.47085     0.0000
 -2.45543     0.0000
 -2.44002     0.0000
 -2.42461     0.0000
 -2.40919     0.0000
 -2.39378     0.0000
 -2.37837     0.0000
 -2.36295     0.0000
 -2.34754     0.0000
 -2.33213     0.0000
 -2.31671     0.0000
 -2.30130     0.0000
 -2.28589     0.0001
 -2.27047     0.0002
 -2.25506     0.0003
 -2.23965     0.0005
 -2.22423     0.0007
 -2.20882     0.0009
 -2.19341     0.0012
 -2.17799     0.0016
 -2.16258     0.0020
 -2.14717     0.0024
 -2.13175     0.0028
 -2.11634     0.0033
 -2.10093     0.0039
 -2.08551     0.0045
 -2.07010     0.0051
 -2.05469     0.0057
 -2.03927     0.0064
 -2.02386     0.0071
 -2.00845     0.0079
 -1.99303     0.0087
 -1.97762     0.0096
 -1.96221     0.0105
 -1.94679     0.0114
 -1.93138     0.0124
 -1.91597     0.0134
 -1.90055     0.0144
 -1.88514     0.0155
 -1.86973     0.0165
 -1.85431     0.0175
 -1.83890     0.0185
 -1.82349     0.0195
 -1.80807     0.0205
 -1.79266     0.0215
 -1.77725     0.0225
 -1.76183     0.0235
 -1.74642     0.0247
 -1.73101     0.0258
 -1.71559     0.0270
 -1.70018     0.0283
 -1.68477     0.0296
 -1.66935     0.0310
 -1.65394     0.0322
 -1.63853     0.0335
 -1.62311     0.0347
 -1.60770     0.0359
 -1.59229     0.0370
 -1.57687     0.0381
 -1.56146     0.0392
 -1.54605     0.0402
 -1.53063     0.0413
 -1.51522     0.0423
 -1.49981     0.0433
 -1.48439     0.0443
 -1.46898     0.0454
 -1.45357     0.0464
 -1.43815     0.0474
 -1.42274     0.0484
 -1.40733     0.0495
 -1.39191     0.0505
 -1.37650     0.0517
 -1.36109     0.0529
 -1.34567     0.0542
 -1.33026     0.0555
 -1.31485     0.0569
 -1.29943     0.0581
 -1.28402     0.0592
 -1.26861     0.0603
 -1.25319     0.0612
 -1.23778     0.0621
 -1.22237     0.0631
 -1.20695     0.0641
 -1.19154     0.0653
 -1.17613     0.0665
 -1.16071     0.0678
 -1.14530     0.0692
 -1.12989     0.0706
 -1.11447     0.0727
 -1.09906     0.0756
 -1.08365     0.0785
 -1.06823     0.0813
 -1.05282     0.0839
 -1.03741     0.0863
 -1.02199     0.0895
 -1.00658     0.0935
 -0.99117     0.0974
 -0.97575     0.1009
 -0.96034     0.1041
 -0.94493     0.1070
 -0.92951     0.1096
 -0.91410     0.1119
 -0.89869     0.1141
 -0.88327     0.1161
 -0.86786     0.1181
 -0.85245     0.1210
 -0.83703     0.1266
 -0.82162     0.1355
 -0.80621     0.1441
 -0.79079     0.1490
 -0.77538     0.1498
 -0.75997     0.1479
 -0.74455     0.1461
 -0.72914     0.1449
 -0.71373     0.1429
 -0.69831     0.1407
 -0.68290     0.1401
 -0.66749     0.1409
 -0.65207     0.1384
 -0.63666     0.1292
 -0.62125     0.1179
 -0.60583     0.1149
 -0.59042     0.1198
 -0.57501     0.1263
 -0.55959     0.1342
 -0.54418     0.1391
 -0.52877     0.1413
 -0.51335     0.1480
 -0.49794     0.1582
 -0.48253     0.1700
 -0.46711     0.1856
 -0.45170     0.2043
 -0.43629     0.2207
 -0.42087     0.2320
 -0.40546     0.2386
 -0.39005     0.2438
 -0.37463     0.2464
 -0.35922     0.2420
 -0.34381     0.2406
 -0.32839     0.2451
 -0.31298     0.2512
 -0.29757     0.2621
 -0.28215     0.2881
 -0.26674     0.3232
 -0.25133     0.3472
 -0.23591     0.3667
 -0.22050     0.3930
 -0.20509     0.4358
 -0.18967     0.5109
 -0.17426     0.6064
 -0.15885     0.7113
 -0.14343     0.7869
 -0.12802     0.7253
 -0.11261     0.6477
 -0.09719     0.6367
 -0.08178     0.5970
 -0.06637     0.6242
 -0.05095     0.4841
 -0.03554     0.3019
 -0.02013     0.3157
 -0.00471     0.3215
  0.01070     0.3254
  0.02611     0.3249
  0.04153     0.3231
  0.05694     0.3227
  0.07235     0.3223
  0.08777     0.3203
  0.10318     0.3164
  0.11859     0.3107
  0.13401     0.3034
  0.14942     0.2983
  0.16483     0.2966
  0.18025     0.2953
  0.19566     0.2937
  0.21107     0.2928
  0.22649     0.2935
  0.24190     0.2952
  0.25731     0.2972
  0.27273     0.2991
  0.28814     0.3011
  0.30355     0.3033
  0.31897     0.3056
  0.33438     0.3082
  0.34979     0.3111
  0.36521     0.3141
  0.38062     0.3172
  0.39603     0.3202
  0.41145     0.3230
  0.42686     0.3259
  0.44227     0.3294
  0.45769     0.3350
  0.47310     0.3438
  0.48851     0.3561
  0.50393     0.3695
  0.51934     0.3754
  0.53475     0.3739
  0.55017     0.3718
  0.56558     0.3698
  0.58099     0.3678
  0.59641     0.3659
  0.61182     0.3641
  0.62723     0.3623
  0.64265     0.3606
  0.65806     0.3589
  0.67347     0.3573
  0.68889     0.3557
  0.70430     0.3542
  0.71971     0.3527
  0.73513     0.3514
  0.75054     0.3501
  0.76595     0.3490
  0.78137     0.3482
  0.79678     0.3478
  0.81219     0.3477
  0.82761     0.3480
  0.84302     0.3486
  0.85843     0.3496
  0.87385     0.3510
  0.88926     0.3529
  0.90467     0.3557
  0.92009     0.3598
  0.93550     0.3650
  0.95091     0.3717
  0.96633     0.3797
  0.98174     0.3890
  0.99715     0.3997
  1.01257     0.4118
  1.02798     0.4251
  1.04339     0.4395
  1.05881     0.4548
  1.07422     0.4707
  1.08963     0.4855
  1.10505     0.4986
  1.12046     0.5101
  1.13587     0.5178
  1.15129     0.5185
  1.16670     0.5095
  1.18211     0.4901
  1.19753     0.4652
  1.21294     0.4395
  1.22835     0.4135
  1.24377     0.3871
  1.25918     0.3604
  1.27459     0.3333
  1.29001     0.3059
  1.30542     0.2781
  1.32083     0.2500
  1.33625     0.2215
  1.35166     0.1926
  1.36707     0.1634
  1.38249     0.1338
  1.39790     0.1039
  1.41331     0.0737
  1.42873     0.0454
  1.44414     0.0227
  1.45955     0.0081
  1.47497     0.0016
  1.49038     0.0004
  1.50579     0.0004
  1.52121     0.0005
  1.53662     0.0005
  1.55203     0.0005
  1.56745     0.0006
  1.58286     0.0006
  1.59827     0.0007
  1.61369     0.0008
  1.62910     0.0008
  1.64451     0.0009
  1.65993     0.0009
  1.67534     0.0010
  1.69075     0.0011
  1.70617     0.0011
  1.72158     0.0012
  1.73699     0.0013
  1.75241     0.0013
  1.76782     0.0014
  1.78323     0.0015
  1.79865     0.0016
  1.81406     0.0017
  1.82947     0.0018
  1.84489     0.0018
  1.86030     0.0019
  1.87571     0.0020
  1.89113     0.0021
  1.90654     0.0022
  1.92195     0.0023
  1.93737     0.0024
  1.95278     0.0025
  1.96819     0.0026
  1.98361     0.0027
  1.99902     0.0028
  2.01443     0.0029
  2.02985     0.0030
  2.04526     0.0032
  2.06067     0.0033
  2.07609     0.0034
  2.09150     0.0035
  2.10691     0.0036
  2.12233     0.0038
  2.13774     0.0040
  2.15315     0.0041
  2.16857     0.0043
  2.18398     0.0045
  2.19939     0.0047
  2.21481     0.0049
  2.23022     0.0051
  2.24563     0.0053
  2.26105     0.0055
  2.27646     0.0057
  2.29187     0.0058
  2.30729     0.0060
  2.32270     0.0062
  2.33811     0.0064
  2.35353     0.0066
  2.36894     0.0067
  2.38435     0.0069
  2.39977     0.0071
  2.41518     0.0073
  2.43059     0.0074
  2.44601     0.0076
  2.46142     0.0078
  2.47683     0.0080
  2.49225     0.0081
  2.50766     0.0083
  2.52307     0.0085
  2.53849     0.0086
  2.55390     0.0088
  2.56931     0.0090
  2.58473     0.0091
  2.60014     0.0093
  2.61555     0.0094
  2.63097     0.0096
  2.64638     0.0098
  2.66179     0.0099
  2.67721     0.0101
  2.69262     0.0103
  2.70803     0.0105
  2.72345     0.0106
  2.73886     0.0108
  2.75427     0.0110
  2.76969     0.0111
  2.78510     0.0113
  2.80051     0.0115
  2.81593     0.0117
  2.83134     0.0118
  2.84675     0.0120
  2.86217     0.0122
  2.87758     0.0124
  2.89299     0.0126
  2.90841     0.0127
  2.92382     0.0129
  2.93923     0.0131
  2.95465     0.0133
  2.97006     0.0135
  2.98547     0.0137
  3.00089     0.0138
  3.01630     0.0140
  3.03171     0.0142
  3.04713     0.0144
  3.06254     0.0146
  3.07795     0.0148
  3.09337     0.0150
  3.10878     0.0152
  3.12419     0.0153
  3.13961     0.0155
  3.15502     0.0157
  3.17043     0.0159
  3.18585     0.0161
  3.20126     0.0163
  3.21667     0.0165
  3.23209     0.0167
  3.24750     0.0169
  3.26291     0.0171
  3.27833     0.0173
  3.29374     0.0175
  3.30915     0.0177
  3.32457     0.0179
  3.33998     0.0181
  3.35539     0.0183
  3.37081     0.0186
  3.38622     0.0188
  3.40163     0.0190
  3.41705     0.0193
  3.43246     0.0195
  3.44787     0.0198
  3.46329     0.0201
  3.47870     0.0203
  3.49411     0.0206
  3.50953     0.0209
  3.52494     0.0212
  3.54035     0.0215
  3.55577     0.0218
  3.57118     0.0221
  3.58659     0.0225
  3.60201     0.0228
  3.61742     0.0231
  3.63283     0.0235
  3.64825     0.0238
  3.66366     0.0242
  3.67907     0.0245
  3.69449     0.0249
  3.70990     0.0253
  3.72531     0.0257
  3.74073     0.0260
  3.75614     0.0264
  3.77155     0.0268
  3.78697     0.0272
  3.80238     0.0276
  3.81779     0.0280
  3.83321     0.0284
  3.84862     0.0288
  3.86403     0.0292
  3.87945     0.0296
  3.89486     0.0300
  3.91027     0.0304
  3.92569     0.0308
  3.94110     0.0312
  3.95651     0.0316
  3.97193     0.0320
  3.98734     0.0324
  4.00275     0.0328
  4.01817     0.0332
  4.03358     0.0336
  4.04899     0.0339
  4.06441     0.0343
  4.07982     0.0347
  4.09523     0.0351
  4.11065     0.0355
  4.12606     0.0359
  4.14147     0.0363
  4.15689     0.0367
  4.17230     0.0371
  4.18771     0.0375
  4.20313     0.0379
  4.21854     0.0383
  4.23395     0.0387
  4.24937     0.0391
  4.26478     0.0395
  4.28019     0.0400
  4.29561     0.0404
  4.31102     0.0408
  4.32643     0.0412
  4.34185     0.0416
  4.35726     0.0421
  4.37267     0.0425
  4.38809     0.0429
  4.40350     0.0433
  4.41891     0.0438
  4.43433     0.0442
  4.44974     0.0446
  4.46515     0.0451
  4.48057     0.0455
  4.49598     0.0460
  4.51139     0.0464
  4.52681     0.0469
  4.54222     0.0473
  4.55763     0.0478
  4.57305     0.0482
  4.58846     0.0487
  4.60387     0.0491
  4.61929     0.0496
  4.63470     0.0500
  4.65011     0.0505
  4.66553     0.0510
  4.68094     0.0514
  4.69635     0.0519
  4.71177     0.0524
  4.72718     0.0528
  4.74259     0.0533
  4.75801     0.0538
  4.77342     0.0543
  4.78883     0.0547
  4.80425     0.0552
  4.81966     0.0557
  4.83507     0.0562
  4.85049     0.0567
  4.86590     0.0572
  4.88131     0.0577
  4.89673     0.0582
  4.91214     0.0587
  4.92755     0.0592
  4.94297     0.0597
  4.95838     0.0602
  4.97379     0.0607
  4.98921     0.0613
  5.00462     0.0618
  5.02003     0.0624
  5.03545     0.0630
  5.05086     0.0636
  5.06627     0.0642
  5.08169     0.0648
  5.09710     0.0655
  5.11251     0.0661
  5.12793     0.0668
  5.14334     0.0674
  5.15875     0.0681
  5.17417     0.0688
  5.18958     0.0695
  5.20499     0.0703
  5.22041     0.0710
  5.23582     0.0717
  5.25123     0.0725
  5.26665     0.0732
  5.28206     0.0739
  5.29747     0.0747
  5.31289     0.0754
  5.32830     0.0761
  5.34371     0.0768
  5.35913     0.0775
  5.37454     0.0782
  5.38995     0.0789
  5.40537     0.0796
  5.42078     0.0802
  5.43619     0.0809
  5.45161     0.0816
  5.46702     0.0822
  5.48243     0.0829
  5.49785     0.0836
  5.51326     0.0842
  5.52867     0.0848
  5.54409     0.0855
  5.55950     0.0861
  5.57491     0.0867
  5.59033     0.0874
  5.60574     0.0880
  5.62115     0.0886
  5.63657     0.0892
  5.65198     0.0898
  5.66739     0.0904
  5.68281     0.0910
  5.69822     0.0916
  5.71363     0.0921
  5.72905     0.0927
  5.74446     0.0933
  5.75987     0.0938
  5.77529     0.0944
  5.79070     0.0949
  5.80611     0.0955
  5.82153     0.0960
  5.83694     0.0966
  5.85235     0.0971
  5.86777     0.0976
  5.88318     0.0981
  5.89859     0.0986
  5.91401     0.0991
  5.92942     0.0995
  5.94483     0.0999
  5.96025     0.1002
  5.97566     0.1006
  5.99107     0.1011
  6.00649     0.1015
  6.02190     0.1018
  6.03731     0.1022
  6.05273     0.1026
  6.06814     0.1032
  6.08355     0.1037
  6.09897     0.1043
  6.11438     0.1049
  6.12979     0.1055
  6.14521     0.1061
  6.16062     0.1068
  6.17603     0.1079
  6.19145     0.1092
  6.20686     0.1103
  6.22227     0.1114
  6.23769     0.1125
  6.25310     0.1134
  6.26851     0.1143
  6.28393     0.1152
  6.29934     0.1160
  6.31475     0.1167
  6.33017     0.1173
  6.34558     0.1179
  6.36099     0.1184
  6.37641     0.1188
  6.39182     0.1192
  6.40723     0.1195
  6.42265     0.1197
  6.43806     0.1199
  6.45347     0.1200
  6.46889     0.1200
  6.48430     0.1200
  6.49971     0.1199
  6.51513     0.1197
  6.53054     0.1194
  6.54595     0.1191
  6.56137     0.1186
  6.57678     0.1180
  6.59219     0.1171
  6.60761     0.1162
  6.62302     0.1152
  6.63843     0.1143
  6.65385     0.1135
  6.66926     0.1126
  6.68467     0.1118
  6.70009     0.1110
  6.71550     0.1101
  6.73091     0.1094
  6.74633     0.1086
  6.76174     0.1078
  6.77715     0.1071
  6.79257     0.1064
  6.80798     0.1058
  6.82339     0.1052
  6.83881     0.1046
  6.85422     0.1041
  6.86963     0.1036
  6.88505     0.1032
  6.90046     0.1028
  6.91587     0.1024
  6.93129     0.1021
  6.94670     0.1019
  6.96211     0.1017
  6.97753     0.1015
  6.99294     0.1013
  7.00835     0.1012
  7.02377     0.1011
  7.03918     0.1010
  7.05459     0.1009
  7.07001     0.1009
  7.08542     0.1008
  7.10083     0.1008
  7.11625     0.1007
  7.13166     0.1007
  7.14707     0.1007
  7.16249     0.1007
  7.17790     0.1006
  7.19331     0.1006
  7.20873     0.1006
  7.22414     0.1006
  7.23955     0.1006
  7.25497     0.1006
  7.27038     0.1006
  7.28579     0.1007
  7.30121     0.1007
  7.31662     0.1007
  7.33203     0.1007
  7.34745     0.1008
  7.36286     0.1008
  7.37827     0.1009
  7.39369     0.1009
  7.40910     0.1010
  7.42451     0.1011
  7.43993     0.1012
  7.45534     0.1014
  7.47075     0.1016
  7.48617     0.1018
  7.50158     0.1020
  7.51699     0.1022
  7.53241     0.1025
  7.54782     0.1028
  7.56323     0.1031
  7.57865     0.1035
  7.59406     0.1039
  7.60947     0.1043
  7.62489     0.1048
  7.64030     0.1056
  7.65571     0.1067
  7.67113     0.1083
  7.68654     0.1103
  7.70195     0.1128
  7.71737     0.1156
  7.73278     0.1188
  7.74819     0.1225
  7.76361     0.1265
  7.77902     0.1310
  7.79443     0.1346
  7.80985     0.1356
  7.82526     0.1346
  7.84067     0.1324
  7.85609     0.1298
  7.87150     0.1275
  7.88691     0.1252
  7.90233     0.1226
  7.91774     0.1195
  7.93315     0.1161
  7.94857     0.1123
  7.96398     0.1081
  7.97939     0.1035
  7.99481     0.0986
  8.01022     0.0932
  8.02563     0.0875
  8.04105     0.0813
  8.05646     0.0748
  8.07187     0.0679
  8.08729     0.0607
  8.10270     0.0530
  8.11811     0.0449
  8.13353     0.0365
  8.14894     0.0277
  8.16435     0.0184
  8.17977     0.0096
  8.19518     0.0032
  8.21059     0.0005
  8.22601     0.0000
  8.24142     0.0000
  8.25683     0.0000
  8.27225     0.0000
  8.28766     0.0000
  8.30307     0.0000
  8.31849     0.0000
  8.33390     0.0000
  8.34931     0.0000
  8.36473     0.0000
  8.38014     0.0000
  8.39555     0.0000
  8.41097     0.0000
  8.42638     0.0000
  8.44179     0.0000
  8.45721     0.0000
  8.47262     0.0000
  8.48803     0.0000
  8.50345     0.0000
  8.51886     0.0000
  8.53427     0.0000
  8.54969     0.0000
  8.56510     0.0000
  8.58051     0.0000
  8.59593     0.0000
  8.61134     0.0000
  8.62675     0.0000
  8.64217     0.0000
  8.65758     0.0000
  8.67299     0.0000
  8.68841     0.0000
  8.70382     0.0000
  8.71923     0.0000
  8.73465     0.0000
  8.75006     0.0000
  8.76547     0.0000
  8.78089     0.0000
  8.79630     0.0026
  8.81171     0.0130
  8.82713     0.0283
  8.84254     0.0434
  8.85795     0.0580
  8.87337     0.0721
  8.88878     0.0857
  8.90419     0.0989
  8.91961     0.1115
  8.93502     0.1237
  8.95043     0.1354
  8.96585     0.1465
  8.98126     0.1573
  8.99667     0.1675
  9.01209     0.1772
  9.02750     0.1865
  9.04291     0.1952
  9.05833     0.2035
  9.07374     0.2113
  9.08915     0.2186
  9.10457     0.2254
  9.11998     0.2317
  9.13539     0.2376
  9.15081     0.2429
  9.16622     0.2478
  9.18163     0.2536
  9.19705     0.2692
  9.21246     0.2923
  9.22787     0.3114
  9.24329     0.3248
  9.25870     0.3323
  9.27411     0.3340
  9.28953     0.3300
  9.30494     0.3212
  9.32035     0.3112
  9.33577     0.3031
  9.35118     0.2977
  9.36659     0.2953
  9.38201     0.2958
  9.39742     0.2992
  9.41283     0.3048
  9.42825     0.3116
  9.44366     0.3187
  9.45907     0.3255
  9.47449     0.3316
  9.48990     0.3370
  9.50531     0.3417
  9.52073     0.3457
  9.53614     0.3490
  9.55155     0.3516
  9.56697     0.3535
  9.58238     0.3547
  9.59779     0.3551
  9.61321     0.3549
  9.62862     0.3541
  9.64403     0.3812
  9.65945     0.5194
  9.67486     0.7563
  9.69027     0.7190
  9.70569     0.4600
  9.72110     0.3223
  9.73651     0.2695
  9.75193     0.2508
  9.76734     0.2350
  9.78275     0.2200
  9.79817     0.2058
  9.81358     0.1918
  9.82899     0.1778
  9.84441     0.1647
  9.85982     0.1529
  9.87523     0.1424
  9.89065     0.1331
  9.90606     0.1251
  9.92147     0.1183
  9.93689     0.1129
  9.95230     0.1086
  9.96771     0.1051
  9.98313     0.1021
  9.99854     0.0998
 10.01395     0.0980
 10.02937     0.0968
 10.04478     0.0962
 10.06019     0.0962
 10.07561     0.0970
 10.09102     0.0995
 10.10643     0.1043
 10.12185     0.1115
 10.13726     0.1210
 10.15267     0.1316
 10.16809     0.1418
 10.18350     0.1510
 10.19891     0.1594
 10.21433     0.1668
 10.22974     0.1732
 10.24515     0.1788
 10.26057     0.1834
 10.27598     0.1871
 10.29139     0.1899
 10.30681     0.1917
 10.32222     0.1926
 10.33763     0.1926
 10.35305     0.1916
 10.36846     0.1897
 10.38387     0.1869
 10.39929     0.1831
 10.41470     0.1784
 10.43011     0.1728
 10.44553     0.1668
 10.46094     0.1634
 10.47635     0.1627
 10.49177     0.1625
 10.50718     0.1624
 10.52259     0.1623
 10.53801     0.1623
 10.55342     0.1623
 10.56883     0.1624
 10.58425     0.1556
 10.59966     0.1460
 10.61507     0.1425
 10.63049     0.1414
 10.64590     0.1403
 10.66131     0.1392
 10.67673     0.1381
 10.69214     0.1370
 10.70755     0.1360
 10.72297     0.1350
 10.73838     0.1340
 10.75379     0.1331
 10.76921     0.1321
 10.78462     0.1312
 10.80003     0.1304
 10.81545     0.1296
 10.83086     0.1288
 10.84627     0.1281
 10.86169     0.1274
 10.87710     0.1267
 10.89251     0.1260
 10.90793     0.1253
 10.92334     0.1246
 10.93875     0.1240
 10.95417     0.1234
 10.96958     0.1227
 10.98499     0.1221
 11.00041     0.1215
 11.01582     0.1210
 11.03123     0.1204
 11.04665     0.1198
 11.06206     0.1190
 11.07747     0.1182
 11.09289     0.1173
 11.10830     0.1165
 11.12371     0.1157
 11.13913     0.1149
 11.15454     0.1141
 11.16995     0.1133
 11.18537     0.1125
 11.20078     0.1114
 11.21619     0.1099
 11.23161     0.1080
 11.24702     0.1059
 11.26243     0.1036
 11.27785     0.1013
 11.29326     0.0990
 11.30867     0.0967
 11.32409     0.0945
 11.33950     0.0925
 11.35491     0.0907
 11.37033     0.0892
 11.38574     0.0880
 11.40115     0.0869
 11.41657     0.0858
 11.43198     0.0846
 11.44739     0.0834
 11.46281     0.0821
 11.47822     0.0808
 11.49363     0.0795
 11.50905     0.0781
 11.52446     0.0767
 11.53987     0.0753
 11.55529     0.0738
 11.57070     0.0723
 11.58611     0.0710
 11.60153     0.0699
 11.61694     0.0689
 11.63235     0.0679
 11.64777     0.0670
 11.66318     0.0660
 11.67859     0.0651
 11.69401     0.0642
 11.70942     0.0633
 11.72483     0.0624
 11.74025     0.0615
 11.75566     0.0607
 11.77107     0.0598
 11.78649     0.0590
 11.80190     0.0582
 11.81731     0.0574
 11.83273     0.0566
 11.84814     0.0558
 11.86355     0.0550
 11.87897     0.0543
 11.89438     0.0535
 11.90979     0.0528
 11.92521     0.0520
 11.94062     0.0513
 11.95603     0.0506
 11.97145     0.0499
 11.98686     0.0492
 12.00227     0.0485
 12.01769     0.0478
 12.03310     0.0471
 12.04851     0.0464
 12.06393     0.0458
 12.07934     0.0451
 12.09475     0.0444
 12.11017     0.0435
 12.12558     0.0425
 12.14099     0.0414
 12.15641     0.0402
 12.17182     0.0392
 12.18723     0.0385
 12.20265     0.0378
 12.21806     0.0371
 12.23347     0.0365
 12.24889     0.0358
 12.26430     0.0352
 12.27971     0.0346
 12.29513     0.0340
 12.31054     0.0334
 12.32595     0.0328
 12.34137     0.0323
 12.35678     0.0317
 12.37219     0.0312
 12.38761     0.0307
 12.40302     0.0302
 12.41843     0.0297
 12.43385     0.0293
 12.44926     0.0288
 12.46467     0.0276
 12.48009     0.0264
 12.49550     0.0259
 12.51091     0.0255
 12.52633     0.0252
 12.54174     0.0248
 12.55715     0.0245
 12.57257     0.0242
 12.58798     0.0239
 12.60339     0.0236
 12.61881     0.0232
 12.63422     0.0229
 12.64963     0.0226
 12.66505     0.0223
 12.68046     0.0221
 12.69587     0.0218
 12.71129     0.0214
 12.72670     0.0203
 12.74211     0.0189
 12.75753     0.0182
 12.77294     0.0178
 12.78835     0.0174
 12.80377     0.0170
 12.81918     0.0166
 12.83459     0.0163
 12.85001     0.0159
 12.86542     0.0155
 12.88083     0.0152
 12.89625     0.0148
 12.91166     0.0145
 12.92707     0.0141
 12.94249     0.0138
 12.95790     0.0135
 12.97331     0.0132
 12.98873     0.0129
 13.00414     0.0126
 13.01955     0.0124
 13.03497     0.0121
 13.05038     0.0119
 13.06579     0.0117
 13.08121     0.0115
 13.09662     0.0113
 13.11203     0.0111
 13.12745     0.0109
 13.14286     0.0108
 13.15827     0.0106
 13.17369     0.0105
 13.18910     0.0104
 13.20451     0.0103
 13.21993     0.0102
 13.23534     0.0102
 13.25075     0.0101
 13.26617     0.0101
 13.28158     0.0101
 13.29699     0.0101
 13.31241     0.0102
 13.32782     0.0102
 13.34323     0.0102
 13.35865     0.0103
 13.37406     0.0103
 13.38947     0.0104
 13.40489     0.0104
 13.42030     0.0105
 13.43571     0.0106
 13.45113     0.0106
 13.46654     0.0107
 13.48195     0.0108
 13.49737     0.0110
 13.51278     0.0111
 13.52819     0.0112
 13.54361     0.0114
 13.55902     0.0116
 13.57443     0.0118
 13.58985     0.0121
 13.60526     0.0123
 13.62067     0.0126
 13.63609     0.0129
 13.65150     0.0132
 13.66691     0.0136
 13.68233     0.0139
 13.69774     0.0143
 13.71315     0.0147
 13.72857     0.0152
 13.74398     0.0156
 13.75939     0.0161
 13.77481     0.0166
 13.79022     0.0171
 13.80563     0.0176
 13.82105     0.0182
 13.83646     0.0188
 13.85187     0.0194
 13.86729     0.0200
 13.88270     0.0210
 13.89811     0.0232
 13.91353     0.0262
 13.92894     0.0289
 13.94435     0.0314
 13.95977     0.0337
 13.97518     0.0357
 13.99059     0.0375
 14.00601     0.0406
 14.02142     0.0748
 14.03683     0.1171
 14.05225     0.1077
 14.06766     0.0821
 14.08307     0.0779
 14.09849     0.0803
 14.11390     0.0826
 14.12931     0.0847
 14.14473     0.0867
 14.16014     0.0887
 14.17555     0.0905
 14.19097     0.0922
 14.20638     0.0939
 14.22179     0.0954
 14.23721     0.0968
 14.25262     0.0982
 14.26803     0.0994
 14.28345     0.1005
 14.29886     0.1016
 14.31427     0.1025
 14.32969     0.1033
 14.34510     0.1041
 14.36051     0.1047
 14.37593     0.1052
 14.39134     0.1057
 14.40675     0.1060
 14.42217     0.1063
 14.43758     0.1064
 14.45299     0.1065
 14.46841     0.1064
 14.48382     0.1062
 14.49923     0.1058
 14.51465     0.1046
 14.53006     0.1024
 14.54547     0.0996
 14.56089     0.0969
 14.57630     0.0945
 14.59171     0.0924
 14.60713     0.0904
 14.62254     0.0887
 14.63795     0.0873
 14.65337     0.0861
 14.66878     0.0851
 14.68419     0.0843
 14.69961     0.0836
 14.71502     0.0829
 14.73043     0.0823
 14.74585     0.0817
 14.76126     0.0811
 14.77667     0.0804
 14.79209     0.0797
 14.80750     0.0792
 14.82291     0.0787
 14.83833     0.0783
 14.85374     0.0778
 14.86915     0.0774
 14.88457     0.0770
 14.89998     0.0767
 14.91539     0.0763
 14.93081     0.0760
 14.94622     0.0757
 14.96163     0.0754
 14.97705     0.0752
 14.99246     0.0750
 15.00787     0.0748
 15.02329     0.0746
 15.03870     0.0744
 15.05411     0.0743
 15.06953     0.0742
 15.08494     0.0741
 15.10035     0.0740
 15.11577     0.0740
 15.13118     0.0739
 15.14659     0.0739
 15.16201     0.0738
 15.17742     0.0738
 15.19283     0.0738
 15.20825     0.0737
 15.22366     0.0737
 15.23907     0.0737
 15.25449     0.0737
 15.26990     0.0737
 15.28531     0.0738
 15.30073     0.0738
 15.31614     0.0738
 15.33155     0.0739
 15.34697     0.0740
 15.36238     0.0738
 15.37779     0.0733
 15.39321     0.0724
 15.40862     0.0712
 15.42403     0.0699
 15.43945     0.0683
 15.45486     0.0665
 15.47027     0.0646
 15.48569     0.0633
 15.50110     0.0636
 15.51651     0.0644
 15.53193     0.0642
 15.54734     0.0631
 15.56275     0.0610
 15.57817     0.0580
 15.59358     0.0541
 15.60899     0.0492
 15.62441     0.0435
 15.63982     0.0378
 15.65523     0.0327
 15.67065     0.0284
 15.68606     0.0249
 15.70147     0.0221
 15.71689     0.0202
 15.73230     0.0191
 15.74771     0.0185
 15.76313     0.0182
 15.77854     0.0179
 15.79395     0.0177
 15.80937     0.0175
 15.82478     0.0173
 15.84019     0.0170
 15.85561     0.0165
 15.87102     0.0159
 15.88643     0.0152
 15.90185     0.0144
 15.91726     0.0138
 15.93267     0.0139
 15.94809     0.0142
 15.96350     0.0146
 15.97891     0.0149
 15.99433     0.0152
 16.00974     0.0155
 16.02515     0.0158
 16.04057     0.0161
 16.05598     0.0164
 16.07139     0.0167
 16.08681     0.0170
 16.10222     0.0173
 16.11763     0.0176
 16.13305     0.0178
 16.14846     0.0181
 16.16387     0.0184
 16.17929     0.0187
 16.19470     0.0189
 16.21011     0.0192
 16.22553     0.0194
 16.24094     0.0197
 16.25635     0.0199
 16.27177     0.0202
 16.28718     0.0204
 16.30259     0.0206
 16.31801     0.0209
 16.33342     0.0211
 16.34883     0.0213
 16.36425     0.0215
 16.37966     0.0217
 16.39507     0.0219
 16.41049     0.0221
 16.42590     0.0223
 16.44131     0.0225
 16.45673     0.0227
 16.47214     0.0229
 16.48755     0.0229
 16.50297     0.0230
 16.51838     0.0231
 16.53379     0.0231
 16.54921     0.0232
 16.56462     0.0232
 16.58003     0.0233
 16.59545     0.0233
 16.61086     0.0233
 16.62627     0.0233
 16.64169     0.0233
 16.65710     0.0233
 16.67251     0.0233
 16.68793     0.0233
 16.70334     0.0233
 16.71875     0.0233
 16.73417     0.0233
 16.74958     0.0232
 16.76499     0.0232
 16.78041     0.0231
 16.79582     0.0231
 16.81123     0.0230
 16.82665     0.0229
 16.84206     0.0228
 16.85747     0.0228
 16.87289     0.0227
 16.88830     0.0226
 16.90371     0.0225
 16.91913     0.0224
 16.93454     0.0224
 16.94995     0.0223
 16.96537     0.0222
 16.98078     0.0221
 16.99619     0.0221
 17.01161     0.0220
 17.02702     0.0219
 17.04243     0.0219
 17.05785     0.0218
 17.07326     0.0217
 17.08867     0.0217
 17.10409     0.0216
 17.11950     0.0216
 17.13491     0.0215
 17.15033     0.0215
 17.16574     0.0214
 17.18115     0.0213
 17.19657     0.0213
 17.21198     0.0212
 17.22739     0.0212
 17.24281     0.0212
 17.25822     0.0211
 17.27363     0.0211
 17.28905     0.0210
 17.30446     0.0210
 17.31987     0.0209
 17.33529     0.0209
 17.35070     0.0209
 17.36611     0.0208
 17.38153     0.0208
 17.39694     0.0208
 17.41235     0.0207
 17.42777     0.0207
 17.44318     0.0207
 17.45859     0.0206
 17.47401     0.0206
 17.48942     0.0206
 17.50483     0.0206
 17.52025     0.0205
 17.53566     0.0205
 17.55107     0.0204
 17.56649     0.0204
 17.58190     0.0203
 17.59731     0.0201
 17.61273     0.0200
 17.62814     0.0198
 17.64355     0.0196
 17.65897     0.0194
 17.67438     0.0193
 17.68979     0.0193
 17.70521     0.0192
 17.72062     0.0192
 17.73603     0.0191
 17.75145     0.0191
 17.76686     0.0190
 17.78227     0.0190
 17.79769     0.0190
 17.81310     0.0189
 17.82851     0.0189
 17.84393     0.0188
 17.85934     0.0188
 17.87475     0.0188
 17.89017     0.0187
 17.90558     0.0187
 17.92099     0.0186
 17.93641     0.0186
 17.95182     0.0186
 17.96723     0.0186
 17.98265     0.0186
 17.99806     0.0186
 18.01347     0.0186
 18.02889     0.0186
 18.04430     0.0186
 18.05971     0.0186
 18.07513     0.0186
 18.09054     0.0185
 18.10595     0.0185
 18.12137     0.0185
 18.13678     0.0184
 18.15219     0.0184
 18.16761     0.0184
 18.18302     0.0184
 18.19843     0.0183
 18.21385     0.0183
 18.22926     0.0183
 18.24467     0.0182
 18.26009     0.0182
 18.27550     0.0182
 18.29091     0.0182
 18.30633     0.0181
 18.32174     0.0181
 18.33715     0.0181
 18.35257     0.0181
 18.36798     0.0180
 18.38339     0.0180
 18.39881     0.0180
 18.41422     0.0179
 18.42963     0.0179
 18.44505     0.0179
 18.46046     0.0178
 18.47587     0.0178
 18.49129     0.0177
 18.50670     0.0177
 18.52211     0.0177
 18.53753     0.0176
 18.55294     0.0176
 18.56835     0.0175
 18.58377     0.0175
 18.59918     0.0175
 18.61459     0.0174
 18.63001     0.0174
 18.64542     0.0173
 18.66083     0.0173
 18.67625     0.0173
 18.69166     0.0172
 18.70707     0.0172
 18.72249     0.0172
 18.73790     0.0171
 18.75331     0.0171
 18.76873     0.0170
 18.78414     0.0170
 18.79955     0.0170
 18.81497     0.0169
 18.83038     0.0169
 18.84579     0.0169
 18.86121     0.0168
 18.87662     0.0168
 18.89203     0.0168
 18.90745     0.0167
 18.92286     0.0167
 18.93827     0.0166
 18.95369     0.0166
 18.96910     0.0165
 18.98451     0.0165
 18.99993     0.0164
 19.01534     0.0164
 19.03075     0.0163
 19.04617     0.0162
 19.06158     0.0162
 19.07699     0.0161
 19.09241     0.0160
 19.10782     0.0160
 19.12323     0.0159
 19.13865     0.0158
 19.15406     0.0157
 19.16947     0.0156
 19.18489     0.0155
 19.20030     0.0154
 19.21571     0.0153
 19.23113     0.0152
 19.24654     0.0151
 19.26195     0.0150
 19.27737     0.0149
 19.29278     0.0149
 19.30819     0.0149
 19.32361     0.0149
 19.33902     0.0149
 19.35443     0.0149
 19.36985     0.0149
 19.38526     0.0149
 19.40067     0.0149
 19.41609     0.0149
 19.43150     0.0149
 19.44691     0.0149
 19.46233     0.0149
 19.47774     0.0149
 19.49315     0.0149
 19.50857     0.0148
 19.52398     0.0148
 19.53939     0.0148
 19.55481     0.0148
 19.57022     0.0148
 19.58563     0.0148
 19.60105     0.0148
 19.61646     0.0148
 19.63187     0.0148
 19.64729     0.0147
 19.66270     0.0147
 19.67811     0.0147
 19.69353     0.0147
 19.70894     0.0147
 19.72435     0.0147
 19.73977     0.0147
 19.75518     0.0147
 19.77059     0.0147
 19.78601     0.0147
 19.80142     0.0147
 19.81683     0.0147
 19.83225     0.0147
 19.84766     0.0147
 19.86307     0.0147
 19.87849     0.0147
 19.89390     0.0147
 19.90931     0.0147
 19.92473     0.0147
 19.94014     0.0147
 19.95555     0.0147
 19.97097     0.0147
 19.98638     0.0147
 20.00179     0.0147
 20.01721     0.0147
 20.03262     0.0147
 20.04803     0.0146
 20.06345     0.0146
 20.07886     0.0146
 20.09427     0.0146
 20.10969     0.0146
 20.12510     0.0146
 20.14051     0.0145
 20.15593     0.0145
 20.17134     0.0145
 20.18675     0.0144
 20.20217     0.0144
 20.21758     0.0144
 20.23299     0.0143
 20.24841     0.0143
 20.26382     0.0143
 20.27923     0.0142
 20.29465     0.0142
 20.31006     0.0141
 20.32547     0.0141
 20.34089     0.0141
 20.35630     0.0140
 20.37171     0.0140
 20.38713     0.0140
 20.40254     0.0139
 20.41795     0.0139
 20.43337     0.0139
 20.44878     0.0139
 20.46419     0.0139
 20.47961     0.0139
 20.49502     0.0139
 20.51043     0.0139
 20.52585     0.0138
 20.54126     0.0138
 20.55667     0.0137
 20.57209     0.0136
 20.58750     0.0135
 20.60291     0.0134
 20.61833     0.0133
 20.63374     0.0132
 20.64915     0.0131
 20.66457     0.0129
 20.67998     0.0127
 20.69539     0.0126
 20.71081     0.0124
 20.72622     0.0122
 20.74163     0.0119
 20.75705     0.0117
 20.77246     0.0115
 20.78787     0.0112
 20.80329     0.0110
 20.81870     0.0107
 20.83411     0.0105
 20.84953     0.0105
 20.86494     0.0105
 20.88035     0.0104
 20.89577     0.0103
 20.91118     0.0101
 20.92659     0.0099
 20.94201     0.0097
 20.95742     0.0096
 20.97283     0.0094
 20.98825     0.0092
 21.00366     0.0090
 21.01907     0.0088
 21.03449     0.0086
 21.04990     0.0085
 21.06531     0.0083
 21.08073     0.0081
 21.09614     0.0079
 21.11155     0.0077
 21.12697     0.0075
 21.14238     0.0073
 21.15779     0.0071
 21.17321     0.0070
 21.18862     0.0068
 21.20403     0.0068
 21.21945     0.0067
 21.23486     0.0067
 21.25027     0.0068
 21.26569     0.0069
 21.28110     0.0070
 21.29651     0.0072
 21.31193     0.0075
 21.32734     0.0079
 21.34275     0.0083
 21.35817     0.0087
 21.37358     0.0092
 21.38899     0.0094
 21.40441     0.0094
 21.41982     0.0092
 21.43523     0.0091
 21.45065     0.0090
 21.46606     0.0088
 21.48147     0.0087
 21.49689     0.0086
 21.51230     0.0085
 21.52771     0.0084
 21.54313     0.0083
 21.55854     0.0082
 21.57395     0.0081
 21.58937     0.0080
 21.60478     0.0079
 21.62019     0.0078
 21.63561     0.0077
 21.65102     0.0076
 21.66643     0.0076
 21.68185     0.0075
 21.69726     0.0075
 21.71267     0.0074
 21.72809     0.0074
 21.74350     0.0074
 21.75891     0.0074
 21.77433     0.0073
 21.78974     0.0073
 21.80515     0.0073
 21.82057     0.0073
 21.83598     0.0073
 21.85139     0.0073
 21.86681     0.0073
 21.88222     0.0074
 21.89763     0.0074
 21.91305     0.0074
 21.92846     0.0075
 21.94387     0.0075
 21.95929     0.0075
 21.97470     0.0076
 21.99011     0.0076
 22.00553     0.0077
 22.02094     0.0078
 22.03635     0.0078
 22.05177     0.0079
 22.06718     0.0080
 22.08259     0.0081
 22.09801     0.0082
 22.11342     0.0083
 22.12883     0.0085
 22.14425     0.0086
 22.15966     0.0087
 22.17507     0.0089
 22.19049     0.0090
 22.20590     0.0092
 22.22131     0.0094
 22.23673     0.0095
 22.25214     0.0097
 22.26755     0.0099
 22.28297     0.0101
 22.29838     0.0103
 22.31379     0.0106
 22.32921     0.0108
 22.34462     0.0111
 22.36003     0.0113
 22.37545     0.0116
 22.39086     0.0119
 22.40627     0.0122
 22.42169     0.0125
 22.43710     0.0128
 22.45251     0.0132
 22.46793     0.0135
 22.48334     0.0139
 22.49875     0.0142
 22.51417     0.0146
 22.52958     0.0150
 22.54499     0.0154
 22.56041     0.0158
 22.57582     0.0162
 22.59123     0.0166
 22.60665     0.0171
 22.62206     0.0175
 22.63747     0.0180
 22.65289     0.0184
 22.66830     0.0189
 22.68371     0.0194
 22.69913     0.0199
 22.71454     0.0205
 22.72995     0.0212
 22.74537     0.0220
 22.76078     0.0223
 22.77619     0.0222
 22.79161     0.0222
 22.80702     0.0221
 22.82243     0.0221
 22.83785     0.0220
 22.85326     0.0219
 22.86867     0.0219
 22.88409     0.0218
 22.89950     0.0218
 22.91491     0.0217
 22.93033     0.0217
 22.94574     0.0216
 22.96115     0.0215
 22.97657     0.0215
 22.99198     0.0214
 23.00739     0.0213
