qp,mapping,,
qp,iq,ig,g
0.000000,0.000000,0.000000,1
0.090909,-0.052486,-0.018270,2
-0.090909,0.052486,0.018270,2
0.000000,0.104973,-0.018270,2
0.000000,-0.104973,0.018270,2
-0.090909,-0.052486,-0.018270,2
0.090909,0.052486,0.018270,2
0.181818,-0.104973,-0.036541,3
-0.181818,0.104973,0.036541,3
0.000000,0.209946,-0.036541,3
0.000000,-0.209946,0.036541,3
-0.181818,-0.104973,-0.036541,3
0.181818,0.104973,0.036541,3
0.272727,-0.157459,-0.054811,4
-0.272727,0.157459,0.054811,4
0.000000,0.314918,-0.054811,4
0.000000,-0.314918,0.054811,4
-0.272727,-0.157459,-0.054811,4
0.272727,0.157459,0.054811,4
0.363636,-0.209946,-0.073081,5
-0.363636,0.209946,0.073081,5
0.000000,0.419891,-0.073081,5
0.000000,-0.419891,0.073081,5
-0.363636,-0.209946,-0.073081,5
0.363636,0.209946,0.073081,5
0.454545,-0.262432,-0.091352,6
-0.454545,0.262432,0.091352,6
0.000000,0.524864,-0.091352,6
0.000000,-0.524864,0.091352,6
-0.454545,-0.262432,-0.091352,6
0.454545,0.262432,0.091352,6
0.090909,0.052486,-0.036541,7
-0.090909,-0.052486,0.036541,7
-0.090909,0.052486,-0.036541,7
0.090909,-0.052486,0.036541,7
0.000000,-0.104973,-0.036541,7
0.000000,0.104973,0.036541,7
0.181818,0.000000,-0.054811,8
-0.181818,0.000000,0.054811,8
-0.090909,0.157459,-0.054811,8
0.090909,-0.157459,0.054811,8
-0.090909,-0.157459,-0.054811,8
0.090909,0.157459,0.054811,8
-0.090909,0.157459,0.054811,8
0.090909,-0.157459,-0.054811,8
-0.090909,-0.157459,0.054811,8
0.090909,0.157459,-0.054811,8
0.181818,0.000000,0.054811,8
-0.181818,0.000000,-0.054811,8
0.272727,-0.052486,-0.073081,9
-0.272727,0.052486,0.073081,9
-0.090909,0.262432,-0.073081,9
0.090909,-0.262432,0.073081,9
-0.181818,-0.209946,-0.073081,9
0.181818,0.209946,0.073081,9
-0.181818,0.209946,0.073081,9
0.181818,-0.209946,-0.073081,9
-0.090909,-0.262432,0.073081,9
0.090909,0.262432,-0.073081,9
0.272727,0.052486,0.073081,9
-0.272727,-0.052486,-0.073081,9
0.363636,-0.104973,-0.091352,10
-0.363636,0.104973,0.091352,10
-0.090909,0.367405,-0.091352,10
0.090909,-0.367405,0.091352,10
-0.272727,-0.262432,-0.091352,10
0.272727,0.262432,0.091352,10
-0.272727,0.262432,0.091352,10
0.272727,-0.262432,-0.091352,10
-0.090909,-0.367405,0.091352,10
0.090909,0.367405,-0.091352,10
0.363636,0.104973,0.091352,10
-0.363636,-0.104973,-0.091352,10
0.454545,-0.157459,-0.109622,11
-0.454545,0.157459,0.109622,11
-0.090909,0.472377,-0.109622,11
0.090909,-0.472377,0.109622,11
-0.363636,-0.314918,-0.109622,11
0.363636,0.314918,0.109622,11
-0.363636,0.314918,0.109622,11
0.363636,-0.314918,-0.109622,11
-0.090909,-0.472377,0.109622,11
0.090909,0.472377,-0.109622,11
0.454545,0.157459,0.109622,11
-0.454545,-0.157459,-0.109622,11
0.545455,-0.209946,-0.127892,12
-0.545455,0.209946,0.127892,12
-0.090909,0.577350,-0.127892,12
0.090909,-0.577350,0.127892,12
-0.454545,-0.367405,-0.127892,12
0.454545,0.367405,0.127892,12
-0.454545,0.367405,0.127892,12
0.454545,-0.367405,-0.127892,12
-0.090909,-0.577350,0.127892,12
0.090909,0.577350,-0.127892,12
0.545455,0.209946,0.127892,12
-0.545455,-0.209946,-0.127892,12
0.636364,-0.262432,-0.146163,13
-0.636364,0.262432,0.146163,13
-0.090909,0.682323,-0.146163,13
0.090909,-0.682323,0.146163,13
-0.545455,-0.419891,-0.146163,13
0.545455,0.419891,0.146163,13
-0.545455,0.419891,0.146163,13
0.545455,-0.419891,-0.146163,13
-0.090909,-0.682323,0.146163,13
0.090909,0.682323,-0.146163,13
0.636364,0.262432,0.146163,13
-0.636364,-0.262432,-0.146163,13
0.727273,-0.314918,-0.164433,14
-0.727273,0.314918,0.164433,14
-0.090909,0.787296,-0.164433,14
0.090909,-0.787296,0.164433,14
-0.636364,-0.472377,-0.164433,14
0.636364,0.472377,0.164433,14
-0.636364,0.472377,0.164433,14
0.636364,-0.472377,-0.164433,14
-0.090909,-0.787296,0.164433,14
0.090909,0.787296,-0.164433,14
0.727273,0.314918,0.164433,14
-0.727273,-0.314918,-0.164433,14
0.818182,-0.367405,-0.182704,15
-0.818182,0.367405,0.182704,15
-0.090909,0.892269,-0.182703,15
0.090909,-0.892269,0.182703,15
-0.727273,-0.524864,-0.182704,15
0.727273,0.524864,0.182704,15
-0.727273,0.524864,0.182704,15
0.727273,-0.524864,-0.182704,15
-0.090909,-0.892269,0.182704,15
0.090909,0.892269,-0.182704,15
0.818182,0.367405,0.182704,15
-0.818182,-0.367405,-0.182704,15
0.909091,-0.419891,-0.200974,16
-0.909091,0.419891,0.200974,16
-0.090909,0.997241,-0.200974,16
0.090909,-0.997241,0.200974,16
-0.818182,-0.577350,-0.200974,16
0.818182,0.577350,0.200974,16
0.181818,0.104973,-0.073081,17
-0.181818,-0.104973,0.073081,17
-0.181818,0.104973,-0.073081,17
0.181818,-0.104973,0.073081,17
0.000000,-0.209946,-0.073081,17
0.000000,0.209946,0.073081,17
0.272727,0.052486,-0.091352,18
-0.272727,-0.052486,0.091352,18
-0.181818,0.209946,-0.091352,18
0.181818,-0.209946,0.091352,18
-0.090909,-0.262432,-0.091352,18
0.090909,0.262432,0.091352,18
-0.090909,0.262432,0.091352,18
0.090909,-0.262432,-0.091352,18
-0.181818,-0.209946,0.091352,18
0.181818,0.209946,-0.091352,18
0.272727,-0.052486,0.091352,18
-0.272727,0.052486,-0.091352,18
0.363636,0.000000,-0.109622,19
-0.363636,0.000000,0.109622,19
-0.181818,0.314918,-0.109622,19
0.181818,-0.314918,0.109622,19
-0.181818,-0.314918,-0.109622,19
0.181818,0.314918,0.109622,19
-0.181818,0.314918,0.109622,19
0.181818,-0.314918,-0.109622,19
-0.181818,-0.314918,0.109622,19
0.181818,0.314918,-0.109622,19
0.363636,0.000000,0.109622,19
-0.363636,0.000000,-0.109622,19
0.454545,-0.052486,-0.127892,20
-0.454545,0.052486,0.127892,20
-0.181818,0.419891,-0.127892,20
0.181818,-0.419891,0.127892,20
-0.272727,-0.367405,-0.127892,20
0.272727,0.367405,0.127892,20
-0.272727,0.367405,0.127892,20
0.272727,-0.367405,-0.127892,20
-0.181818,-0.419891,0.127892,20
0.181818,0.419891,-0.127892,20
0.454545,0.052486,0.127892,20
-0.454545,-0.052486,-0.127892,20
0.545455,-0.104973,-0.146163,21
-0.545455,0.104973,0.146163,21
-0.181818,0.524864,-0.146163,21
0.181818,-0.524864,0.146163,21
-0.363636,-0.419891,-0.146163,21
0.363636,0.419891,0.146163,21
-0.363636,0.419891,0.146163,21
0.363636,-0.419891,-0.146163,21
-0.181818,-0.524864,0.146163,21
0.181818,0.524864,-0.146163,21
0.545455,0.104973,0.146163,21
-0.545455,-0.104973,-0.146163,21
0.636364,-0.157459,-0.164433,22
-0.636364,0.157459,0.164433,22
-0.181818,0.629837,-0.164433,22
0.181818,-0.629837,0.164433,22
-0.454545,-0.472377,-0.164433,22
0.454545,0.472377,0.164433,22
-0.454545,0.472377,0.164433,22
0.454545,-0.472377,-0.164433,22
-0.181818,-0.629837,0.164433,22
0.181818,0.629837,-0.164433,22
0.636364,0.157459,0.164433,22
-0.636364,-0.157459,-0.164433,22
0.727273,-0.209946,-0.182704,23
-0.727273,0.209946,0.182704,23
-0.181818,0.734809,-0.182703,23
0.181818,-0.734809,0.182703,23
-0.545455,-0.524864,-0.182704,23
0.545455,0.524864,0.182704,23
-0.545455,0.524864,0.182704,23
0.545455,-0.524864,-0.182704,23
-0.181818,-0.734809,0.182704,23
0.181818,0.734809,-0.182704,23
0.727273,0.209946,0.182704,23
-0.727273,-0.209946,-0.182704,23
0.818182,-0.262432,-0.200974,24
-0.818182,0.262432,0.200974,24
-0.181818,0.839782,-0.200974,24
0.181818,-0.839782,0.200974,24
-0.636364,-0.577350,-0.200974,24
0.636364,0.577350,0.200974,24
0.272727,0.157459,-0.109622,25
-0.272727,-0.157459,0.109622,25
-0.272727,0.157459,-0.109622,25
0.272727,-0.157459,0.109622,25
0.000000,-0.314918,-0.109622,25
0.000000,0.314918,0.109622,25
0.363636,0.104973,-0.127892,26
-0.363636,-0.104973,0.127892,26
-0.272727,0.262432,-0.127892,26
0.272727,-0.262432,0.127892,26
-0.090909,-0.367405,-0.127892,26
0.090909,0.367405,0.127892,26
-0.090909,0.367405,0.127892,26
0.090909,-0.367405,-0.127892,26
-0.272727,-0.262432,0.127892,26
0.272727,0.262432,-0.127892,26
0.363636,-0.104973,0.127892,26
-0.363636,0.104973,-0.127892,26
0.454545,0.052486,-0.146163,27
-0.454545,-0.052486,0.146163,27
-0.272727,0.367405,-0.146163,27
0.272727,-0.367405,0.146163,27
-0.181818,-0.419891,-0.146163,27
0.181818,0.419891,0.146163,27
-0.181818,0.419891,0.146163,27
0.181818,-0.419891,-0.146163,27
-0.272727,-0.367405,0.146163,27
0.272727,0.367405,-0.146163,27
0.454545,-0.052486,0.146163,27
-0.454545,0.052486,-0.146163,27
0.545455,0.000000,-0.164433,28
-0.545455,0.000000,0.164433,28
-0.272727,0.472377,-0.164433,28
0.272727,-0.472377,0.164433,28
-0.272727,-0.472377,-0.164433,28
0.272727,0.472377,0.164433,28
-0.272727,0.472377,0.164433,28
0.272727,-0.472377,-0.164433,28
-0.272727,-0.472377,0.164433,28
0.272727,0.472377,-0.164433,28
0.545455,0.000000,0.164433,28
-0.545455,0.000000,-0.164433,28
0.636364,-0.052486,-0.182704,29
-0.636364,0.052486,0.182704,29
-0.272727,0.577350,-0.182703,29
0.272727,-0.577350,0.182703,29
-0.363636,-0.524864,-0.182704,29
0.363636,0.524864,0.182704,29
-0.363636,0.524864,0.182704,29
0.363636,-0.524864,-0.182704,29
-0.272727,-0.577350,0.182704,29
0.272727,0.577350,-0.182704,29
0.636364,0.052486,0.182704,29
-0.636364,-0.052486,-0.182704,29
0.727273,-0.104973,-0.200974,30
-0.727273,0.104973,0.200974,30
-0.272727,0.682323,-0.200974,30
0.272727,-0.682323,0.200974,30
-0.454545,-0.577350,-0.200974,30
0.454545,0.577350,0.200974,30
0.363636,0.209946,-0.146163,31
-0.363636,-0.209946,0.146163,31
-0.363636,0.209946,-0.146163,31
0.363636,-0.209946,0.146163,31
0.000000,-0.419891,-0.146163,31
0.000000,0.419891,0.146163,31
0.454545,0.157459,-0.164433,32
-0.454545,-0.157459,0.164433,32
-0.363636,0.314918,-0.164433,32
0.363636,-0.314918,0.164433,32
-0.090909,-0.472377,-0.164433,32
0.090909,0.472377,0.164433,32
-0.090909,0.472377,0.164433,32
0.090909,-0.472377,-0.164433,32
-0.363636,-0.314918,0.164433,32
0.363636,0.314918,-0.164433,32
0.454545,-0.157459,0.164433,32
-0.454545,0.157459,-0.164433,32
0.545455,0.104973,-0.182704,33
-0.545455,-0.104973,0.182704,33
-0.363636,0.419891,-0.182703,33
0.363636,-0.419891,0.182703,33
-0.181818,-0.524864,-0.182704,33
0.181818,0.524864,0.182704,33
-0.181818,0.524864,0.182704,33
0.181818,-0.524864,-0.182704,33
-0.363636,-0.419891,0.182704,33
0.363636,0.419891,-0.182704,33
0.545455,-0.104973,0.182704,33
-0.545455,0.104973,-0.182704,33
0.636364,0.052486,-0.200974,34
-0.636364,-0.052486,0.200974,34
-0.363636,0.524864,-0.200974,34
0.363636,-0.524864,0.200974,34
-0.272727,-0.577350,-0.200974,34
0.272727,0.577350,0.200974,34
0.454545,0.262432,-0.182704,35
-0.454545,-0.262432,0.182704,35
-0.454545,0.262432,-0.182704,35
0.454545,-0.262432,0.182704,35
0.000000,-0.524864,-0.182704,35
0.000000,0.524864,0.182704,35
0.545455,0.209946,-0.200974,36
-0.545455,-0.209946,0.200974,36
-0.454545,0.367405,-0.200974,36
0.454545,-0.367405,0.200974,36
-0.090909,-0.577350,-0.200974,36
0.090909,0.577350,0.200974,36
0.000000,0.000000,0.054811,37
0.000000,0.000000,-0.054811,37
0.181818,-0.104973,0.018270,38
-0.181818,0.104973,-0.018270,38
0.000000,0.209946,0.018270,38
0.000000,-0.209946,-0.018270,38
-0.181818,-0.104973,0.018270,38
0.181818,0.104973,-0.018270,38
0.272727,-0.157459,0.000000,39
-0.272727,0.157459,0.000000,39
0.000000,0.314918,0.000000,39
0.000000,-0.314918,0.000000,39
-0.272727,-0.157459,0.000000,39
0.272727,0.157459,0.000000,39
0.363636,-0.209946,-0.018270,40
-0.363636,0.209946,0.018270,40
0.000000,0.419891,-0.018270,40
0.000000,-0.419891,0.018270,40
-0.363636,-0.209946,-0.018270,40
0.363636,0.209946,0.018270,40
0.454545,-0.262432,-0.036541,41
-0.454545,0.262432,0.036541,41
0.000000,0.524864,-0.036541,41
0.000000,-0.524864,0.036541,41
-0.454545,-0.262432,-0.036541,41
0.454545,0.262432,0.036541,41
0.545455,-0.314918,-0.054811,42
-0.545455,0.314918,0.054811,42
0.000000,0.629837,-0.054811,42
0.000000,-0.629837,0.054811,42
-0.545455,-0.314918,-0.054811,42
0.545455,0.314918,0.054811,42
0.636364,-0.367405,-0.073081,43
-0.636364,0.367405,0.073081,43
0.000000,0.734809,-0.073081,43
0.000000,-0.734809,0.073081,43
-0.636364,-0.367405,-0.073081,43
0.636364,0.367405,0.073081,43
0.727273,-0.419891,-0.091352,44
-0.727273,0.419891,0.091352,44
0.000000,0.839782,-0.091352,44
0.000000,-0.839782,0.091352,44
-0.727273,-0.419891,-0.091352,44
0.727273,0.419891,0.091352,44
0.818182,-0.472377,-0.109622,45
-0.818182,0.472377,0.109622,45
0.000000,0.944755,-0.109622,45
0.000000,-0.944755,0.109622,45
-0.818182,-0.472377,-0.109622,45
0.818182,0.472377,0.109622,45
0.909091,-0.524864,-0.127892,46
-0.909091,0.524864,0.127892,46
0.000000,1.049728,-0.127892,46
0.000000,-1.049728,0.127892,46
-0.909091,-0.524864,-0.127892,46
0.909091,0.524864,0.127892,46
0.272727,0.052486,-0.036541,47
-0.272727,-0.052486,0.036541,47
-0.181818,0.209946,-0.036541,47
0.181818,-0.209946,0.036541,47
-0.090909,-0.262432,-0.036541,47
0.090909,0.262432,0.036541,47
-0.090909,0.262432,0.036541,47
0.090909,-0.262432,-0.036541,47
-0.181818,-0.209946,0.036541,47
0.181818,0.209946,-0.036541,47
0.272727,-0.052486,0.036541,47
-0.272727,0.052486,-0.036541,47
0.363636,0.000000,-0.054811,48
-0.363636,0.000000,0.054811,48
-0.181818,0.314918,-0.054811,48
0.181818,-0.314918,0.054811,48
-0.181818,-0.314918,-0.054811,48
0.181818,0.314918,0.054811,48
-0.181818,0.314918,0.054811,48
0.181818,-0.314918,-0.054811,48
-0.181818,-0.314918,0.054811,48
0.181818,0.314918,-0.054811,48
0.363636,0.000000,0.054811,48
-0.363636,0.000000,-0.054811,48
0.454545,-0.052486,-0.073081,49
-0.454545,0.052486,0.073081,49
-0.181818,0.419891,-0.073081,49
0.181818,-0.419891,0.073081,49
-0.272727,-0.367405,-0.073081,49
0.272727,0.367405,0.073081,49
-0.272727,0.367405,0.073081,49
0.272727,-0.367405,-0.073081,49
-0.181818,-0.419891,0.073081,49
0.181818,0.419891,-0.073081,49
0.454545,0.052486,0.073081,49
-0.454545,-0.052486,-0.073081,49
0.545455,-0.104973,-0.091352,50
-0.545455,0.104973,0.091352,50
-0.181818,0.524864,-0.091352,50
0.181818,-0.524864,0.091352,50
-0.363636,-0.419891,-0.091352,50
0.363636,0.419891,0.091352,50
-0.363636,0.419891,0.091352,50
0.363636,-0.419891,-0.091352,50
-0.181818,-0.524864,0.091352,50
0.181818,0.524864,-0.091352,50
0.545455,0.104973,0.091352,50
-0.545455,-0.104973,-0.091352,50
0.272727,0.157459,-0.054811,51
-0.272727,-0.157459,0.054811,51
-0.272727,0.157459,-0.054811,51
0.272727,-0.157459,0.054811,51
0.000000,-0.314918,-0.054811,51
0.000000,0.314918,0.054811,51
0.363636,0.104973,-0.073081,52
-0.363636,-0.104973,0.073081,52
-0.272727,0.262432,-0.073081,52
0.272727,-0.262432,0.073081,52
-0.090909,-0.367405,-0.073081,52
0.090909,0.367405,0.073081,52
-0.090909,0.367405,0.073081,52
0.090909,-0.367405,-0.073081,52
-0.272727,-0.262432,0.073081,52
0.272727,0.262432,-0.073081,52
0.363636,-0.104973,0.073081,52
-0.363636,0.104973,-0.073081,52
0.454545,0.052486,-0.091352,53
-0.454545,-0.052486,0.091352,53
-0.272727,0.367405,-0.091352,53
0.272727,-0.367405,0.091352,53
-0.181818,-0.419891,-0.091352,53
0.181818,0.419891,0.091352,53
-0.181818,0.419891,0.091352,53
0.181818,-0.419891,-0.091352,53
-0.272727,-0.367405,0.091352,53
0.272727,0.367405,-0.091352,53
0.454545,-0.052486,0.091352,53
-0.454545,0.052486,-0.091352,53
0.545455,0.000000,-0.109622,54
-0.545455,0.000000,0.109622,54
-0.272727,0.472377,-0.109622,54
0.272727,-0.472377,0.109622,54
-0.272727,-0.472377,-0.109622,54
0.272727,0.472377,0.109622,54
-0.272727,0.472377,0.109622,54
0.272727,-0.472377,-0.109622,54
-0.272727,-0.472377,0.109622,54
0.272727,0.472377,-0.109622,54
0.545455,0.000000,0.109622,54
-0.545455,0.000000,-0.109622,54
0.636364,-0.052486,-0.127892,55
-0.636364,0.052486,0.127892,55
-0.272727,0.577350,-0.127892,55
0.272727,-0.577350,0.127892,55
-0.363636,-0.524864,-0.127892,55
0.363636,0.524864,0.127892,55
-0.363636,0.524864,0.127892,55
0.363636,-0.524864,-0.127892,55
-0.272727,-0.577350,0.127892,55
0.272727,0.577350,-0.127892,55
0.636364,0.052486,0.127892,55
-0.636364,-0.052486,-0.127892,55
0.727273,-0.104973,-0.146163,56
-0.727273,0.104973,0.146163,56
-0.272727,0.682323,-0.146163,56
0.272727,-0.682323,0.146163,56
-0.454545,-0.577350,-0.146163,56
0.454545,0.577350,0.146163,56
-0.454545,0.577350,0.146163,56
0.454545,-0.577350,-0.146163,56
-0.272727,-0.682323,0.146163,56
0.272727,0.682323,-0.146163,56
0.727273,0.104973,0.146163,56
-0.727273,-0.104973,-0.146163,56
0.818182,-0.157459,-0.164433,57
-0.818182,0.157459,0.164433,57
-0.272727,0.787296,-0.164433,57
0.272727,-0.787296,0.164433,57
-0.545455,-0.629837,-0.164433,57
0.545455,0.629837,0.164433,57
-0.545455,0.629837,0.164433,57
0.545455,-0.629837,-0.164433,57
-0.272727,-0.787296,0.164433,57
0.272727,0.787296,-0.164433,57
0.818182,0.157459,0.164433,57
-0.818182,-0.157459,-0.164433,57
0.909091,-0.209946,-0.182704,58
-0.909091,0.209946,0.182704,58
-0.272727,0.892269,-0.182703,58
0.272727,-0.892269,0.182703,58
-0.636364,-0.682323,-0.182704,58
0.636364,0.682323,0.182704,58
-0.636364,0.682323,0.182704,58
0.636364,-0.682323,-0.182704,58
-0.272727,-0.892269,0.182704,58
0.272727,0.892269,-0.182704,58
0.909091,0.209946,0.182704,58
-0.909091,-0.209946,-0.182704,58
0.363636,0.209946,-0.091352,59
-0.363636,-0.209946,0.091352,59
-0.363636,0.209946,-0.091352,59
0.363636,-0.209946,0.091352,59
0.000000,-0.419891,-0.091352,59
0.000000,0.419891,0.091352,59
0.454545,0.157459,-0.109622,60
-0.454545,-0.157459,0.109622,60
-0.363636,0.314918,-0.109622,60
0.363636,-0.314918,0.109622,60
-0.090909,-0.472377,-0.109622,60
0.090909,0.472377,0.109622,60
-0.090909,0.472377,0.109622,60
0.090909,-0.472377,-0.109622,60
-0.363636,-0.314918,0.109622,60
0.363636,0.314918,-0.109622,60
0.454545,-0.157459,0.109622,60
-0.454545,0.157459,-0.109622,60
0.545455,0.104973,-0.127892,61
-0.545455,-0.104973,0.127892,61
-0.363636,0.419891,-0.127892,61
0.363636,-0.419891,0.127892,61
-0.181818,-0.524864,-0.127892,61
0.181818,0.524864,0.127892,61
-0.181818,0.524864,0.127892,61
0.181818,-0.524864,-0.127892,61
-0.363636,-0.419891,0.127892,61
0.363636,0.419891,-0.127892,61
0.545455,-0.104973,0.127892,61
-0.545455,0.104973,-0.127892,61
0.636364,0.052486,-0.146163,62
-0.636364,-0.052486,0.146163,62
-0.363636,0.524864,-0.146163,62
0.363636,-0.524864,0.146163,62
-0.272727,-0.577350,-0.146163,62
0.272727,0.577350,0.146163,62
-0.272727,0.577350,0.146163,62
0.272727,-0.577350,-0.146163,62
-0.363636,-0.524864,0.146163,62
0.363636,0.524864,-0.146163,62
0.636364,-0.052486,0.146163,62
-0.636364,0.052486,-0.146163,62
0.727273,0.000000,-0.164433,63
-0.727273,0.000000,0.164433,63
-0.363636,0.629837,-0.164433,63
0.363636,-0.629837,0.164433,63
-0.363636,-0.629837,-0.164433,63
0.363636,0.629837,0.164433,63
-0.363636,0.629837,0.164433,63
0.363636,-0.629837,-0.164433,63
-0.363636,-0.629837,0.164433,63
0.363636,0.629837,-0.164433,63
0.727273,0.000000,0.164433,63
-0.727273,0.000000,-0.164433,63
0.818182,-0.052486,-0.182704,64
-0.818182,0.052486,0.182704,64
-0.363636,0.734809,-0.182703,64
0.363636,-0.734809,0.182703,64
-0.454545,-0.682323,-0.182704,64
0.454545,0.682323,0.182704,64
-0.454545,0.682323,0.182704,64
0.454545,-0.682323,-0.182704,64
-0.363636,-0.734809,0.182704,64
0.363636,0.734809,-0.182704,64
0.818182,0.052486,0.182704,64
-0.818182,-0.052486,-0.182704,64
0.909091,-0.104973,-0.200974,65
-0.909091,0.104973,0.200974,65
-0.363636,0.839782,-0.200974,65
0.363636,-0.839782,0.200974,65
-0.545455,-0.734809,-0.200974,65
0.545455,0.734809,0.200974,65
-0.545455,0.734809,0.200974,65
0.545455,-0.734809,-0.200974,65
-0.363636,-0.839782,0.200974,65
0.363636,0.839782,-0.200974,65
0.909091,0.104973,0.200974,65
-0.909091,-0.104973,-0.200974,65
0.454545,0.262432,-0.127892,66
-0.454545,-0.262432,0.127892,66
-0.454545,0.262432,-0.127892,66
0.454545,-0.262432,0.127892,66
0.000000,-0.524864,-0.127892,66
0.000000,0.524864,0.127892,66
0.545455,0.209946,-0.146163,67
-0.545455,-0.209946,0.146163,67
-0.454545,0.367405,-0.146163,67
0.454545,-0.367405,0.146163,67
-0.090909,-0.577350,-0.146163,67
0.090909,0.577350,0.146163,67
-0.090909,0.577350,0.146163,67
0.090909,-0.577350,-0.146163,67
-0.454545,-0.367405,0.146163,67
0.454545,0.367405,-0.146163,67
0.545455,-0.209946,0.146163,67
-0.545455,0.209946,-0.146163,67
0.636364,0.157459,-0.164433,68
-0.636364,-0.157459,0.164433,68
-0.454545,0.472377,-0.164433,68
0.454545,-0.472377,0.164433,68
-0.181818,-0.629837,-0.164433,68
0.181818,0.629837,0.164433,68
-0.181818,0.629837,0.164433,68
0.181818,-0.629837,-0.164433,68
-0.454545,-0.472377,0.164433,68
0.454545,0.472377,-0.164433,68
0.636364,-0.157459,0.164433,68
-0.636364,0.157459,-0.164433,68
0.727273,0.104973,-0.182704,69
-0.727273,-0.104973,0.182704,69
-0.454545,0.577350,-0.182703,69
0.454545,-0.577350,0.182703,69
-0.272727,-0.682323,-0.182704,69
0.272727,0.682323,0.182704,69
-0.272727,0.682323,0.182704,69
0.272727,-0.682323,-0.182704,69
-0.454545,-0.577350,0.182704,69
0.454545,0.577350,-0.182704,69
0.727273,-0.104973,0.182704,69
-0.727273,0.104973,-0.182704,69
0.818182,0.052486,-0.200974,70
-0.818182,-0.052486,0.200974,70
-0.454545,0.682323,-0.200974,70
0.454545,-0.682323,0.200974,70
-0.363636,-0.734809,-0.200974,70
0.363636,0.734809,0.200974,70
-0.363636,0.734809,0.200974,70
0.363636,-0.734809,-0.200974,70
-0.454545,-0.682323,0.200974,70
0.454545,0.682323,-0.200974,70
0.818182,-0.052486,0.200974,70
-0.818182,0.052486,-0.200974,70
0.909091,0.000000,-0.219244,71
-0.909091,0.000000,0.219244,71
-0.454545,0.787296,-0.219244,71
0.454545,-0.787296,0.219244,71
-0.454545,-0.787296,-0.219244,71
0.454545,0.787296,0.219244,71
-0.454545,0.787296,0.219244,71
0.454545,-0.787296,-0.219244,71
-0.454545,-0.787296,0.219244,71
0.454545,0.787296,-0.219244,71
0.909091,0.000000,0.219244,71
-0.909091,0.000000,-0.219244,71
0.545455,0.314918,-0.164433,72
-0.545455,-0.314918,0.164433,72
-0.545455,0.314918,-0.164433,72
0.545455,-0.314918,0.164433,72
0.000000,-0.629837,-0.164433,72
0.000000,0.629837,0.164433,72
0.636364,0.262432,-0.182704,73
-0.636364,-0.262432,0.182704,73
-0.545455,0.419891,-0.182703,73
0.545455,-0.419891,0.182703,73
-0.090909,-0.682323,-0.182704,73
0.090909,0.682323,0.182704,73
-0.090909,0.682323,0.182704,73
0.090909,-0.682323,-0.182704,73
-0.545455,-0.419891,0.182704,73
0.545455,0.419891,-0.182704,73
0.636364,-0.262432,0.182704,73
-0.636364,0.262432,-0.182704,73
0.727273,0.209946,-0.200974,74
-0.727273,-0.209946,0.200974,74
-0.545455,0.524864,-0.200974,74
0.545455,-0.524864,0.200974,74
-0.181818,-0.734809,-0.200974,74
0.181818,0.734809,0.200974,74
-0.181818,0.734809,0.200974,74
0.181818,-0.734809,-0.200974,74
-0.545455,-0.524864,0.200974,74
0.545455,0.524864,-0.200974,74
0.727273,-0.209946,0.200974,74
-0.727273,0.209946,-0.200974,74
0.818182,0.157459,-0.219244,75
-0.818182,-0.157459,0.219244,75
-0.545455,0.629837,-0.219244,75
0.545455,-0.629837,0.219244,75
-0.272727,-0.787296,-0.219244,75
0.272727,0.787296,0.219244,75
-0.272727,0.787296,0.219244,75
0.272727,-0.787296,-0.219244,75
-0.545455,-0.629837,0.219244,75
0.545455,0.629837,-0.219244,75
0.818182,-0.157459,0.219244,75
-0.818182,0.157459,-0.219244,75
0.909091,0.104973,-0.237515,76
-0.909091,-0.104973,0.237515,76
-0.545455,0.734809,-0.237515,76
0.545455,-0.734809,0.237515,76
-0.363636,-0.839782,-0.237515,76
0.363636,0.839782,0.237515,76
-0.363636,0.839782,0.237515,76
0.363636,-0.839782,-0.237515,76
-0.545455,-0.734809,0.237515,76
0.545455,0.734809,-0.237515,76
0.909091,-0.104973,0.237515,76
-0.909091,0.104973,-0.237515,76
0.636364,0.367405,-0.200974,77
-0.636364,-0.367405,0.200974,77
-0.636364,0.367405,-0.200974,77
0.636364,-0.367405,0.200974,77
0.000000,-0.734809,-0.200974,77
0.000000,0.734809,0.200974,77
0.727273,0.314918,-0.219244,78
-0.727273,-0.314918,0.219244,78
-0.636364,0.472377,-0.219244,78
0.636364,-0.472377,0.219244,78
-0.090909,-0.787296,-0.219244,78
0.090909,0.787296,0.219244,78
-0.090909,0.787296,0.219244,78
0.090909,-0.787296,-0.219244,78
-0.636364,-0.472377,0.219244,78
0.636364,0.472377,-0.219244,78
0.727273,-0.314918,0.219244,78
-0.727273,0.314918,-0.219244,78
0.818182,0.262432,-0.237515,79
-0.818182,-0.262432,0.237515,79
-0.636364,0.577350,-0.237515,79
0.636364,-0.577350,0.237515,79
-0.181818,-0.839782,-0.237515,79
0.181818,0.839782,0.237515,79
-0.181818,0.839782,0.237515,79
0.181818,-0.839782,-0.237515,79
-0.636364,-0.577350,0.237515,79
0.636364,0.577350,-0.237515,79
0.818182,-0.262432,0.237515,79
-0.818182,0.262432,-0.237515,79
0.909091,0.209946,-0.255785,80
-0.909091,-0.209946,0.255785,80
-0.636364,0.682323,-0.255785,80
0.636364,-0.682323,0.255785,80
-0.272727,-0.892269,-0.255785,80
0.272727,0.892269,0.255785,80
-0.272727,0.892269,0.255785,80
0.272727,-0.892269,-0.255785,80
-0.636364,-0.682323,0.255785,80
0.636364,0.682323,-0.255785,80
0.909091,-0.209946,0.255785,80
-0.909091,0.209946,-0.255785,80
0.727273,0.419891,-0.237515,81
-0.727273,-0.419891,0.237515,81
-0.727273,0.419891,-0.237515,81
0.727273,-0.419891,0.237515,81
0.000000,-0.839782,-0.237515,81
0.000000,0.839782,0.237515,81
0.818182,0.367405,-0.255785,82
-0.818182,-0.367405,0.255785,82
-0.727273,0.524864,-0.255785,82
0.727273,-0.524864,0.255785,82
-0.090909,-0.892269,-0.255785,82
0.090909,0.892269,0.255785,82
-0.090909,0.892269,0.255785,82
0.090909,-0.892269,-0.255785,82
-0.727273,-0.524864,0.255785,82
0.727273,0.524864,-0.255785,82
0.818182,-0.367405,0.255785,82
-0.818182,0.367405,-0.255785,82
0.909091,0.314918,-0.274055,83
-0.909091,-0.314918,0.274055,83
-0.727273,0.629837,-0.274055,83
0.727273,-0.629837,0.274055,83
-0.181818,-0.944755,-0.274055,83
0.181818,0.944755,0.274055,83
-0.181818,0.944755,0.274055,83
0.181818,-0.944755,-0.274055,83
-0.727273,-0.629837,0.274055,83
0.727273,0.629837,-0.274055,83
0.909091,-0.314918,0.274055,83
-0.909091,0.314918,-0.274055,83
0.818182,0.472377,-0.274055,84
-0.818182,-0.472377,0.274055,84
-0.818182,0.472378,-0.274055,84
0.818182,-0.472378,0.274055,84
0.000000,-0.944755,-0.274055,84
0.000000,0.944755,0.274055,84
0.909091,0.419891,-0.292326,85
-0.909091,-0.419891,0.292326,85
-0.818182,0.577350,-0.292326,85
0.818182,-0.577350,0.292326,85
-0.090909,-0.997241,-0.292326,85
0.090909,0.997241,0.292326,85
-0.090909,0.997241,0.292326,85
0.090909,-0.997241,-0.292326,85
-0.818182,-0.577350,0.292326,85
0.818182,0.577350,-0.292326,85
0.909091,-0.419891,0.292326,85
-0.909091,0.419891,-0.292326,85
0.909091,0.524864,-0.310596,86
-0.909091,-0.524864,0.310596,86
-0.909091,0.524864,-0.310596,86
0.909091,-0.524864,0.310596,86
0.000000,-1.049728,-0.310596,86
0.000000,1.049728,0.310596,86
0.000000,0.000000,0.109622,87
0.000000,0.000000,-0.109622,87
0.363636,-0.209946,0.036541,88
-0.363636,0.209946,-0.036541,88
0.000000,0.419891,0.036541,88
0.000000,-0.419891,-0.036541,88
-0.363636,-0.209946,0.036541,88
0.363636,0.209946,-0.036541,88
0.454545,-0.262432,0.018270,89
-0.454545,0.262432,-0.018270,89
0.000000,0.524864,0.018270,89
0.000000,-0.524864,-0.018270,89
-0.454545,-0.262432,0.018270,89
0.454545,0.262432,-0.018270,89
0.545455,-0.314918,0.000000,90
-0.545455,0.314918,0.000000,90
0.000000,0.629837,0.000000,90
0.000000,-0.629837,0.000000,90
-0.545455,-0.314918,0.000000,90
0.545455,0.314918,0.000000,90
0.636364,-0.367405,-0.018270,91
-0.636364,0.367405,0.018270,91
0.000000,0.734809,-0.018270,91
0.000000,-0.734809,0.018270,91
-0.636364,-0.367405,-0.018270,91
0.636364,0.367405,0.018270,91
0.727273,-0.419891,-0.036541,92
-0.727273,0.419891,0.036541,92
0.000000,0.839782,-0.036541,92
0.000000,-0.839782,0.036541,92
-0.727273,-0.419891,-0.036541,92
0.727273,0.419891,0.036541,92
0.818182,-0.472377,-0.054811,93
-0.818182,0.472377,0.054811,93
0.000000,0.944755,-0.054811,93
0.000000,-0.944755,0.054811,93
-0.818182,-0.472377,-0.054811,93
0.818182,0.472377,0.054811,93
0.909091,-0.524864,-0.073081,94
-0.909091,0.524864,0.073081,94
0.000000,1.049728,-0.073081,94
0.000000,-1.049728,0.073081,94
-0.909091,-0.524864,-0.073081,94
0.909091,0.524864,0.073081,94
0.454545,0.157459,-0.054811,95
-0.454545,-0.157459,0.054811,95
-0.363636,0.314918,-0.054811,95
0.363636,-0.314918,0.054811,95
-0.090909,-0.472377,-0.054811,95
0.090909,0.472377,0.054811,95
-0.090909,0.472377,0.054811,95
0.090909,-0.472377,-0.054811,95
-0.363636,-0.314918,0.054811,95
0.363636,0.314918,-0.054811,95
0.454545,-0.157459,0.054811,95
-0.454545,0.157459,-0.054811,95
0.545455,0.104973,-0.073081,96
-0.545455,-0.104973,0.073081,96
-0.363636,0.419891,-0.073081,96
0.363636,-0.419891,0.073081,96
-0.181818,-0.524864,-0.073081,96
0.181818,0.524864,0.073081,96
-0.181818,0.524864,0.073081,96
0.181818,-0.524864,-0.073081,96
-0.363636,-0.419891,0.073081,96
0.363636,0.419891,-0.073081,96
0.545455,-0.104973,0.073081,96
-0.545455,0.104973,-0.073081,96
0.636364,0.052486,-0.091352,97
-0.636364,-0.052486,0.091352,97
-0.363636,0.524864,-0.091352,97
0.363636,-0.524864,0.091352,97
-0.272727,-0.577350,-0.091352,97
0.272727,0.577350,0.091352,97
-0.272727,0.577350,0.091352,97
0.272727,-0.577350,-0.091352,97
-0.363636,-0.524864,0.091352,97
0.363636,0.524864,-0.091352,97
0.636364,-0.052486,0.091352,97
-0.636364,0.052486,-0.091352,97
0.454545,0.262432,-0.073081,98
-0.454545,-0.262432,0.073081,98
-0.454545,0.262432,-0.073081,98
0.454545,-0.262432,0.073081,98
0.000000,-0.524864,-0.073081,98
0.000000,0.524864,0.073081,98
0.545455,0.209946,-0.091352,99
-0.545455,-0.209946,0.091352,99
-0.454545,0.367405,-0.091352,99
0.454545,-0.367405,0.091352,99
-0.090909,-0.577350,-0.091352,99
0.090909,0.577350,0.091352,99
-0.090909,0.577350,0.091352,99
0.090909,-0.577350,-0.091352,99
-0.454545,-0.367405,0.091352,99
0.454545,0.367405,-0.091352,99
0.545455,-0.209946,0.091352,99
-0.545455,0.209946,-0.091352,99
0.636364,0.157459,-0.109622,100
-0.636364,-0.157459,0.109622,100
-0.454545,0.472377,-0.109622,100
0.454545,-0.472377,0.109622,100
-0.181818,-0.629837,-0.109622,100
0.181818,0.629837,0.109622,100
-0.181818,0.629837,0.109622,100
0.181818,-0.629837,-0.109622,100
-0.454545,-0.472377,0.109622,100
0.454545,0.472377,-0.109622,100
0.636364,-0.157459,0.109622,100
-0.636364,0.157459,-0.109622,100
0.727273,0.104973,-0.127892,101
-0.727273,-0.104973,0.127892,101
-0.454545,0.577350,-0.127892,101
0.454545,-0.577350,0.127892,101
-0.272727,-0.682323,-0.127892,101
0.272727,0.682323,0.127892,101
-0.272727,0.682323,0.127892,101
0.272727,-0.682323,-0.127892,101
-0.454545,-0.577350,0.127892,101
0.454545,0.577350,-0.127892,101
0.727273,-0.104973,0.127892,101
-0.727273,0.104973,-0.127892,101
0.818182,0.052486,-0.146163,102
-0.818182,-0.052486,0.146163,102
-0.454545,0.682323,-0.146163,102
0.454545,-0.682323,0.146163,102
-0.363636,-0.734809,-0.146163,102
0.363636,0.734809,0.146163,102
-0.363636,0.734809,0.146163,102
0.363636,-0.734809,-0.146163,102
-0.454545,-0.682323,0.146163,102
0.454545,0.682323,-0.146163,102
0.818182,-0.052486,0.146163,102
-0.818182,0.052486,-0.146163,102
0.909091,0.000000,-0.164433,103
-0.909091,0.000000,0.164433,103
-0.454545,0.787296,-0.164433,103
0.454545,-0.787296,0.164433,103
-0.454545,-0.787296,-0.164433,103
0.454545,0.787296,0.164433,103
-0.454545,0.787296,0.164433,103
0.454545,-0.787296,-0.164433,103
-0.454545,-0.787296,0.164433,103
0.454545,0.787296,-0.164433,103
0.909091,0.000000,0.164433,103
-0.909091,0.000000,-0.164433,103
0.545455,0.314918,-0.109622,104
-0.545455,-0.314918,0.109622,104
-0.545455,0.314918,-0.109622,104
0.545455,-0.314918,0.109622,104
0.000000,-0.629837,-0.109622,104
0.000000,0.629837,0.109622,104
0.636364,0.262432,-0.127892,105
-0.636364,-0.262432,0.127892,105
-0.545455,0.419891,-0.127892,105
0.545455,-0.419891,0.127892,105
-0.090909,-0.682323,-0.127892,105
0.090909,0.682323,0.127892,105
-0.090909,0.682323,0.127892,105
0.090909,-0.682323,-0.127892,105
-0.545455,-0.419891,0.127892,105
0.545455,0.419891,-0.127892,105
0.636364,-0.262432,0.127892,105
-0.636364,0.262432,-0.127892,105
0.727273,0.209946,-0.146163,106
-0.727273,-0.209946,0.146163,106
-0.545455,0.524864,-0.146163,106
0.545455,-0.524864,0.146163,106
-0.181818,-0.734809,-0.146163,106
0.181818,0.734809,0.146163,106
-0.181818,0.734809,0.146163,106
0.181818,-0.734809,-0.146163,106
-0.545455,-0.524864,0.146163,106
0.545455,0.524864,-0.146163,106
0.727273,-0.209946,0.146163,106
-0.727273,0.209946,-0.146163,106
0.818182,0.157459,-0.164433,107
-0.818182,-0.157459,0.164433,107
-0.545455,0.629837,-0.164433,107
0.545455,-0.629837,0.164433,107
-0.272727,-0.787296,-0.164433,107
0.272727,0.787296,0.164433,107
-0.272727,0.787296,0.164433,107
0.272727,-0.787296,-0.164433,107
-0.545455,-0.629837,0.164433,107
0.545455,0.629837,-0.164433,107
0.818182,-0.157459,0.164433,107
-0.818182,0.157459,-0.164433,107
0.909091,0.104973,-0.182704,108
-0.909091,-0.104973,0.182704,108
-0.545455,0.734809,-0.182703,108
0.545455,-0.734809,0.182703,108
-0.363636,-0.839782,-0.182704,108
0.363636,0.839782,0.182704,108
-0.363636,0.839782,0.182704,108
0.363636,-0.839782,-0.182704,108
-0.545455,-0.734809,0.182704,108
0.545455,0.734809,-0.182704,108
0.909091,-0.104973,0.182704,108
-0.909091,0.104973,-0.182704,108
0.636364,0.367405,-0.146163,109
-0.636364,-0.367405,0.146163,109
-0.636364,0.367405,-0.146163,109
0.636364,-0.367405,0.146163,109
0.000000,-0.734809,-0.146163,109
0.000000,0.734809,0.146163,109
0.727273,0.314918,-0.164433,110
-0.727273,-0.314918,0.164433,110
-0.636364,0.472377,-0.164433,110
0.636364,-0.472377,0.164433,110
-0.090909,-0.787296,-0.164433,110
0.090909,0.787296,0.164433,110
-0.090909,0.787296,0.164433,110
0.090909,-0.787296,-0.164433,110
-0.636364,-0.472377,0.164433,110
0.636364,0.472377,-0.164433,110
0.727273,-0.314918,0.164433,110
-0.727273,0.314918,-0.164433,110
0.818182,0.262432,-0.182704,111
-0.818182,-0.262432,0.182704,111
-0.636364,0.577350,-0.182703,111
0.636364,-0.577350,0.182703,111
-0.181818,-0.839782,-0.182704,111
0.181818,0.839782,0.182704,111
-0.181818,0.839782,0.182704,111
0.181818,-0.839782,-0.182704,111
-0.636364,-0.577350,0.182704,111
0.636364,0.577350,-0.182704,111
0.818182,-0.262432,0.182704,111
-0.818182,0.262432,-0.182704,111
0.909091,0.209946,-0.200974,112
-0.909091,-0.209946,0.200974,112
-0.636364,0.682323,-0.200974,112
0.636364,-0.682323,0.200974,112
-0.272727,-0.892269,-0.200974,112
0.272727,0.892269,0.200974,112
-0.272727,0.892269,0.200974,112
0.272727,-0.892269,-0.200974,112
-0.636364,-0.682323,0.200974,112
0.636364,0.682323,-0.200974,112
0.909091,-0.209946,0.200974,112
-0.909091,0.209946,-0.200974,112
0.727273,0.419891,-0.182703,113
-0.727273,-0.419891,0.182703,113
-0.727273,0.419891,-0.182703,113
0.727273,-0.419891,0.182703,113
0.000000,-0.839782,-0.182704,113
0.000000,0.839782,0.182704,113
0.818182,0.367405,-0.200974,114
-0.818182,-0.367405,0.200974,114
-0.727273,0.524864,-0.200974,114
0.727273,-0.524864,0.200974,114
-0.090909,-0.892269,-0.200974,114
0.090909,0.892269,0.200974,114
-0.090909,0.892269,0.200974,114
0.090909,-0.892269,-0.200974,114
-0.727273,-0.524864,0.200974,114
0.727273,0.524864,-0.200974,114
0.818182,-0.367405,0.200974,114
-0.818182,0.367405,-0.200974,114
0.909091,0.314918,-0.219244,115
-0.909091,-0.314918,0.219244,115
-0.727273,0.629837,-0.219244,115
0.727273,-0.629837,0.219244,115
-0.181818,-0.944755,-0.219244,115
0.181818,0.944755,0.219244,115
-0.181818,0.944755,0.219244,115
0.181818,-0.944755,-0.219244,115
-0.727273,-0.629837,0.219244,115
0.727273,0.629837,-0.219244,115
0.909091,-0.314918,0.219244,115
-0.909091,0.314918,-0.219244,115
0.818182,0.472377,-0.219244,116
-0.818182,-0.472377,0.219244,116
-0.818182,0.472377,-0.219244,116
0.818182,-0.472377,0.219244,116
0.000000,-0.944755,-0.219244,116
0.000000,0.944755,0.219244,116
0.909091,0.419891,-0.237515,117
-0.909091,-0.419891,0.237515,117
-0.818182,0.577350,-0.237515,117
0.818182,-0.577350,0.237515,117
-0.090909,-0.997241,-0.237515,117
0.090909,0.997241,0.237515,117
-0.090909,0.997241,0.237515,117
0.090909,-0.997241,-0.237515,117
-0.818182,-0.577350,0.237515,117
0.818182,0.577350,-0.237515,117
0.909091,-0.419891,0.237515,117
-0.909091,0.419891,-0.237515,117
0.909091,0.524864,-0.255785,118
-0.909091,-0.524864,0.255785,118
-0.909091,0.524864,-0.255785,118
0.909091,-0.524864,0.255785,118
0.000000,-1.049728,-0.255785,118
0.000000,1.049728,0.255785,118
0.000000,0.000000,0.164433,119
0.000000,0.000000,-0.164433,119
0.545455,-0.314918,0.054811,120
-0.545455,0.314918,-0.054811,120
0.000000,0.629837,0.054811,120
0.000000,-0.629837,-0.054811,120
-0.545455,-0.314918,0.054811,120
0.545455,0.314918,-0.054811,120
0.636364,-0.367405,0.036541,121
-0.636364,0.367405,-0.036541,121
0.000000,0.734809,0.036541,121
0.000000,-0.734809,-0.036541,121
-0.636364,-0.367405,0.036541,121
0.636364,0.367405,-0.036541,121
0.727273,-0.419891,0.018270,122
-0.727273,0.419891,-0.018270,122
0.000000,0.839782,0.018270,122
0.000000,-0.839782,-0.018270,122
-0.727273,-0.419891,0.018270,122
0.727273,0.419891,-0.018270,122
0.818182,-0.472377,0.000000,123
-0.818182,0.472377,0.000000,123
0.000000,0.944755,0.000000,123
0.000000,-0.944755,0.000000,123
-0.818182,-0.472377,0.000000,123
0.818182,0.472377,0.000000,123
0.909091,-0.524864,-0.018270,124
-0.909091,0.524864,0.018270,124
0.000000,1.049728,-0.018270,124
0.000000,-1.049728,0.018270,124
-0.909091,-0.524864,-0.018270,124
0.909091,0.524864,0.018270,124
0.636364,0.262432,-0.073081,125
-0.636364,-0.262432,0.073081,125
-0.545455,0.419891,-0.073081,125
0.545455,-0.419891,0.073081,125
-0.090909,-0.682323,-0.073081,125
0.090909,0.682323,0.073081,125
-0.090909,0.682323,0.073081,125
0.090909,-0.682323,-0.073081,125
-0.545455,-0.419891,0.073081,125
0.545455,0.419891,-0.073081,125
0.636364,-0.262432,0.073081,125
-0.636364,0.262432,-0.073081,125
0.727273,0.209946,-0.091352,126
-0.727273,-0.209946,0.091352,126
-0.545455,0.524864,-0.091352,126
0.545455,-0.524864,0.091352,126
-0.181818,-0.734809,-0.091352,126
0.181818,0.734809,0.091352,126
-0.181818,0.734809,0.091352,126
0.181818,-0.734809,-0.091352,126
-0.545455,-0.524864,0.091352,126
0.545455,0.524864,-0.091352,126
0.727273,-0.209946,0.091352,126
-0.727273,0.209946,-0.091352,126
0.636364,0.367405,-0.091352,127
-0.636364,-0.367405,0.091352,127
-0.636364,0.367405,-0.091352,127
0.636364,-0.367405,0.091352,127
0.000000,-0.734809,-0.091352,127
0.000000,0.734809,0.091352,127
0.727273,0.314918,-0.109622,128
-0.727273,-0.314918,0.109622,128
-0.636364,0.472377,-0.109622,128
0.636364,-0.472377,0.109622,128
-0.090909,-0.787296,-0.109622,128
0.090909,0.787296,0.109622,128
-0.090909,0.787296,0.109622,128
0.090909,-0.787296,-0.109622,128
-0.636364,-0.472377,0.109622,128
0.636364,0.472377,-0.109622,128
0.727273,-0.314918,0.109622,128
-0.727273,0.314918,-0.109622,128
0.818182,0.262432,-0.127892,129
-0.818182,-0.262432,0.127892,129
-0.636364,0.577350,-0.127892,129
0.636364,-0.577350,0.127892,129
-0.181818,-0.839782,-0.127892,129
0.181818,0.839782,0.127892,129
-0.181818,0.839782,0.127892,129
0.181818,-0.839782,-0.127892,129
-0.636364,-0.577350,0.127892,129
0.636364,0.577350,-0.127892,129
0.818182,-0.262432,0.127892,129
-0.818182,0.262432,-0.127892,129
0.909091,0.209946,-0.146163,130
-0.909091,-0.209946,0.146163,130
-0.636364,0.682323,-0.146163,130
0.636364,-0.682323,0.146163,130
-0.272727,-0.892269,-0.146163,130
0.272727,0.892269,0.146163,130
-0.272727,0.892269,0.146163,130
0.272727,-0.892269,-0.146163,130
-0.636364,-0.682323,0.146163,130
0.636364,0.682323,-0.146163,130
0.909091,-0.209946,0.146163,130
-0.909091,0.209946,-0.146163,130
0.727273,0.419891,-0.127892,131
-0.727273,-0.419891,0.127892,131
-0.727273,0.419891,-0.127892,131
0.727273,-0.419891,0.127892,131
0.000000,-0.839782,-0.127892,131
0.000000,0.839782,0.127892,131
0.818182,0.367405,-0.146163,132
-0.818182,-0.367405,0.146163,132
-0.727273,0.524864,-0.146163,132
0.727273,-0.524864,0.146163,132
-0.090909,-0.892269,-0.146163,132
0.090909,0.892269,0.146163,132
-0.090909,0.892269,0.146163,132
0.090909,-0.892269,-0.146163,132
-0.727273,-0.524864,0.146163,132
0.727273,0.524864,-0.146163,132
0.818182,-0.367405,0.146163,132
-0.818182,0.367405,-0.146163,132
0.909091,0.314918,-0.164433,133
-0.909091,-0.314918,0.164433,133
-0.727273,0.629837,-0.164433,133
0.727273,-0.629837,0.164433,133
-0.181818,-0.944755,-0.164433,133
0.181818,0.944755,0.164433,133
-0.181818,0.944755,0.164433,133
0.181818,-0.944755,-0.164433,133
-0.727273,-0.629837,0.164433,133
0.727273,0.629837,-0.164433,133
0.909091,-0.314918,0.164433,133
-0.909091,0.314918,-0.164433,133
0.818182,0.472377,-0.164433,134
-0.818182,-0.472377,0.164433,134
-0.818182,0.472377,-0.164433,134
0.818182,-0.472377,0.164433,134
0.000000,-0.944755,-0.164433,134
0.000000,0.944755,0.164433,134
0.909091,0.419891,-0.182703,135
-0.909091,-0.419891,0.182703,135
-0.818182,0.577350,-0.182703,135
0.818182,-0.577350,0.182703,135
-0.090909,-0.997241,-0.182704,135
0.090909,0.997241,0.182704,135
-0.090909,0.997241,0.182703,135
0.090909,-0.997241,-0.182703,135
-0.818182,-0.577350,0.182703,135
0.818182,0.577350,-0.182703,135
0.909091,-0.419891,0.182703,135
-0.909091,0.419891,-0.182703,135
0.909091,0.524864,-0.200974,136
-0.909091,-0.524864,0.200974,136
-0.909091,0.524864,-0.200974,136
0.909091,-0.524864,0.200974,136
0.000000,-1.049728,-0.200974,136
0.000000,1.049728,0.200974,136
0.000000,0.000000,0.219244,137
0.000000,0.000000,-0.219244,137
0.727273,-0.419891,0.073081,138
-0.727273,0.419891,-0.073081,138
0.000000,0.839782,0.073081,138
0.000000,-0.839782,-0.073081,138
-0.727273,-0.419891,0.073081,138
0.727273,0.419891,-0.073081,138
0.818182,-0.472377,0.054811,139
-0.818182,0.472377,-0.054811,139
0.000000,0.944755,0.054811,139
0.000000,-0.944755,-0.054811,139
-0.818182,-0.472377,0.054811,139
0.818182,0.472377,-0.054811,139
0.909091,-0.524864,0.036541,140
-0.909091,0.524864,-0.036541,140
0.000000,1.049728,0.036541,140
0.000000,-1.049728,-0.036541,140
-0.909091,-0.524864,0.036541,140
0.909091,0.524864,-0.036541,140
0.818182,0.367405,-0.091352,141
-0.818182,-0.367405,0.091352,141
-0.727273,0.524864,-0.091352,141
0.727273,-0.524864,0.091352,141
-0.090909,-0.892269,-0.091352,141
0.090909,0.892269,0.091352,141
-0.090909,0.892269,0.091352,141
0.090909,-0.892269,-0.091352,141
-0.727273,-0.524864,0.091352,141
0.727273,0.524864,-0.091352,141
0.818182,-0.367405,0.091352,141
-0.818182,0.367405,-0.091352,141
0.818182,0.472377,-0.109622,142
-0.818182,-0.472377,0.109622,142
-0.818182,0.472377,-0.109622,142
0.818182,-0.472377,0.109622,142
0.000000,-0.944755,-0.109622,142
0.000000,0.944755,0.109622,142
0.909091,0.419891,-0.127892,143
-0.909091,-0.419891,0.127892,143
-0.818182,0.577350,-0.127892,143
0.818182,-0.577350,0.127892,143
-0.090909,-0.997241,-0.127892,143
0.090909,0.997241,0.127892,143
-0.090909,0.997241,0.127892,143
0.090909,-0.997241,-0.127892,143
-0.818182,-0.577350,0.127892,143
0.818182,0.577350,-0.127892,143
0.909091,-0.419891,0.127892,143
-0.909091,0.419891,-0.127892,143
0.909091,0.524864,-0.146163,144
-0.909091,-0.524864,0.146163,144
-0.909091,0.524864,-0.146163,144
0.909091,-0.524864,0.146163,144
0.000000,-1.049728,-0.146163,144
0.000000,1.049728,0.146163,144
0.000000,0.000000,0.274055,145
0.000000,0.000000,-0.274055,145
0.909091,-0.524864,0.091352,146
-0.909091,0.524864,-0.091352,146
0.000000,1.049728,0.091352,146
0.000000,-1.049728,-0.091352,146
-0.909091,-0.524864,0.091352,146
0.909091,0.524864,-0.091352,146
