       216
  0.0000000000000000D+00  0.0000000000000000D+00  0.0000000000000000D+00
  0.0000000000000000D+00  0.0000000000000000D+00  0.3430628707995039D+00
  0.0000000000000000D+00  0.0000000000000000D+00  0.6861257415990077D+00
  0.0000000000000000D+00  0.0000000000000000D+00  0.1029188612398512D+01
  0.0000000000000000D+00  0.0000000000000000D+00  0.1372251483198015D+01
  0.0000000000000000D+00  0.0000000000000000D+00  0.1715314353997519D+01
  0.0000000000000000D+00  0.3053371529789823D+00 -0.1564012322974128D+00
  0.0000000000000000D+00  0.3053371529789823D+00  0.1866616385020911D+00
  0.0000000000000000D+00  0.3053371529789823D+00  0.5297245093015950D+00
  0.0000000000000000D+00  0.3053371529789823D+00  0.8727873801010989D+00
  0.0000000000000000D+00  0.3053371529789823D+00  0.1215850250900603D+01
  0.0000000000000000D+00  0.3053371529789823D+00  0.1558913121700106D+01
  0.0000000000000000D+00  0.6106743059579646D+00 -0.3128024645948256D+00
  0.0000000000000000D+00  0.6106743059579646D+00  0.3026040620467829D-01
  0.0000000000000000D+00  0.6106743059579646D+00  0.3733232770041822D+00
  0.0000000000000000D+00  0.6106743059579646D+00  0.7163861478036861D+00
  0.0000000000000000D+00  0.6106743059579646D+00  0.1059449018603190D+01
  0.0000000000000000D+00  0.6106743059579646D+00  0.1402511889402694D+01
  0.0000000000000000D+00  0.9160114589369468D+00 -0.4692036968922384D+00
  0.0000000000000000D+00  0.9160114589369468D+00 -0.1261408260927345D+00
  0.0000000000000000D+00  0.9160114589369468D+00  0.2169220447067693D+00
  0.0000000000000000D+00  0.9160114589369468D+00  0.5599849155062733D+00
  0.0000000000000000D+00  0.9160114589369468D+00  0.9030477863057771D+00
  0.0000000000000000D+00  0.9160114589369468D+00  0.1246110657105281D+01
  0.0000000000000000D+00  0.1221348611915929D+01 -0.6256049291896512D+00
  0.0000000000000000D+00  0.1221348611915929D+01 -0.2825420583901473D+00
  0.0000000000000000D+00  0.1221348611915929D+01  0.6052081240935658D-01
  0.0000000000000000D+00  0.1221348611915929D+01  0.4035836832088605D+00
  0.0000000000000000D+00  0.1221348611915929D+01  0.7466465540083643D+00
  0.0000000000000000D+00  0.1221348611915929D+01  0.1089709424807868D+01
  0.0000000000000000D+00  0.1526685764894911D+01 -0.7820061614870639D+00
  0.0000000000000000D+00  0.1526685764894911D+01 -0.4389432906875601D+00
  0.0000000000000000D+00  0.1526685764894911D+01 -0.9588041988805618D-01
  0.0000000000000000D+00  0.1526685764894911D+01  0.2471824509114477D+00
  0.0000000000000000D+00  0.1526685764894911D+01  0.5902453217109516D+00
  0.0000000000000000D+00  0.1526685764894911D+01  0.9333081925104554D+00
  0.1666666666666667D+00 -0.2558378478958087D+00 -0.1564012483026185D+00
  0.1666666666666667D+00 -0.2558378478958087D+00  0.1866616224968853D+00
  0.1666666666666667D+00 -0.2558378478958087D+00  0.5297244932963892D+00
  0.1666666666666667D+00 -0.2558378478958087D+00  0.8727873640958932D+00
  0.1666666666666667D+00 -0.2558378478958087D+00  0.1215850234895397D+01
  0.1666666666666667D+00 -0.2558378478958087D+00  0.1558913105694901D+01
  0.1666666666666667D+00  0.4949930508317357D-01 -0.3128024806000314D+00
  0.1666666666666667D+00  0.4949930508317357D-01  0.3026039019947252D-01
  0.1666666666666667D+00  0.4949930508317357D-01  0.3733232609989764D+00
  0.1666666666666667D+00  0.4949930508317357D-01  0.7163861317984803D+00
  0.1666666666666667D+00  0.4949930508317357D-01  0.1059449002597984D+01
  0.1666666666666667D+00  0.4949930508317357D-01  0.1402511873397488D+01
  0.1666666666666667D+00  0.3548364580621559D+00 -0.4692037128974441D+00
  0.1666666666666667D+00  0.3548364580621559D+00 -0.1261408420979402D+00
  0.1666666666666667D+00  0.3548364580621559D+00  0.2169220287015636D+00
  0.1666666666666667D+00  0.3548364580621559D+00  0.5599848995010676D+00
  0.1666666666666667D+00  0.3548364580621559D+00  0.9030477703005714D+00
  0.1666666666666667D+00  0.3548364580621559D+00  0.1246110641100075D+01
  0.1666666666666667D+00  0.6601736110411380D+00 -0.6256049451948569D+00
  0.1666666666666667D+00  0.6601736110411380D+00 -0.2825420743953530D+00
  0.1666666666666667D+00  0.6601736110411380D+00  0.6052079640415087D-01
  0.1666666666666667D+00  0.6601736110411380D+00  0.4035836672036548D+00
  0.1666666666666667D+00  0.6601736110411380D+00  0.7466465380031586D+00
  0.1666666666666667D+00  0.6601736110411380D+00  0.1089709408802662D+01
  0.1666666666666667D+00  0.9655107640201204D+00 -0.7820061774922697D+00
  0.1666666666666667D+00  0.9655107640201204D+00 -0.4389433066927659D+00
  0.1666666666666667D+00  0.9655107640201204D+00 -0.9588043589326201D-01
  0.1666666666666667D+00  0.9655107640201204D+00  0.2471824349062419D+00
  0.1666666666666667D+00  0.9655107640201204D+00  0.5902453057057457D+00
  0.1666666666666667D+00  0.9655107640201204D+00  0.9333081765052496D+00
  0.1666666666666667D+00  0.1270847916999103D+01 -0.9384074097896824D+00
  0.1666666666666667D+00  0.1270847916999103D+01 -0.5953445389901786D+00
  0.1666666666666667D+00  0.1270847916999103D+01 -0.2522816681906747D+00
  0.1666666666666667D+00  0.1270847916999103D+01  0.9078120260882927D-01
  0.1666666666666667D+00  0.1270847916999103D+01  0.4338440734083331D+00
  0.1666666666666667D+00  0.1270847916999103D+01  0.7769069442078369D+00
  0.3333333333333333D+00 -0.5116756957916174D+00 -0.3128024966052371D+00
  0.3333333333333333D+00 -0.5116756957916174D+00  0.3026037419426680D-01
  0.3333333333333333D+00 -0.5116756957916174D+00  0.3733232449937707D+00
  0.3333333333333333D+00 -0.5116756957916174D+00  0.7163861157932746D+00
  0.3333333333333333D+00 -0.5116756957916174D+00  0.1059448986592778D+01
  0.3333333333333333D+00 -0.5116756957916174D+00  0.1402511857392282D+01
  0.3333333333333333D+00 -0.2063385428126351D+00 -0.4692037289026498D+00
  0.3333333333333333D+00 -0.2063385428126351D+00 -0.1261408581031460D+00
  0.3333333333333333D+00 -0.2063385428126351D+00  0.2169220126963579D+00
  0.3333333333333333D+00 -0.2063385428126351D+00  0.5599848834958618D+00
  0.3333333333333333D+00 -0.2063385428126351D+00  0.9030477542953657D+00
  0.3333333333333333D+00 -0.2063385428126351D+00  0.1246110625094869D+01
  0.3333333333333333D+00  0.9899861016634715D-01 -0.6256049612000627D+00
  0.3333333333333333D+00  0.9899861016634715D-01 -0.2825420904005588D+00
  0.3333333333333333D+00  0.9899861016634715D-01  0.6052078039894504D-01
  0.3333333333333333D+00  0.9899861016634715D-01  0.4035836511984490D+00
  0.3333333333333333D+00  0.9899861016634715D-01  0.7466465219979528D+00
  0.3333333333333333D+00  0.9899861016634715D-01  0.1089709392797457D+01
  0.3333333333333333D+00  0.4043357631453294D+00 -0.7820061934974755D+00
  0.3333333333333333D+00  0.4043357631453294D+00 -0.4389433226979716D+00
  0.3333333333333333D+00  0.4043357631453294D+00 -0.9588045189846772D-01
  0.3333333333333333D+00  0.4043357631453294D+00  0.2471824189010362D+00
  0.3333333333333333D+00  0.4043357631453294D+00  0.5902452897005400D+00
  0.3333333333333333D+00  0.4043357631453294D+00  0.9333081605000438D+00
  0.3333333333333333D+00  0.7096729161243117D+00 -0.9384074257948882D+00
  0.3333333333333333D+00  0.7096729161243117D+00 -0.5953445549953844D+00
  0.3333333333333333D+00  0.7096729161243117D+00 -0.2522816841958805D+00
  0.3333333333333333D+00  0.7096729161243117D+00  0.9078118660362344D-01
  0.3333333333333333D+00  0.7096729161243117D+00  0.4338440574031273D+00
  0.3333333333333333D+00  0.7096729161243117D+00  0.7769069282026311D+00
  0.3333333333333333D+00  0.1015010069103294D+01 -0.1094808658092301D+01
  0.3333333333333333D+00  0.1015010069103294D+01 -0.7517457872927973D+00
  0.3333333333333333D+00  0.1015010069103294D+01 -0.4086829164932934D+00
  0.3333333333333333D+00  0.1015010069103294D+01 -0.6562004569378943D-01
  0.3333333333333333D+00  0.1015010069103294D+01  0.2774428251057144D+00
  0.3333333333333333D+00  0.1015010069103294D+01  0.6205056959052182D+00
  0.5000000000000000D+00 -0.7675135436874261D+00 -0.4692037449078556D+00
  0.5000000000000000D+00 -0.7675135436874261D+00 -0.1261408741083517D+00
  0.5000000000000000D+00 -0.7675135436874261D+00  0.2169219966911521D+00
  0.5000000000000000D+00 -0.7675135436874261D+00  0.5599848674906560D+00
  0.5000000000000000D+00 -0.7675135436874261D+00  0.9030477382901598D+00
  0.5000000000000000D+00 -0.7675135436874261D+00  0.1246110609089664D+01
  0.5000000000000000D+00 -0.4621763907084438D+00 -0.6256049772052684D+00
  0.5000000000000000D+00 -0.4621763907084438D+00 -0.2825421064057645D+00
  0.5000000000000000D+00 -0.4621763907084438D+00  0.6052076439373932D-01
  0.5000000000000000D+00 -0.4621763907084438D+00  0.4035836351932433D+00
  0.5000000000000000D+00 -0.4621763907084438D+00  0.7466465059927471D+00
  0.5000000000000000D+00 -0.4621763907084438D+00  0.1089709376792251D+01
  0.5000000000000000D+00 -0.1568392377294615D+00 -0.7820062095026812D+00
  0.5000000000000000D+00 -0.1568392377294615D+00 -0.4389433387031773D+00
  0.5000000000000000D+00 -0.1568392377294615D+00 -0.9588046790367344D-01
  0.5000000000000000D+00 -0.1568392377294615D+00  0.2471824028958305D+00
  0.5000000000000000D+00 -0.1568392377294615D+00  0.5902452736953343D+00
  0.5000000000000000D+00 -0.1568392377294615D+00  0.9333081444948381D+00
  0.5000000000000000D+00  0.1484979152495207D+00 -0.9384074418000941D+00
  0.5000000000000000D+00  0.1484979152495207D+00 -0.5953445710005902D+00
  0.5000000000000000D+00  0.1484979152495207D+00 -0.2522817002010863D+00
  0.5000000000000000D+00  0.1484979152495207D+00  0.9078117059841762D-01
  0.5000000000000000D+00  0.1484979152495207D+00  0.4338440413979214D+00
  0.5000000000000000D+00  0.1484979152495207D+00  0.7769069121974252D+00
  0.5000000000000000D+00  0.4538350682285031D+00 -0.1094808674097507D+01
  0.5000000000000000D+00  0.4538350682285031D+00 -0.7517458032980029D+00
  0.5000000000000000D+00  0.4538350682285031D+00 -0.4086829324984990D+00
  0.5000000000000000D+00  0.4538350682285031D+00 -0.6562006169899504D-01
  0.5000000000000000D+00  0.4538350682285031D+00  0.2774428091005088D+00
  0.5000000000000000D+00  0.4538350682285031D+00  0.6205056799000126D+00
  0.5000000000000000D+00  0.7591722212074854D+00 -0.1251209906394920D+01
  0.5000000000000000D+00  0.7591722212074854D+00 -0.9081470355954158D+00
  0.5000000000000000D+00  0.7591722212074854D+00 -0.5650841647959118D+00
  0.5000000000000000D+00  0.7591722212074854D+00 -0.2220212939964079D+00
  0.5000000000000000D+00  0.7591722212074854D+00  0.1210415768030959D+00
  0.5000000000000000D+00  0.7591722212074854D+00  0.4641044476025997D+00
  0.6666666666666666D+00 -0.1023351391583235D+01 -0.6256049932104741D+00
  0.6666666666666666D+00 -0.1023351391583235D+01 -0.2825421224109703D+00
  0.6666666666666666D+00 -0.1023351391583235D+01  0.6052074838853361D-01
  0.6666666666666666D+00 -0.1023351391583235D+01  0.4035836191880375D+00
  0.6666666666666666D+00 -0.1023351391583235D+01  0.7466464899875414D+00
  0.6666666666666666D+00 -0.1023351391583235D+01  0.1089709360787045D+01
  0.6666666666666666D+00 -0.7180142386042525D+00 -0.7820062255078869D+00
  0.6666666666666666D+00 -0.7180142386042525D+00 -0.4389433547083830D+00
  0.6666666666666666D+00 -0.7180142386042525D+00 -0.9588048390887915D-01
  0.6666666666666666D+00 -0.7180142386042525D+00  0.2471823868906248D+00
  0.6666666666666666D+00 -0.7180142386042525D+00  0.5902452576901286D+00
  0.6666666666666666D+00 -0.7180142386042525D+00  0.9333081284896324D+00
  0.6666666666666666D+00 -0.4126770856252703D+00 -0.9384074578052997D+00
  0.6666666666666666D+00 -0.4126770856252703D+00 -0.5953445870057958D+00
  0.6666666666666666D+00 -0.4126770856252703D+00 -0.2522817162062919D+00
  0.6666666666666666D+00 -0.4126770856252703D+00  0.9078115459321201D-01
  0.6666666666666666D+00 -0.4126770856252703D+00  0.4338440253927158D+00
  0.6666666666666666D+00 -0.4126770856252703D+00  0.7769068961922196D+00
  0.6666666666666666D+00 -0.1073399326462880D+00 -0.1094808690102713D+01
  0.6666666666666666D+00 -0.1073399326462880D+00 -0.7517458193032087D+00
  0.6666666666666666D+00 -0.1073399326462880D+00 -0.4086829485037048D+00
  0.6666666666666666D+00 -0.1073399326462880D+00 -0.6562007770420086D-01
  0.6666666666666666D+00 -0.1073399326462880D+00  0.2774427930953030D+00
  0.6666666666666666D+00 -0.1073399326462880D+00  0.6205056638948068D+00
  0.6666666666666666D+00  0.1979972203326943D+00 -0.1251209922400125D+01
  0.6666666666666666D+00  0.1979972203326943D+00 -0.9081470516006216D+00
  0.6666666666666666D+00  0.1979972203326943D+00 -0.5650841808011177D+00
  0.6666666666666666D+00  0.1979972203326943D+00 -0.2220213100016137D+00
  0.6666666666666666D+00  0.1979972203326943D+00  0.1210415607978901D+00
  0.6666666666666666D+00  0.1979972203326943D+00  0.4641044315973939D+00
  0.6666666666666666D+00  0.5033343733116766D+00 -0.1407611154697538D+01
  0.6666666666666666D+00  0.5033343733116766D+00 -0.1064548283898034D+01
  0.6666666666666666D+00  0.5033343733116766D+00 -0.7214854130985303D+00
  0.6666666666666666D+00  0.5033343733116766D+00 -0.3784225422990264D+00
  0.6666666666666666D+00  0.5033343733116766D+00 -0.3535967149952257D-01
  0.6666666666666666D+00  0.5033343733116766D+00  0.3077031992999812D+00
  0.8333333333333333D+00 -0.1279189239479044D+01 -0.7820062415130926D+00
  0.8333333333333333D+00 -0.1279189239479044D+01 -0.4389433707135887D+00
  0.8333333333333333D+00 -0.1279189239479044D+01 -0.9588049991408487D-01
  0.8333333333333333D+00 -0.1279189239479044D+01  0.2471823708854191D+00
  0.8333333333333333D+00 -0.1279189239479044D+01  0.5902452416849229D+00
  0.8333333333333333D+00 -0.1279189239479044D+01  0.9333081124844267D+00
  0.8333333333333333D+00 -0.9738520865000613D+00 -0.9384074738105054D+00
  0.8333333333333333D+00 -0.9738520865000613D+00 -0.5953446030110014D+00
  0.8333333333333333D+00 -0.9738520865000613D+00 -0.2522817322114976D+00
  0.8333333333333333D+00 -0.9738520865000613D+00  0.9078113858800629D-01
  0.8333333333333333D+00 -0.9738520865000613D+00  0.4338440093875101D+00
  0.8333333333333333D+00 -0.9738520865000613D+00  0.7769068801870139D+00
  0.8333333333333333D+00 -0.6685149335210790D+00 -0.1094808706107918D+01
  0.8333333333333333D+00 -0.6685149335210790D+00 -0.7517458353084143D+00
  0.8333333333333333D+00 -0.6685149335210790D+00 -0.4086829645089104D+00
  0.8333333333333333D+00 -0.6685149335210790D+00 -0.6562009370940647D-01
  0.8333333333333333D+00 -0.6685149335210790D+00  0.2774427770900973D+00
  0.8333333333333333D+00 -0.6685149335210790D+00  0.6205056478896012D+00
  0.8333333333333333D+00 -0.3631777805420968D+00 -0.1251209938405331D+01
  0.8333333333333333D+00 -0.3631777805420968D+00 -0.9081470676058272D+00
  0.8333333333333333D+00 -0.3631777805420968D+00 -0.5650841968063233D+00
  0.8333333333333333D+00 -0.3631777805420968D+00 -0.2220213260068193D+00
  0.8333333333333333D+00 -0.3631777805420968D+00  0.1210415447926845D+00
  0.8333333333333333D+00 -0.3631777805420968D+00  0.4641044155921883D+00
  0.8333333333333333D+00 -0.5784062756311448D-01 -0.1407611170702744D+01
  0.8333333333333333D+00 -0.5784062756311448D-01 -0.1064548299903240D+01
  0.8333333333333333D+00 -0.5784062756311448D-01 -0.7214854291037359D+00
  0.8333333333333333D+00 -0.5784062756311448D-01 -0.3784225583042320D+00
  0.8333333333333333D+00 -0.5784062756311448D-01 -0.3535968750472818D-01
  0.8333333333333333D+00 -0.5784062756311448D-01  0.3077031832947756D+00
  0.8333333333333333D+00  0.2474965254158679D+00 -0.1564012403000157D+01
  0.8333333333333333D+00  0.2474965254158679D+00 -0.1220949532200653D+01
  0.8333333333333333D+00  0.2474965254158679D+00 -0.8778866614011488D+00
  0.8333333333333333D+00  0.2474965254158679D+00 -0.5348237906016449D+00
  0.8333333333333333D+00  0.2474965254158679D+00 -0.1917609198021410D+00
  0.8333333333333333D+00  0.2474965254158679D+00  0.1513019509973628D+00
