 #Independent Particle F
 #Numkpts,nspin=          16           1
 #spin=           1
 #Number of BSE conduction states=          10
 #Number of BSE valence          states=          10
 #Total number of val/cond states=          11          11
 #Gaussian broadening= F
 #If not Gaussian broadening then Lorentzian
 #Broadenings=  2.000000000000000E-002  2.000000000000000E-002
 #LDA energies used as N.L. potential correction in BSE program and NOT lmf F
 #direction of q-vector=
 #  0.000000000000000E+000  0.000000000000000E+000   1.00000000000000     
 #Energy(eV),Real(eps),Imag(eps)
  0.000000000000000E+000  -21.1108550430889        27.7915522519061     
  1.360580000000000E-002  -21.1146565120121        27.8163406927459     
  2.721160000000000E-002  -21.1260832286430        27.8906111308768     
  4.081740000000000E-002  -21.1451991387373        28.0140839819552     
  5.442320000000000E-002  -21.1721003163158        28.1863097700723     
  6.802900000000001E-002  -21.2068973598276        28.4066925596363     
  8.163480000000001E-002  -21.2496873864535        28.6745203769604     
  9.524060000000001E-002  -21.3005130369519        28.9890007022035     
  0.108846400000000       -21.3593061999268        29.3492989784053     
  0.122452200000000       -21.4258150932022        29.7545779350835     
  0.136058000000000       -21.4995148467426        30.2040351769552     
  0.149663800000000       -21.5795036299307        30.6969358409074     
  0.163269600000000       -21.6643883450808        31.2326362314732     
  0.176875400000000       -21.7521655877231        31.8105934420775     
  0.190481200000000       -21.8401046033506        32.4303554142897     
  0.204087000000000       -21.9246391578524        33.0915260347516     
  0.217692800000000       -22.0012746478849        33.7937009202028     
  0.231298600000000       -22.0645157426286        34.5363714346361     
  0.244904400000000       -22.1078188812881        35.3187968889193     
  0.258510200000000       -22.1235735567105        36.1398473036163     
  0.272116000000000       -22.1031167962385        36.9978211188586     
  0.285721800000000       -22.0367865802652        37.8902435975859     
  0.299327600000000       -21.9140217638495        38.8136525290996     
  0.312933400000000       -21.7235178164266        39.7633786594747     
  0.326539200000000       -21.4534487266499        40.7333296661554     
  0.340145000000000       -21.0917651257489        41.7157889721577     
  0.353750800000000       -20.6265765251753        42.7012444451277     
  0.367356600000000       -20.0466210698115        43.6782667489022     
  0.380962400000000       -19.3418189960738        44.6334619875681     
  0.394568200000000       -18.5038958857802        45.5515270227751     
  0.408174000000000       -17.5270490860786        46.4154368630881     
  0.421779800000000       -16.4086162899164        47.2067901501242     
  0.435385600000000       -15.1496911145594        47.9063295826046     
  0.448991400000000       -13.7556193650238        48.4946384004184     
  0.462597200000000       -12.2363049148569        48.9529922724902     
  0.476203000000000       -10.6062590902860        49.2643202220755     
  0.489808800000000       -8.88434435154252        49.4142025232594     
  0.503414600000000       -7.09319203100354        49.3918131921361     
  0.517020400000000       -5.25831207586381        49.1907055242740     
  0.530626200000000       -3.40695429277357        48.8093455755468     
  0.544232000000000       -1.56681755540092        48.2513220101509     
  0.557837800000000       0.235272300630676        47.5251986625179     
  0.571443600000000        1.97458950080043        46.6440217757597     
  0.585049400000000        3.62952850216100        45.6245380665845     
  0.598655200000000        5.18233726653192        44.4862135838751     
  0.612261000000000        6.61952527335176        43.2501606225966     
  0.625866800000000        7.93195067047196        41.9380789490761     
  0.639472600000000        9.11462679182532        40.5713009062704     
  0.653078400000000        10.1663120015501        39.1700032438925     
  0.666684200000000        11.0889568882221        37.7526183980289     
  0.680290000000000        11.8870808145235        36.3354502046900     
  0.693895800000000        12.5671392525655        34.9324774648853     
  0.707501600000000        13.1369283002213        33.5553149412767     
  0.721107400000000        13.6050568752845        32.2132949743661     
  0.734713200000000        13.9805028407206        30.9136325325008     
  0.748319000000000        14.2722580559872        29.6616402737225     
  0.761924800000000        14.4890594175353        28.4609662712442     
  0.775530600000000        14.6391980313974        27.3138339473641     
  0.789136400000000        14.7303961126017        26.2212704161817     
  0.802742200000000        14.7697403188316        25.1833152101128     
  0.816348000000000        14.7636603700017        24.1992059498917     
  0.829953800000000        14.7179425003403        23.2675408422305     
  0.843559600000000        14.6377682112164        22.3864200313998     
  0.857165400000000        14.5277697551339        21.5535689438500     
  0.870771200000000        14.3920947090854        20.7664470279630     
  0.884377000000000        14.2344728997715        20.0223448873602     
  0.897982800000000        14.0582798943169        19.3184719231101     
  0.911588600000000        13.8665923639180        18.6520354413712     
  0.925194400000000        13.6622319426270        18.0203109772713     
  0.938800200000000        13.4477957541836        17.4207025770861     
  0.952406000000000        13.2256734852872        16.8507911924449     
  0.966011800000000        12.9980525648751        16.3083693220570     
  0.979617600000000        12.7669144267202        15.7914606146761     
  0.993223400000000        12.5340257573499        15.2983242053054     
   1.00682920000000        12.3009289172358        14.8274448617847     
   1.02043500000000        12.0689353568558        14.3775112874278     
   1.03404080000000        11.8391249499287        13.9473859039080     
   1.04764660000000        11.6123529428058        13.5360699657084     
   1.06125240000000        11.3892649058041        13.1426678857794     
   1.07485820000000        11.1703188724119        12.7663542310267     
   1.08846400000000        10.9558129087150        12.4063460842726     
   1.10206980000000        10.7459157484819        12.0618824968790     
   1.11567560000000        10.5406978892001        11.7322117038634     
   1.12928140000000        10.3401606628686        11.4165857637285     
   1.14288720000000        10.1442612306670        11.1142614307179     
   1.15649300000000        9.95293212617071        10.8245054632575     
   1.17009880000000        9.76609477798515        10.5466022836891     
   1.18370460000000        9.58366724890389        10.2798619485255     
   1.19731040000000        9.40556710691707        10.0236267257570     
   1.21091620000000        9.23171079709402        9.77727511507171     
   1.22452200000000        9.06201107009375        9.54022276785233     
   1.23812780000000        8.89637396032622        9.31192034918893     
   1.25173360000000        8.73469655835497        9.09184884879368     
   1.26533940000000        8.57686647120790        8.87951315354618     
   1.27894520000000        8.42276348587837        8.67443484657586     
   1.29255100000000        8.27226359476493        8.47614522743310     
   1.30615680000000        8.12524522783744        8.28417949123562     
   1.31976260000000        7.98159726582012        8.09807288775247     
   1.33336840000000        7.84122817637123        7.91735951461104     
   1.34697420000000        7.70407542150875        7.74157418049374     
   1.36058000000000        7.57011414178115        7.57025749936665     
   1.37418580000000        7.43936405521686        7.40296404735807     
   1.38779160000000        7.31189354729900        7.23927304702738     
   1.40139740000000        7.18782009859368        7.07880067604998     
   1.41500320000000        7.06730650979614        6.92121278323387     
   1.42860900000000        6.95055282366068        6.76623659788470     
   1.44221480000000        6.83778436084244        6.61366999674644     
   1.45582060000000        6.72923680401362        6.46338708008066     
   1.46942640000000        6.62513968806496        6.31533919930515     
   1.48303220000000        6.52569989703464        6.16955112101367     
   1.49663800000000        6.43108677559831        6.02611261488229     
   1.51024380000000        6.34142022925610        5.88516630633262     
   1.52384960000000        6.25676276081848        5.74689303956204     
   1.53745540000000        6.17711585953376        5.61149618972097     
   1.55106120000000        6.10242062619277        5.47918633201193     
   1.56466700000000        6.03256207322299        5.35016745561170     
   1.57827280000000        5.96737624111435        5.22462556887018     
   1.59187860000000        5.90665913985146        5.10272015658733     
   1.60548440000000        5.85017654017721        4.98457858820084     
   1.61909020000000        5.79767376631377        4.87029328389334     
   1.63269600000000        5.74888483321054        4.75992124585960     
   1.64630180000000        5.70354048494391        4.65348545523976     
   1.65990760000000        5.66137489396510        4.55097760854337     
   1.67351340000000        5.62213095265047        4.45236170102836     
   1.68711920000000        5.58556421873624        4.35757803747947     
   1.70072500000000        5.55144566224336        4.26654734414772     
   1.71433080000000        5.51956340622668        4.17917475354096     
   1.72793660000000        5.48972366329836        4.09535352407529     
   1.74154240000000        5.46175105275859        4.01496843054719     
   1.75514820000000        5.43548844907208        3.93789881371147     
   1.76875400000000        5.41079647155153        3.86402130641173     
   1.78235980000000        5.38755268691524        3.79321226191696     
   1.79596560000000        5.36565056821021        3.72534990289323     
   1.80957140000000        5.34499823939403        3.66031619451326     
   1.82317720000000        5.32551703452756        3.59799843077807     
   1.83678300000000        5.30713991007691        3.53829051585120     
   1.85038880000000        5.28980976173866        3.48109392545302     
   1.86399460000000        5.27347770654558        3.42631834636744     
   1.87760040000000        5.25810139175609        3.37388201046984     
   1.89120620000000        5.24364338274313        3.32371175711600     
   1.90481200000000        5.23006966527035        3.27574286852133     
   1.91841780000000        5.21734827840543        3.22991872391339     
   1.93202360000000        5.20544807863568        3.18619031044329     
   1.94562940000000        5.19433762754112        3.14451561589405     
   1.95923520000000        5.18398419555278        3.10485891523791     
   1.97284100000000        5.17435288073218        3.06718995435427     
   1.98644680000000        5.16540585027687        3.03148303164204     
   2.00005260000000        5.15710171983669        2.99771598108294     
   2.01365840000000        5.14939508962704        2.96586906597302     
   2.02726420000000        5.14223625684654        2.93592379820899     
   2.04087000000000        5.13557112283711        2.90786170198650     
   2.05447580000000        5.12934131305994        2.88166304316079     
   2.06808160000000        5.12348452985363        2.85730554811822     
   2.08168740000000        5.11793516206717        2.83476314147155     
   2.09529320000000        5.11262518015549        2.81400474270835     
   2.10889900000000        5.10748534676697        2.79499317946852     
   2.12250480000000        5.10244676686109        2.77768429894034     
   2.13611060000000        5.09744278346988        2.76202638620143     
   2.14971640000000        5.09241119172810        2.74796002395540     
   2.16332220000000        5.08729669320713        2.73541854443564     
   2.17692800000000        5.08205344681406        2.72432922199891     
   2.19053380000000        5.07664749824533        2.71461532466531     
   2.20413960000000        5.07105879934823        2.70619907740737     
   2.21774540000000        5.06528247869387        2.69900548765895     
   2.23135120000000        5.05932901433991        2.69296685124993     
   2.24495700000000        5.05322300570453        2.68802761212553     
   2.25856280000000        5.04700035157545        2.68414911839911     
   2.27216860000000        5.04070380936256        2.68131373145024     
   2.28577440000000        5.03437711434316        2.67952773093270     
   2.29938020000000        5.02805804123898        2.67882253063616     
   2.31298600000000        5.02177095370125        2.67925387247148     
   2.32659180000000        5.01551947670755        2.68089887249021     
   2.34019760000000        5.00927992628089        2.68385101392513     
   2.35380340000000        5.00299604646883        2.68821337538774     
   2.36740920000000        4.99657546135473        2.69409051506791     
   2.38101500000000        4.98988808755407        2.70157949017271     
   2.39462080000000        4.98276660742774        2.71076048199889     
   2.40822660000000        4.97500900167770        2.72168744489968     
   2.42183240000000        4.96638309175157        2.73437913441772     
   2.43543820000000        4.95663303938458        2.74881082750433     
   2.44904400000000        4.94548776983767        2.76490704862779     
   2.46264980000000        4.93267129530340        2.78253566818758     
   2.47625560000000        4.91791488172642        2.80150383594244     
   2.48986140000000        4.90097089682213        2.82155632727777     
   2.50346720000000        4.88162798200308        2.84237697414046     
   2.51707300000000        4.85972690789396        2.86359387449804     
   2.53067880000000        4.83517612966553        2.88478897032665     
   2.54428460000000        4.80796571220949        2.90551231008269     
   2.55789040000000        4.77817803199961        2.92530084966226     
   2.57149620000000        4.74599358393334        2.94370102294855     
   2.58510200000000        4.71169042034767        2.96029361297390     
   2.59870780000000        4.67563627599423        2.97471881552314     
   2.61231360000000        4.63827326158260        2.98669897669048     
   2.62591940000000        4.60009602105897        2.99605645690707     
   2.63952520000000        4.56162524511362        3.00272450806289     
   2.65313100000000        4.52337918303385        3.00674991527812     
   2.66673680000000        4.48584610083590        3.00828729466574     
   2.68034260000000        4.44946040319736        3.00758610825600     
   2.69394840000000        4.41458441761009        3.00497239403845     
   2.70755420000000        4.38149680735865        3.00082771144096     
   2.72116000000000        4.35038748468192        2.99556778918466     
   2.73476580000000        4.32135798323225        2.98962288791658     
   2.74837160000000        4.29442569519678        2.98342111661381     
   2.76197740000000        4.26953024950211        2.97737508250427     
   2.77558320000000        4.24654055941953        2.97187151006925     
   2.78918900000000        4.22526157595502        2.96726297550569     
   2.80279480000000        4.20544038816528        2.96386072424685     
   2.81640060000000        4.18677186505414        2.96192764515938     
   2.83000640000000        4.16890443341658        2.96167078376864     
   2.84361220000000        4.15144678869479        2.96323318448177     
   2.85721800000000        4.13397635128913        2.96668526539189     
   2.87082380000000        4.11605015056892        2.97201628759765     
   2.88442960000000        4.09721859143266        2.97912675859264     
   2.89803540000000        4.07704226868616        2.98782280598422     
   2.91164120000000        4.05511165626536        2.99781368021610     
   2.92524700000000        4.03106910867576        3.00871358842248     
   2.93885280000000        4.00463216743041        3.02004899960464     
   2.95245860000000        3.97561668134450        3.03127234734278     
   2.96606440000000        3.94395777808456        3.04178263818129     
   2.97967020000000        3.90972636004572        3.05095281991278     
   2.99327600000000        3.87313866770630        3.05816289313783     
   3.00688180000000        3.83455668754878        3.06283675540459     
   3.02048760000000        3.79447786429094        3.06447982311866     
   3.03409340000000        3.75351369877287        3.06271380888210     
   3.04769920000000        3.71235823696218        3.05730486271810     
   3.06130500000000        3.67174892646604        3.04818175504157     
   3.07491080000000        3.63242351600118        3.03544187978647     
   3.08851660000000        3.59507731164612        3.01934440888699     
   3.10212240000000        3.56032501808138        3.00029162137857     
   3.11572820000000        3.52867060350573        2.97880090482292     
   3.12933400000000        3.50048733074998        2.95547089096907     
   3.14293980000000        3.47600860116010        2.93094549583516     
   3.15654560000000        3.45532888006410        2.90587931427085     
   3.17015140000000        3.43841295336082        2.88090703822042     
   3.18375720000000        3.42511121781232        2.85661856375998     
   3.19736300000000        3.41517861971544        2.83354045614142     
   3.21096880000000        3.40829512262726        2.81212362582312     
   3.22457460000000        3.40408605734848        2.79273651981209     
   3.23818040000000        3.40214124170747        2.77566286138078     
   3.25178620000000        3.40203224140903        2.76110293067059     
   3.26539200000000        3.40332750887320        2.74917749244633     
   3.27899780000000        3.40560536163721        2.73993366292442     
   3.29260360000000        3.40846485870420        2.73335219402457     
   3.30620940000000        3.41153463969992        2.72935579118209     
   3.31981520000000        3.41447975703143        2.72781814712824     
   3.33342100000000        3.41700650399028        2.72857337264286     
   3.34702680000000        3.41886525855217        2.73142546267847     
   3.36063260000000        3.41985143919396        2.73615739312103     
   3.37423840000000        3.41980479543003        2.74253944234264     
   3.38784420000000        3.41860739834716        2.75033640298258     
   3.40145000000000        3.41618080757152        2.75931349929020     
   3.41505580000000        3.41248292484838        2.76924103076355     
   3.42866160000000        3.40750497330980        2.77989797579272     
   3.44226740000000        3.40126886870048        2.79107495066335     
   3.45587320000000        3.39382501051175        2.80257697856948     
   3.46947900000000        3.38525027777167        2.81422645461402     
   3.48308480000000        3.37564583425058        2.82586650622414     
   3.49669060000000        3.36513428642730        2.83736468952462     
   3.51029640000000        3.35385581985091        2.84861670111186     
   3.52390220000000        3.34196315064116        2.85954959723421     
   3.53750800000000        3.32961541506954        2.87012395821092     
   3.55111380000000        3.31697140181065        2.88033453904591     
   3.56471960000000        3.30418272530968        2.89020918582393     
   3.57832540000000        3.29138758363532        2.89980610738183     
   3.59193120000000        3.27870562185505        2.90920988386493     
   3.60553700000000        3.26623416471680        2.91852678121910     
   3.61914280000000        3.25404576474335        2.92787996605380     
   3.63274860000000        3.24218672821853        2.93740506898752     
   3.64635440000000        3.23067611827681        2.94724626790718     
   3.65996020000000        3.21950474443548        2.95755273609587     
   3.67356600000000        3.20863383604965        2.96847502116650     
   3.68717180000000        3.19799341771025        2.98016077653693     
   3.70077760000000        3.18748077319086        2.99274931135853     
   3.71438340000000        3.17695969997901        3.00636466200026     
   3.72798920000000        3.16626142744654        3.02110727197799     
   3.74159500000000        3.15518804124011        3.03704481207975     
   3.75520080000000        3.14351901603026        3.05420307640254     
   3.76880660000000        3.13102104885411        3.07255816090686     
   3.78241240000000        3.11746088258033        3.09203120809000     
   3.79601820000000        3.10262030561357        3.11248686599099     
   3.80962400000000        3.08631209595416        3.13373628485141     
   3.82322980000000        3.06839540897540        3.15554501433922     
   3.83683560000000        3.04878902192326        3.17764563839005     
   3.85044140000000        3.02748094629960        3.19975446430455     
   3.86404720000000        3.00453317933460        3.22159112714523     
   3.87765300000000        2.98008075083681        3.24289962099640     
   3.89125880000000        2.95432469170090        3.26346904905547     
   3.90486460000000        2.92751906842025        3.28315230767480     
   3.91847040000000        2.89995275928720        3.30188099516326     
   3.93207620000000        2.87192715193578        3.31967507316564     
   3.94568200000000        2.84373136477775        3.33664620642880     
   3.95928780000000        2.81561687270111        3.35299424111119     
   3.97289360000000        2.78777349304171        3.36899689208054     
   3.98649940000000        2.76030853670887        3.38499330372771     
   4.00010520000000        2.73323057889790        3.40136262628892     
   4.01371100000000        2.70643883327155        3.41849903603543     
   4.02731680000000        2.67971863021380        3.43678470238547     
   4.04092260000000        2.65274310233993        3.45656210842100     
   4.05452840000000        2.62508092554538        3.47810694756266     
   4.06813420000000        2.59620985113138        3.50160264350389     
   4.08174000000000        2.56553574334387        3.52711744654246     
   4.09534580000000        2.53241682818896        3.55458507846355     
   4.10895160000000        2.49619278270406        3.58379001447719     
   4.12255740000000        2.45621808703311        3.61435864948549     
   4.13616320000000        2.41189869491561        3.64575771620465     
   4.14976900000000        2.36273056117840        3.67730131140662     
   4.16337480000000        2.30833795101400        3.70816765324725     
   4.17698060000000        2.24850884472660        3.73742616693469     
   4.19058640000000        2.18322428447594        3.76407465064402     
   4.20419220000000        2.11267835213777        3.78708515029305     
   4.21779800000000        2.03728577498571        3.80545590065734     
   4.23140380000000        1.95767502270176        3.81826548955944     
   4.24500960000000        1.87466616543210        3.82472454579877     
   4.25861540000000        1.78923454096156        3.82422000427925     
   4.27222120000000        1.70246312403616        3.81634753143825     
   4.28582700000000        1.61548802167432        3.80092899638831     
   4.29943280000000        1.52944238480535        3.77801374135291     
   4.31303860000000        1.44540402248147        3.74786446810612     
   4.32664440000000        1.36435114245307        3.71093038291306     
   4.34025020000000        1.28712915273082        3.66781146856855     
   4.35385600000000        1.21442971713695        3.61921819412954     
   4.36746180000000        1.14678165699758        3.56593066588970     
   4.38106760000000        1.08455212376639        3.50876038391352     
   4.39467340000000        1.02795585593243        3.44851670111723     
   4.40827920000000       0.977070229526330        3.38597906994700     
   4.42188500000000       0.931854051809636        3.32187538937302     
   4.43549080000000       0.892168435488846        3.25686629018261     
   4.44909660000000       0.857798465662403        3.19153497320961     
   4.46270240000000       0.828474647118687        3.12638214278879     
   4.47630820000000       0.803893283693278        3.06182555386534     
   4.48991400000000       0.783735032607782        2.99820364639323     
   4.50351980000000       0.767680951102748        2.93578265019917     
   4.51712560000000       0.755425457255135        2.87476641971228     
   4.53073140000000       0.746685785969988        2.81530813325637     
   4.54433720000000       0.741207735265410        2.75752290161992     
   4.55794300000000       0.738767750088480        2.70150030332709     
   4.57154880000000       0.739171654364753        2.64731591536912     
   4.58515460000000       0.742250586630745        2.59504104181824     
   4.59876040000000       0.747854890521805        2.54475005099665     
   4.61236620000000       0.755846832079478        2.49652499586018     
   4.62597200000000       0.766093042363509        2.45045748260504     
   4.63957780000000       0.778457509953651        2.40664803213889     
   4.65318360000000       0.792795784001939        2.36520340949788     
   4.66678940000000       0.808950821603093        2.32623254636506     
   4.68039520000000       0.826750661802217        2.28984173572549     
   4.69400100000000       0.846007872983760        2.25612973874451     
   4.70760680000000       0.866520533182335        2.22518333261915     
   4.72121260000000       0.888074381795746        2.19707367479992     
   4.73481840000000       0.910445727837273        2.17185369474793     
   4.74842420000000       0.933404703236799        2.14955657352580     
   4.76203000000000       0.956718492768458        2.13019524755043     
   4.77563580000000       0.980154238534980        2.11376277914840     
   4.78924160000000        1.00348139515228        2.10023337012773     
   4.80284740000000        1.02647339648680        2.08956375083348     
   4.81645320000000        1.04890858478940        2.08169465380289     
   4.83005900000000        1.07057044777860        2.07655207967214     
   4.84366480000000        1.09124730545044        2.07404808750778     
   4.85727060000000        1.11073167877284        2.07408089597704     
   4.87087640000000        1.12881964635531        2.07653416592883     
   4.88448220000000        1.14531054164900        2.08127544397779     
   4.89808800000000        1.16000735399413        2.08815387089933     
   4.91169380000000        1.17271816826764        2.09699738634569     
   4.92529960000000        1.18325891042042        2.10760978172171     
   4.93890540000000        1.19145756188817        2.11976805727555     
   4.95251120000000        1.19715986598127        2.13322061958383     
   4.96611700000000        1.20023637423830        2.14768690109485     
   4.97972280000000        1.20059047304507        2.16285897818966     
   4.99332860000000        1.19816680159201        2.17840568698937     
   5.00693440000000        1.19295924670180        2.19397956545029     
   5.02054020000000        1.18501751980786        2.20922667438365     
   5.03414600000000        1.17445123973383        2.22379897827057     
   5.04775180000000        1.16143051469265        2.23736853808439     
   5.06135760000000        1.14618227262355        2.24964235197736     
   5.07496340000000        1.12898202909415        2.26037636456683     
   5.08856920000000        1.11014135823958        2.26938703916688     
   5.10217500000000        1.08999195246001        2.27655900915555     
   5.11578080000000        1.06886770373999        2.28184770359800     
   5.12938660000000        1.04708660188752        2.28527642772610     
   5.14299240000000        1.02493434801522        2.28692807165472     
   5.15659820000000        1.00265140701615        2.28693230001505     
   5.17020400000000       0.980424808913942        2.28544963130644     
   5.18380980000000       0.958385432471590        2.28265417452854     
   5.19741560000000       0.936610854587719        2.27871692099905     
   5.21102140000000       0.915133206822090        2.27379139502341     
   5.22462720000000       0.893950910503067        2.26800317188101     
   5.23823300000000       0.873042715906527        2.26144430752987     
   5.25183880000000       0.852382194808070        2.25417313045656     
   5.26544460000000       0.831950771572652        2.24621917449075     
   5.27905040000000       0.811747557044960        2.23759235515439     
   5.29265620000000       0.791794676489408        2.22829490480738     
   5.30626200000000       0.772137419802962        2.21833418484165     
   5.31986780000000       0.752839301887534        2.20773437113176     
   5.33347360000000       0.733972876532353        2.19654520149040     
   5.34707940000000       0.715607759362167        2.18484645533792     
   5.36068520000000       0.697797670525361        2.17274751399193     
   5.37429100000000       0.680568350700991        2.16038208776008     
   5.38789680000000       0.663907953968208        2.14789884924247     
   5.40150260000000       0.647761062965468        2.13544917011194     
   5.41510840000000       0.632026926510449        2.12317337121075     
   5.42871420000000       0.616562006286195        2.11118687985261     
   5.44232000000000       0.601186521172905        2.09956751173716     
   5.45592580000000       0.585694426554033        2.08834484817771     
   5.46953160000000       0.569866140864589        2.07749244359961     
   5.48313740000000       0.553483276725922        2.06692342111058     
   5.49674320000000       0.536344583166789        2.05648989797801     
   5.51034900000000       0.518282209415303        2.04598658926120     
   5.52395480000000       0.499177247841875        2.03515880348751     
   5.53756060000000       0.478973338360771        2.02371480756367     
   5.55116640000000       0.457686993099778        2.01134216678546     
   5.56477220000000       0.435413320541456        1.99772717808664     
   5.57837800000000       0.412326070627841        1.98257598618620     
   5.59198380000000       0.388671416753185        1.96563552350012     
   5.60558960000000       0.364755596233822        1.94671217902017     
   5.61919540000000       0.340927333661701        1.92568618200527     
   5.63280120000000       0.317556708920798        1.90252011615490     
   5.64640700000000       0.295012638525560        1.87726070142100     
   5.66001280000000       0.273641299348234        1.85003385653086     
   5.67361860000000       0.253747607278053        1.82103390818198     
   5.68722440000000       0.235581331449147        1.79050847807159     
   5.70083020000000       0.219328706160334        1.75874094978989     
   5.71443600000000       0.205109650021527        1.72603246648626     
   5.72804180000000       0.192980048257867        1.69268518139082     
   5.74164760000000       0.182938085216314        1.65898806627979     
   5.75525340000000       0.174933361158807        1.62520608047831     
   5.76885920000000       0.168877476438432        1.59157300507342     
   5.78246500000000       0.164654875386660        1.55828781734773     
   5.79607080000000       0.162132959551795        1.52551415385710     
   5.80967660000000       0.161170755546296        1.49338219801265     
   5.82328240000000       0.161625715909991        1.46199222462140     
   5.83688820000000       0.163358511650838        1.43141902650790     
   5.85049400000000       0.166235920466656        1.40171652080335     
   5.86409980000000       0.170132108679341        1.37292196713271     
   5.87770560000000       0.174928735248566        1.34505940732935     
   5.89131140000000       0.180514365048686        1.31814213423988     
   5.90491720000000       0.186783664726652        1.29217419095088     
   5.91852300000000       0.193636775473645        1.26715106667447     
   5.93212880000000       0.200979129545958        1.24305987090312     
   5.94573460000000       0.208721824824179        1.21987932067943     
   5.95934040000000       0.216782520256668        1.19757986476518     
   5.97294620000000       0.225086688787857        1.17612420140161     
   5.98655200000000       0.233568981398319        1.15546833978012     
   6.00015780000000       0.242174425822472        1.13556323074642     
   6.01376360000000       0.250859206724380        1.11635687230162     
   6.02736940000000       0.259590842168069        1.09779670043688     
   6.04097520000000       0.268347668533765        1.07983202048008     
   6.05458100000000       0.277117652720980        1.06241622512591     
   6.06818680000000       0.285896646255560        1.04550858012490     
   6.08179260000000       0.294686264337487        1.02907542627730     
   6.09539840000000       0.303491604730680        1.01309073047816     
   6.10900420000000       0.312319016156192       0.997536001403135     
   6.12261000000000       0.321174090626016       0.982399652248486     
   6.13621580000000       0.330060000964164       0.967675934732984     
   6.14982160000000       0.338976247107632       0.953363583037183     
   6.16342740000000       0.347917824604749       0.939464297262647     
   6.17703320000000       0.356874794193909       0.925981171515477     
   6.19063900000000       0.365832215511408       0.912917142197540     
   6.20424480000000       0.374770408475081       0.900273507445243     
   6.21785060000000       0.383665515814646       0.888048555770989     
   6.23145640000000       0.392490350345376       0.876236342706469     
   6.24506220000000       0.401215512485299       0.864825664959723     
   6.25866800000000       0.409810752595379       0.853799294470910     
   6.27227380000000       0.418246529914182       0.843133540797019     
   6.28587960000000       0.426495691285619       0.832798202769505     
   6.29948540000000       0.434535167499529       0.822756947537854     
   6.31309120000000       0.442347571237840       0.812968120710193     
   6.32669700000000       0.449922582935093       0.803385953216983     
   6.34030280000000       0.457258028491322       0.793962097686291     
   6.35390860000000       0.464360579987249       0.784647406060738     
   6.36751440000000       0.471246039233031       0.775393852609096     
   6.38112020000000       0.477939187136714       0.766156508893712     
   6.39472600000000       0.484473196627233       0.756895482865140     
   6.40833180000000       0.490888615588897       0.747577736411132     
   6.42193760000000       0.497231935299854       0.738178691277821     
   6.43554340000000       0.503553776288991       0.728683524593402     
   6.44914920000000       0.509906751399775       0.719088049335701     
   6.46275500000000       0.516343103626979       0.709399080997917     
   6.47636080000000       0.522912256509631       0.699634216401203     
   6.48996660000000       0.529658446330807       0.689820995626326     
   6.50357240000000       0.536618617054456       0.679995478032563     
   6.51717820000000       0.543820744027884       0.670200327147228     
   6.53078400000000       0.551282711162380       0.660482553242441     
   6.54438980000000       0.559011805966034       0.650891094948895     
   6.55799560000000       0.567004829769834       0.641474426108028     
   6.57160140000000       0.575248760140260       0.632278352194860     
   6.58520720000000       0.583721859331280       0.623344119266810     
   6.59881300000000       0.592395101850244       0.614706908207177     
   6.61241880000000       0.601233795124904       0.606394738859874     
   6.62602460000000       0.610199284673789       0.598427770748468     
   6.63963040000000       0.619250661593546       0.590817963772619     
   6.65323620000000       0.628346417922313       0.583569053984716     
   6.66684200000000       0.637446018239721       0.576676803600591     
   6.68044780000000       0.646511369619096       0.570129496198995     
   6.69405360000000       0.655508175062440       0.563908662165441     
   6.70765940000000       0.664407148486197       0.557990030391630     
   6.72126520000000       0.673185055041625       0.552344705356759     
   6.73487100000000       0.681825523815460       0.546940560813422     
   6.74847680000000       0.690319566878485       0.541743821543575     
   6.76208260000000       0.698665735652680       0.536720775265996     
   6.77568840000000       0.706869857819315       0.531839523301001     
   6.78929420000000       0.714944327591529       0.527071649221048     
   6.80290000000000       0.722906966708273       0.522393668509597     
   6.81650580000000       0.730779525716878       0.517788126530383     
   6.83011160000000       0.738585944256744       0.513244239754085     
   6.84371740000000       0.746350523797082       0.508758023050900     
   6.85732320000000       0.754096178188073       0.504331905149038     
   6.87092900000000       0.761842913668629       0.499973893103347     
   6.88453480000000       0.769606654278574       0.495696393265912     
   6.89814060000000       0.777398479569894       0.491514823007139     
   6.91174640000000       0.785224289732569       0.487446152023940     
   6.92535220000000       0.793084868206584       0.483507497460771     
   6.93895800000000       0.800976279643095       0.479714869641419     
   6.95256380000000       0.808890523774581       0.476082132362291     
   6.96616960000000       0.816816362055768       0.472620209848256     
   6.97977540000000       0.824740240514892       0.469336545977545     
   6.99338120000000       0.832647245108149       0.466234802378902     
   7.00698700000000       0.840522041282144       0.463314770832211     
   7.02059280000000       0.848349764441519       0.460572471219632     
   7.03419860000000       0.856116840441660       0.458000407563236     
   7.04780440000000       0.863811723684845       0.455587959575739     
   7.06141020000000       0.871425544197914       0.453321893567679     
   7.07501600000000       0.878952654236395       0.451186982330553     
   7.08862180000000       0.886391060321567       0.449166726662935     
   7.10222760000000       0.893742719854081       0.447244169799090     
   7.11583340000000       0.901013675029855       0.445402789156338     
   7.12943920000000       0.908213993701014       0.443627437726787     
   7.14304500000000       0.915357490048625       0.441905291817225     
   7.15665080000000       0.922461209607243       0.440226746027357     
   7.17025660000000       0.929544683651619       0.438586184930821     
   7.18386240000000       0.936628985006664       0.436982558675234     
   7.19746820000000       0.943735646085732       0.435419700097437     
   7.21107400000000       0.950885523767756       0.433906344501858     
   7.22467980000000       0.958097708106711       0.432455846771244     
   7.23828560000000       0.965388568709471       0.431085627505298     
   7.25189140000000       0.972771013757863       0.429816412507084     
   7.26549720000000       0.980254006066488       0.428671351288220     
   7.27910300000000       0.987842345049704       0.427675106594516     
   7.29270880000000       0.995536690389030       0.426852998493447     
   7.30631460000000        1.00333377833759       0.426230266929732     
   7.31992040000000        1.01122676790564       0.425831491265960     
   7.33352620000000        1.01920565159751       0.425680179613220     
   7.34713200000000        1.02725767168029       0.425798518832322     
   7.36073780000000        1.03536769489644       0.426207260168402     
   7.37434360000000        1.04351851285715       0.426925706020173     
   7.38794940000000        1.05169104954548       0.427971759545379     
   7.40155520000000        1.05986446984483       0.429361999252264     
   7.41516100000000        1.06801619310208       0.431111743901558     
   7.42876680000000        1.07612182341320       0.433235077640040     
   7.44237260000000        1.08415501397037       0.435744810362265     
   7.45597840000000        1.09208728702267       0.438652353305140     
   7.46958420000000        1.09988783440332       0.441967494643531     
   7.48319000000000        1.10752332671507       0.445698064523780     
   7.49679580000000        1.11495776250761       0.449849483967305     
   7.51040160000000        1.12215239221626       0.454424198020210     
   7.52400740000000        1.12906575498038       0.459421001137225     
   7.53761320000000        1.13565386899958       0.464834272739090     
   7.55121900000000        1.14187061661572       0.470653153590858     
   7.56482480000000        1.14766836219387       0.476860709026218     
   7.57843060000000        1.15299883220680       0.483433142204405     
   7.59203640000000        1.15781427086565       0.490339137574577     
   7.60564220000000        1.16206885996559       0.497539428355538     
   7.61924800000000        1.16572035847168       0.504986687831601     
   7.63285380000000        1.16873187806814       0.512625837800729     
   7.64645960000000        1.17107367048218       0.520394844375273     
   7.66006540000000        1.17272476861007       0.528226029546487     
   7.67367120000000        1.17367430565146       0.536047868471288     
   7.68727700000000        1.17392234325751       0.543787174425273     
   7.70088280000000        1.17348007602122       0.551371507687022     
   7.71448860000000        1.17236934380206       0.558731595623647     
   7.72809440000000        1.17062146594710       0.565803531617875     
   7.74170020000000        1.16827549694970       0.572530536670679     
   7.75530600000000        1.16537607441119       0.578864116854311     
   7.76891180000000        1.16197107447621       0.584764520985437     
   7.78251760000000        1.15810930287778       0.590200480254314     
   7.79612340000000        1.15383843619895       0.595148281197956     
   7.80972920000000        1.14920339831744       0.599590278336318     
   7.82333500000000        1.14424532114328       0.603512994191518     
   7.83694080000000        1.13900120086100       0.606904988573406     
   7.85054660000000        1.13350431776022       0.609754711569607     
   7.86415240000000        1.12778543155326       0.612048585270769     
   7.87775820000000        1.12187468803010       0.613769579389541     
   7.89136400000000        1.11580407710014       0.614896541003152     
   7.90496980000000        1.10961017726737       0.615404493471973     
   7.91857560000000        1.10333682798696       0.615266025269194     
   7.93218140000000        1.09703731530606       0.614453749308448     
   7.94578720000000        1.09077566177660       0.612943645569785     
   7.95939300000000        1.08462669224448       0.610718935445402     
   7.97299880000000        1.07867469876363       0.607774012162801     
   7.98660460000000        1.07301072719274       0.604117900283076     
   8.00021040000000        1.06772871672215       0.599776756031598     
   8.01381620000000        1.06292089851541       0.594795045061469     
   8.02742200000000        1.05867296517351       0.589235220072082     
   8.04102780000000        1.05505954058135       0.583175928700850     
   8.05463360000000        1.05214041287421       0.576708971176413     
   8.06823940000000        1.04995786290880       0.569935364922765     
   8.08184520000000        1.04853525804511       0.562960942572363     
   8.09545100000000        1.04787691847711       0.555891910118744     
   8.10905680000000        1.04796912666054       0.548830735707480     
   8.12266260000000        1.04878205524217       0.541872646697897     
   8.13626840000000        1.05027234029631       0.535102904655607     
   8.14987420000000        1.05238602081693       0.528594923661801     
   8.16348000000000        1.05506159271032       0.522409210268738     
   8.17708580000000        1.05823297380047       0.516593040995425     
   8.19069160000000        1.06183223350079       0.511180757242884     
   8.20429740000000        1.06579199664298       0.506194545422605     
   8.21790320000000        1.07004747812010       0.501645576717288     
   8.23150900000000        1.07453813912764       0.497535399685001     
   8.24511480000000        1.07920897527786       0.493857503037911     
   8.25872060000000        1.08401145258811       0.490598988963154     
   8.27232640000000        1.08890410234901       0.487742313922787     
   8.28593220000000        1.09385277504475       0.485267060271113     
   8.29953800000000        1.09883054294529       0.483151696966514     
   8.31314380000000        1.10381723702557       0.481375272825800     
   8.32674960000000        1.10879861152190       0.479918965947525     
   8.34035540000000        1.11376515088268       0.478767395231253     
   8.35396120000000        1.11871056727840       0.477909592141500     
   8.36756700000000        1.12363007625061       0.477339539217660     
   8.38117280000000        1.12851857466815       0.477056208761133     
   8.39477860000000        1.13336886962258       0.477063078093378     
   8.40838440000000        1.13817011231170       0.477367149597301     
   8.42199020000000        1.14290657500618       0.477977554593422     
   8.43559600000000        1.14755687483407       0.478903860393810     
   8.44920180000000        1.15209370251120       0.480154223089857     
   8.46280760000000        1.15648406621506       0.481733532845646     
   8.47641340000000        1.16069001850029       0.483641686262687     
   8.49001920000000        1.16466980246754       0.485872097264649     
   8.50362500000000        1.16837933368314       0.488410530157816     
   8.51723080000000        1.17177392501937       0.491234311083793     
   8.53083660000000        1.17481015959290       0.494311949812223     
   8.54444240000000        1.17744781932977       0.497603183403609     
   8.55804820000000        1.17965178141575       0.501059436102809     
   8.57165400000000        1.18139380120117       0.504624675081589     
   8.58525980000000        1.18265410784320       0.508236628998475     
   8.59886560000000        1.18342274776236       0.511828325962869     
   8.61247140000000        1.18370061996996       0.515329899473746     
   8.62607720000000        1.18350015530430       0.518670604521881     
   8.63968300000000        1.18284559804977       0.521780979471224     
   8.65328880000000        1.18177285441027       0.524595080284908     
   8.66689460000000        1.18032888094773       0.527052700834182     
   8.68050040000000        1.17857060153166       0.529101477638987     
   8.69410620000000        1.17656336682265       0.530698763805032     
   8.70771200000000        1.17437900599066       0.531813151770743     
   8.72131780000000        1.17209356206041       0.532425534347013     
   8.73492360000000        1.16978484189614       0.532529622193110     
   8.74852940000000        1.16752993952764       0.532131882191068     
   8.76213520000000        1.16540289867552       0.531250918622380     
   8.77574100000000        1.16347266247601       0.529916376952299     
   8.78934680000000        1.16180141696111       0.528167496238187     
   8.80295260000000        1.16044337735915       0.526051460309545     
   8.81655840000000        1.15944400491461       0.523621694325547     
   8.83016420000000        1.15883959053601       0.520936223326274     
   8.84377000000000        1.15865711185303       0.518056161271986     
   8.85737580000000        1.15891426801912       0.515044346274062     
   8.87098160000000        1.15961961958466       0.511964094917072     
   8.88458740000000        1.16077279915368       0.508878026793530     
   8.89819320000000        1.16236479825727       0.505846913244285     
   8.91179900000000        1.16437836375090       0.502928526972041     
   8.92540480000000        1.16678854550650       0.500176500648696     
   8.93901060000000        1.16956342656503       0.497639230325367     
   8.95261640000000        1.17266504444066       0.495358874228990     
   8.96622220000000        1.17605048829105       0.493370496700416     
   8.97982800000000        1.17967314021807       0.491701394484246     
   8.99343380000000        1.18348402433610       0.490370626298194     
   9.00703960000000        1.18743323290440       0.489388754910158     
   9.02064540000000        1.19147140865328       0.488757809098521     
   9.03425120000000        1.19555126856177       0.488471481204501     
   9.04785700000000        1.19962915026117       0.488515589995881     
   9.06146280000000        1.20366654522241       0.488868850612477     
   9.07506860000000        1.20763155500917       0.489503995285726     
   9.08867440000000        1.21150017453416       0.490389274214510     
   9.10228020000000        1.21525727850538       0.491490333301259     
   9.11588600000000        1.21889717355266       0.492772417069128     
   9.12949180000000        1.22242358641675       0.494202788145770     
   9.14309760000000        1.22584899175083       0.495753199566515     
   9.15670340000000        1.22919324017589       0.497402214373833     
   9.17030920000000        1.23248152162052       0.499137148946883     
   9.18391500000000        1.23574177957869       0.500955429008284     
   9.19752080000000        1.23900176508753       0.502865191680042     
   9.21112660000000        1.24228597151146       0.504885038231729     
   9.22473240000000        1.24561271252578       0.507042929290983     
   9.23833820000000        1.24899159202066       0.509374302507863     
   9.25194400000000        1.25242156941999       0.511919566942415     
   9.26554980000000        1.25588975722364       0.514721177337535     
   9.27915560000000        1.25937101338524       0.517820510031135     
   9.29276140000000        1.26282832323351       0.521254753062796     
   9.30636720000000        1.26621391394354       0.525053994539721     
   9.31997300000000        1.26947101282392       0.529238656889799     
   9.33357880000000        1.27253614635112       0.533817390782441     
   9.34718460000000        1.27534187277011       0.538785517994059     
   9.36079040000000        1.27781983815750       0.544124098734041     
   9.37439620000000        1.27990403623524       0.549799691981048     
   9.38800200000000        1.28153413176466       0.555764869280803     
   9.40160780000000        1.28265867723963       0.561959523692135     
   9.41521360000000        1.28323801983279       0.568312977985588     
   9.42881940000000        1.28324667187553       0.574746836138730     
   9.44242520000000        1.28267491737107       0.581178442986444     
   9.45603100000000        1.28152946091821       0.587524729907668     
   9.46963680000000        1.27983299912292       0.593706147510399     
   9.48324260000000        1.27762270318751       0.599650339588135     
   9.49684840000000        1.27494772928026       0.605295212642471     
   9.51045420000000        1.27186599733985       0.610591109004284     
   9.52406000000000        1.26844057468632       0.615501893502876     
   9.53766580000000        1.26473604943431       0.620004896838997     
   9.55127160000000        1.26081527208257       0.624089800093174     
   9.56487740000000        1.25673678516325       0.627756671157093     
   9.57848320000000        1.25255316255517       0.631013457817430     
   9.59208900000000        1.24831035818758       0.633873293937420     
   9.60569480000000        1.24404803471918       0.636351981819476     
   9.61930060000000        1.23980072083247       0.638465977396331     
   9.63290640000000        1.23559954339487       0.640231130477053     
   9.64651220000000        1.23147420860106       0.641662327431930     
   9.66011800000000        1.22745487332075       0.642774058807582     
   9.67372380000000        1.22357356052442       0.643581803025401     
   9.68732960000000        1.21986483264225       0.644103996054748     
   9.70093540000000        1.21636553942278       0.644364263618778     
   9.71454120000000        1.21311359009424       0.644393543353180     
   9.72814700000000        1.21014584402411       0.644231730252700     
   9.74175280000000        1.20749534573969       0.643928541417781     
   9.75535860000000        1.20518822560354       0.643543405945913     
   9.76896440000000        1.20324062947750       0.643144322679263     
   9.78257020000000        1.20165602359881       0.642805766096895     
   9.79617600000000        1.20042315220200       0.642605833165959     
   9.80978180000000        1.19951482378403       0.642622893109554     
   9.82338760000000        1.19888759133069       0.642932021259843     
   9.83699340000000        1.19848229480241       0.643601473050771     
   9.85059920000000        1.19822536622218       0.644689399249864     
   9.86420500000000        1.19803076481296       0.646240936901904     
   9.87781080000000        1.19780240886038       0.648285748992666     
   9.89141660000000        1.19743699309212       0.650836041631081     
   9.90502240000000        1.19682711312654       0.653885066555031     
   9.91862820000000        1.19586464960257       0.657406119042408     
   9.93223400000000        1.19444438353721       0.661352062116379     
   9.94583980000000        1.19246781395703       0.665655439133979     
   9.95944560000000        1.18984712532007       0.670229268217469     
   9.97305140000000        1.18650920612863       0.674968632344900     
   9.98665720000000        1.18239955622594       0.679753177174905     
   10.0002630000000        1.17748584812370       0.684450595153319     
   10.0138688000000        1.17176084188065       0.688921102831997     
   10.0274746000000        1.16524431246294       0.693022808577466     
   10.0410804000000        1.15798365383913       0.696617729446737     
   10.0546862000000        1.15005289247061       0.699578070111436     
   10.0682920000000        1.14154998078602       0.701792254898468     
   10.0818978000000        1.13259243765045       0.703170142036089     
   10.0955036000000        1.12331162690785       0.703646876199333     
   10.1091094000000        1.11384617108417       0.703184962215380     
   10.1227152000000        1.10433513700882       0.701774354326538     
   10.1363210000000        1.09491166799666       0.699430612402528     
   10.1499268000000        1.08569766273700       0.696191426120802     
   10.1635326000000        1.07679993162181       0.692112000009778     
   10.1771384000000        1.06830803574094       0.687259892722637     
   10.1907442000000        1.06029377951148       0.681709903197177     
   10.2043500000000        1.05281212760619       0.675539507191649     
   10.2179558000000        1.04590317981557       0.668825198121286     
   10.2315616000000        1.03959477643849       0.661639910681898     
   10.2451674000000        1.03390531880312       0.654051537861962     
   10.2587732000000        1.02884645902279       0.646122418405506     
   10.2723790000000        1.02442541611180       0.637909588821200     
   10.2859848000000        1.02064678510836       0.629465564918987     
   10.2995906000000        1.01751379825742       0.620839432994447     
   10.3131964000000        1.01502905849547       0.612078071246746     
   10.3268022000000        1.01319479429248       0.603227366346192     
   10.3404080000000        1.01201269187638       0.594333322136258     
   10.3540138000000        1.01148336232957       0.585442972080580     
   10.3676196000000        1.01160551099456       0.576605010688689     
   10.3812254000000        1.01237490010307       0.567870065195246     
   10.3948312000000        1.01378322668712       0.559290549971471     
   10.4084370000000        1.01581706331736       0.550920087728259     
   10.4220428000000        1.01845701510234       0.542812538418078     
   10.4356486000000        1.02167722480813       0.535020735709921     
   10.4492544000000        1.02544531051647       0.527595076576645     
   10.4628602000000        1.02972275693704       0.520582130339265     
   10.4764660000000        1.03446571642216       0.514023425484190     
   10.4900718000000        1.03962612199670       0.507954539492402     
   10.5036776000000        1.04515298081431       0.502404567732633     
   10.5172834000000        1.05099370519572       0.497395992679224     
   10.5308892000000        1.05709534792140       0.492944923509660     
   10.5444950000000        1.06340563409490       0.489061635014984     
   10.5581008000000        1.06987371795551       0.485751307461579     
   10.5717066000000        1.07645063367823       0.483014857098422     
   10.5853124000000        1.08308944886370       0.480849750139984     
   10.5989182000000        1.08974516294907       0.479250709270647     
   10.6125240000000        1.09637441601312       0.478210247207508     
   10.6261298000000        1.10293508414336       0.477718991295987     
   10.6397356000000        1.10938583613617       0.477765790619472     
   10.6533414000000        1.11568571616033       0.478337617821403     
   10.6669472000000        1.12179380347625       0.479419289502357     
   10.6805530000000        1.12766898890275       0.480993032821609     
   10.6941588000000        1.13326990211265       0.483037925929278     
   10.7077646000000        1.13855502434387       0.485529241524183     
   10.7213704000000        1.14348302456494       0.488437730704137     
   10.7349762000000        1.14801335804949       0.491728900085230     
   10.7485820000000        1.15210715890151       0.495362357040099     
   10.7621878000000        1.15572843824031       0.499291320811828     
   10.7757936000000        1.15884556642280       0.503462414365921     
   10.7893994000000        1.16143297319995       0.507815856134955     
   10.8030052000000        1.16347294957863       0.512286156503990     
   10.8166110000000        1.16495738747969       0.516803387540711     
   10.8302168000000        1.16588925795939       0.521295036037978     
   10.8438226000000        1.16628361631285       0.525688373815574     
   10.8574284000000        1.16616794187687       0.529913195075570     
   10.8710342000000        1.16558167654817       0.533904693037300     
   10.8846400000000        1.16457491638370       0.537606194563931     
   10.8982458000000        1.16320632355140       0.540971458313087     
   10.9118516000000        1.16154044146063       0.543966279101132     
   10.9254574000000        1.15964468974390       0.546569227983936     
   10.9390632000000        1.15758636516726       0.548771480793171     
   10.9526690000000        1.15542996516218       0.550575823567648     
   10.9662748000000        1.15323508152436       0.551995042217810     
   10.9798806000000        1.15105499681512       0.553049978893168     
   10.9934864000000        1.14893598107694       0.553767551749549     
   11.0070922000000        1.14691716313851       0.554178985908721     
   11.0206980000000        1.14503076775695       0.554318405035140     
   11.0343038000000        1.14330248536044       0.554221811187628     
   11.0479096000000        1.14175177815818       0.553926366929398     
   11.0615154000000        1.14039201196786       0.553469816609907     
   11.0751212000000        1.13923041228927       0.552889861360763     
   11.0887270000000        1.13826794579741       0.552223337928732     
   11.1023328000000        1.13749929733231       0.551505133136403     
   11.1159386000000        1.13691313027476       0.550766870305932     
   11.1295444000000        1.13649278133585       0.550035503424878     
   11.1431502000000        1.13621745948795       0.549332023790691     
   11.1567560000000        1.13606391356223       0.548670505617330     
   11.1703618000000        1.13600842907935       0.548057686867073     
   11.1839676000000        1.13602893578306       0.547493206712881     
   11.1975734000000        1.13610697012984       0.546970518397919     
   11.2111792000000        1.13622924890346       0.546478387982854     
   11.2247850000000        1.13638866766127       0.546002798071657     
   11.2383908000000        1.13658462773686       0.545529019191253     
   11.2519966000000        1.13682269834764       0.545043599914987     
   11.2656024000000        1.13711371443096       0.544536059559504     
   11.2792082000000        1.13747247796275       0.544000133934320     
   11.2928140000000        1.13791626023651       0.543434507979649     
   11.3064198000000        1.13846329420903       0.542843050161722     
   11.3200256000000        1.13913140767958       0.542234626484354     
   11.3336314000000        1.13993689327594       0.541622608059787     
   11.3472372000000        1.14089365444934       0.541024194363821     
   11.3608430000000        1.14201261953550       0.540459660044103     
   11.3744488000000        1.14330138495033       0.539951605527862     
   11.3880546000000        1.14476403487557       0.539524260214194     
   11.4016604000000        1.14640108526961       0.539202859206746     
   11.4152662000000        1.14820950951385       0.539013094461056     
   11.4288720000000        1.15018281631905       0.538980629749686     
   11.4424778000000        1.15231116397743       0.539130664795424     
   11.4560836000000        1.15458150664136       0.539487535576774     
   11.4696894000000        1.15697777690810       0.540074343902672     
   11.4832952000000        1.15948111330986       0.540912618945566     
   11.4969010000000        1.16207013957588       0.542022024957743     
   11.5105068000000        1.16472129325046       0.543420139807082     
   11.5241126000000        1.16740918466862       0.545122333739410     
   11.5377184000000        1.17010694660557       0.547141772282794     
   11.5513242000000        1.17278651627174       0.549489548828952     
   11.5649300000000        1.17541878230799       0.552174922356719     
   11.5785358000000        1.17797353657660       0.555205599609371     
   11.5921416000000        1.18041919681006       0.558587967763928     
   11.6057474000000        1.18272230945398       0.562327163185370     
   11.6193532000000        1.18484689515648       0.566426862297653     
   11.6329590000000        1.18675375169499       0.570888705652162     
   11.6465648000000        1.18839986928789       0.575711314100573     
   11.6601706000000        1.18973813193651       0.580888919583571     
   11.6737764000000        1.19071747073047       0.586409702149683     
   11.6873822000000        1.19128360103262       0.592253988560149     
   11.7009880000000        1.19138041936542       0.598392517209790     
   11.7145938000000        1.19095206399804       0.604785003103668     
   11.7281996000000        1.18994556227719       0.611379241831303     
   11.7418054000000        1.18831390387115       0.618110970537754     
   11.7554112000000        1.18601929913871       0.624904654488554     
   11.7690170000000        1.18303631503833       0.631675288205952     
   11.7826228000000        1.17935453999728       0.638331191617676     
   11.7962286000000        1.17498042861734       0.644777651992129     
   11.8098344000000        1.16993802943126       0.650921128213241     
   11.8234402000000        1.16426840845340       0.656673619643722     
   11.8370460000000        1.15802773913732       0.661956734786153     
   11.8506518000000        1.15128421219802       0.666704997348171     
   11.8642576000000        1.14411409264338       0.670868007939333     
   11.8778634000000        1.13659738039524       0.674411229072992     
   11.8914692000000        1.12881358752209       0.677315352881858     
   11.9050750000000        1.12083811818395       0.679574408222139     
   11.9186808000000        1.11273963475423       0.681192929845141     
   11.9322866000000        1.10457863860930       0.682182619781168     
   11.9458924000000        1.09640731791034       0.682558967809261     
   11.9594982000000        1.08827054754606       0.682338266999377     
   11.9731040000000        1.08020779096738       0.681535376121305     
   11.9867098000000        1.07225556242765       0.680162462627714     
   12.0003156000000        1.06445006437665       0.678228826959476     
   12.0139214000000        1.05682961553001       0.675741776510169     
   12.0275272000000        1.04943652478007       0.672708396943089     
   12.0411330000000        1.04231813840031       0.669137967915038     
   12.0547388000000        1.03552688658505       0.665044696585036     
   12.0683446000000        1.02911927286158       0.660450402224714     
   12.0819504000000        1.02315387647489       0.655386784739936     
   12.0955562000000        1.01768856041552       0.649896952460072     
   12.1091620000000        1.01277718072061       0.644035968841172     
   12.1227678000000        1.00846616021844       0.637870295683619     
   12.1363736000000        1.00479130967810       0.631476146826888     
   12.1499794000000        1.00177524636469       0.624936900503696     
   12.1635852000000       0.999425679126213       0.618339828895384     
   12.1771910000000       0.997734714893666       0.611772472321592     
   12.1907968000000       0.996679214928503       0.605319004040210     
   12.2044026000000       0.996222112520843       0.599056901840657     
   12.2180084000000       0.996314514807816       0.593054176208946     
   12.2316142000000       0.996898359104076       0.587367319201153     
   12.2452200000000       0.997909378265160       0.582040050961667     
   12.2588258000000       0.999280142314339       0.577102865383028     
   12.2724316000000        1.00094297352168       0.572573319183096     
   12.2860374000000        1.00283256875178       0.568456969437016     
   12.2996432000000        1.00488819944672       0.564748838745888     
   12.3132490000000        1.00705539420598       0.561435269117122     
   12.3268548000000        1.00928704352225       0.558496011610509     
   12.3404606000000        1.01154390418132       0.555906388810716     
   12.3540664000000        1.01379452411233       0.553639364564052     
   12.3676722000000        1.01601465571382       0.551667365095898     
   12.3812780000000        1.01818627176241       0.549963721511909     
   12.3948838000000        1.02029633536118       0.548503646367603     
   12.4084896000000        1.02233549641020       0.547264712715824     
   12.4220954000000        1.02429688669543       0.546226865388431     
   12.4357012000000        1.02617516287799       0.545372052143338     
   12.4493070000000        1.02796590452050       0.544683608332923     
   12.4629128000000        1.02966541874441       0.544145556998833     
   12.4765186000000        1.03127094117615       0.543741993783083     
   12.4901244000000        1.03278116130776       0.543456712094039     
   12.5037302000000        1.03419694561646       0.543273189292843     
   12.5173360000000        1.03552209022551       0.543175001076342     
   12.5309418000000        1.03676391359276       0.543146662423055     
   12.5445476000000        1.03793350562372       0.543174816487272     
   12.5581534000000        1.03904548729550       0.543249618963104     
   12.5717592000000        1.04011720342628       0.543366109228593     
   12.5853650000000        1.04116736188875       0.543525335389821     
   12.5989708000000        1.04221422901282       0.543735017472814     
   12.6125766000000        1.04327357282067       0.544009591357368     
   12.6261824000000        1.04435659476152       0.544369564678811     
   12.6397882000000        1.04546809648469       0.544840215690420     
   12.6533940000000        1.04660509202693       0.545449755511972     
   12.6669998000000        1.04775600923039       0.546227136242836     
   12.6806056000000        1.04890054476698       0.547199714171020     
   12.6942114000000        1.05001016204442       0.548390970857053     
   12.7078172000000        1.05104916243334       0.549818464536305     
   12.7214230000000        1.05197622228207       0.551492141935662     
   12.7350288000000        1.05274626942513       0.553413096368740     
   12.7486346000000        1.05331256838475       0.555572817950511     
   12.7622404000000        1.05362888800686       0.557952948049365     
   12.7758462000000        1.05365163526915       0.560525522351143     
   12.7894520000000        1.05334185271579       0.563253664305273     
   12.8030578000000        1.05266699362497       0.566092673057324     
   12.8166636000000        1.05160240758251       0.568991437692486     
   12.8302694000000        1.05013248779927       0.571894102946693     
   12.8438752000000        1.04825144808878       0.574741909498728     
   12.8574810000000        1.04596371061833       0.577475132058421     
   12.8710868000000        1.04328389619689       0.580035037651792     
   12.8846926000000        1.04023642022040       0.582365783002933     
   12.8982984000000        1.03685471379676       0.584416165116814     
   12.9119042000000        1.03318011374450       0.586141138202963     
   12.9255100000000        1.02926049536603       0.587503020154745     
   12.9391158000000        1.02514875072456       0.588472338531134     
   12.9527216000000        1.02090123123030       0.589028309239380     
   12.9663274000000        1.01657626594962       0.589158992643112     
   12.9799332000000        1.01223283182738       0.588861216584990     
   12.9935390000000        1.00792939490691       0.588140377157974     
   13.0071448000000        1.00372287868651       0.587010214820560     
   13.0207506000000       0.999667668131377       0.585492615773627     
   13.0343564000000       0.995814543934091       0.583617419423823     
   13.0479622000000       0.992209469452453       0.581422144388586     
   13.0615680000000       0.988892216363444       0.578951501397523     
   13.0751738000000       0.985894896042740       0.576256558090941     
   13.0887796000000       0.983240537462798       0.573393461700500     
   13.1023854000000       0.980941896662652       0.570421700619749     
   13.1159912000000       0.979000684605395       0.567401974647572     
   13.1295970000000       0.977407359353271       0.564393822950451     
   13.1432028000000       0.976141556510130       0.561453209637992     
   13.1568086000000       0.975173147270527       0.558630279799350     
   13.1704144000000       0.974463835216160       0.555967475154105     
   13.1840202000000       0.973969145416450       0.553498147754799     
   13.1976260000000       0.973640629059202       0.551245745912419     
   13.2112318000000       0.973428103243949       0.549223581415230     
   13.2248376000000       0.973281763680399       0.547435130228849     
   13.2384434000000       0.973154041455814       0.545874775097001     
   13.2520492000000       0.973001118103913       0.544528869895816     
   13.2656550000000       0.972784061286305       0.543376993329679     
   13.2792608000000       0.972469591809226       0.542393264608324     
   13.2928666000000       0.972030535543656       0.541547616420185     
   13.3064724000000       0.971446043921487       0.540806958746644     
   13.3200782000000       0.970701677181249       0.540136214944200     
   13.3336840000000       0.969789431515463       0.539499259334356     
   13.3472898000000       0.968707756092122       0.538859821675344     
   13.3608956000000       0.967461555989134       0.538182438081045     
   13.3745014000000       0.966062124533884       0.537433514488808     
   13.3881072000000       0.964526907399491       0.536582528476559     
   13.4017130000000       0.962878983588376       0.535603335677520     
   13.4153188000000       0.961146163125994       0.534475481291607     
   13.4289246000000       0.959359649161143       0.533185361355240     
   13.4425304000000       0.957552286611462       0.531727048422733     
   13.4561362000000       0.955756506303023       0.530102604010277     
   13.4697420000000       0.954002153252199       0.528321749596634     
   13.4833478000000       0.952314440030102       0.526400852891906     
   13.4969536000000       0.950712275637375       0.524361290187851     
   13.5105594000000       0.949207181530626       0.522227346254140     
   13.5241652000000       0.947802926082497       0.520023887628932     
   13.5377710000000       0.946495904066180       0.517774076772499     
   13.5513768000000       0.945276181589380       0.515497377684880     
   13.5649826000000       0.944129041399591       0.513208044285251     
   13.5785884000000       0.943036814477026       0.510914196554982     
   13.5921942000000       0.941980777522611       0.508617496398221     
   13.6058000000000       0.940942928308953       0.506313355146652     
