 #Independent Particle T
 #Numkpts,nspin=          16           1
 #spin=           1
 #Number of BSE conduction states=          10
 #Number of BSE valence          states=          10
 #Total number of val/cond states=          11          11
 #Gaussian broadening= F
 #If not Gaussian broadening then Lorentzian
 #Broadenings=  2.000000000000000E-002  2.000000000000000E-002
 #LDA energies used as N.L. potential correction in BSE program and NOT lmf F
 #direction of q-vector=
 #  0.000000000000000E+000  0.000000000000000E+000   1.00000000000000     
 #Energy(eV),Real(eps),Imag(eps)
  0.000000000000000E+000   50.9019620616503        47.9100453322602     
  1.360580000000000E-002   50.8359204016765        47.9626376729419     
  2.721160000000000E-002   50.6370815209769        48.1192676588397     
  4.081740000000000E-002   50.3033531346460        48.3764714375936     
  5.442320000000000E-002   49.8314139932473        48.7284040415375     
  6.802900000000001E-002   49.2169663115003        49.1667453942908     
  8.163480000000001E-002   48.4550945726335        49.6805965116341     
  9.524060000000001E-002   47.5407320060376        50.2563936872759     
  0.108846400000000        46.4692307181751        50.8778755939666     
  0.122452200000000        45.2370223784530        51.5261434695559     
  0.136058000000000        43.8423435873030        52.1798562786033     
  0.149663800000000        42.2859845344835        52.8155990517918     
  0.163269600000000        40.5720033785193        53.4084517801274     
  0.176875400000000        38.7083351907801        53.9327673710767     
  0.190481200000000        36.7072173479627        54.3631409178819     
  0.204087000000000        34.5853568928129        54.6755216888247     
  0.217692800000000        32.3637822575359        54.8483888010875     
  0.231298600000000        30.0673518733242        54.8638879461139     
  0.244904400000000        27.7239321612812        54.7088161216217     
  0.258510200000000        25.3633005954892        54.3753483687759     
  0.272116000000000        23.0158675472174        53.8614255407436     
  0.285721800000000        20.7113355543210        53.1707613242997     
  0.299327600000000        18.4774214086385        52.3124727705366     
  0.312933400000000        16.3387541500227        51.3003826448317     
  0.326539200000000        14.3160340991695        50.1520760971546     
  0.340145000000000        12.4255008482439        48.8878134589276     
  0.353750800000000        10.6787190870343        47.5294040604869     
  0.367356600000000        9.08265684378941        46.0991348675805     
  0.380962400000000        7.64000561134985        44.6188267356691     
  0.394568200000000        6.34967778558971        43.1090653092351     
  0.408174000000000        5.20741342079261        41.5886278102174     
  0.421779800000000        4.20643342843304        40.0741047455691     
  0.435385600000000        3.33808712927213        38.5796989877560     
  0.448991400000000        2.59245556702765        37.1171743710753     
  0.462597200000000        1.95888571722733        35.6959214151820     
  0.476203000000000        1.42644291335664        34.3231078671640     
  0.489808800000000       0.984278466487835        33.0038850027427     
  0.503414600000000       0.621916236015868        31.7416256383582     
  0.517020400000000       0.329465963326200        30.5381753947772     
  0.530626200000000       9.777295458694002E-002   29.3941040396816     
  0.544232000000000      -8.148620887443569E-002   28.3089481555833     
  0.557837800000000      -0.215753207442231        27.2814396494111     
  0.571443600000000      -0.311575443933445        26.3097167029837     
  0.585049400000000      -0.374625455422546        25.3915148178956     
  0.598655200000000      -0.409747248068739        24.5243359383236     
  0.612261000000000      -0.421024891270477        23.7055936269470     
  0.625866800000000      -0.411868512810381        22.9327323116911     
  0.639472600000000      -0.385112279458689        22.2033190212417     
  0.653078400000000      -0.343118339238503        21.5151069382941     
  0.666684200000000      -0.287880376792005        20.8660714863186     
  0.680290000000000      -0.221120651514422        20.2544213234913     
  0.693895800000000      -0.144375260413448        19.6785882389865     
  0.707501600000000      -5.906383179272257E-002   19.1372012159196     
  0.721107400000000       3.345829480213736E-002   18.6290506048085     
  0.734713200000000       0.131865395893542        18.1530483377003     
  0.748319000000000       0.234842420913479        17.7081894429623     
  0.761924800000000       0.341078626543938        17.2935189385578     
  0.775530600000000       0.449269782746465        16.9081066857044     
  0.789136400000000       0.558124646244466        16.5510311767403     
  0.802742200000000       0.666371625866591        16.2213716852979     
  0.816348000000000       0.772762256316252        15.9182068644588     
  0.829953800000000       0.876069168845915        15.6406168556154     
  0.843559600000000       0.975077593426496        15.3876853671520     
  0.857165400000000        1.06857090984844        15.1584980766772     
  0.870771200000000        1.15531221186345        14.9521341412352     
  0.884377000000000        1.23402506602633        14.7676485379251     
  0.897982800000000        1.30337745762663        14.6040442937066     
  0.911588600000000        1.36197319977945        14.4602352206303     
  0.925194400000000        1.40835480437101        14.3350013436435     
  0.938800200000000        1.44102102708355        14.2269406030219     
  0.952406000000000        1.45846111126307        14.1344214978006     
  0.966011800000000        1.45920628772668        14.0555420385789     
  0.979617600000000        1.44189743952599        13.9881006664809     
  0.993223400000000        1.40536608522855        13.9295846419675     
   1.00682920000000        1.34872404299586        13.8771807596448     
   1.02043500000000        1.27145542354220        13.8278120258649     
   1.03404080000000        1.17350315353521        13.7782020802922     
   1.04764660000000        1.05534132488855        13.7249666632329     
   1.06125240000000       0.918024611287962        13.6647284833145     
   1.07485820000000       0.763207052385708        13.5942487594928     
   1.08846400000000       0.593124778191002        13.5105659848494     
   1.10206980000000       0.410540579650707        13.4111306307496     
   1.11567560000000       0.218652201041814        13.2939240298581     
   1.12928140000000       2.097020986655918E-002   13.1575507556889     
   1.14288720000000      -0.178825380485240        13.0012963398056     
   1.15649300000000      -0.377038436000387        12.8251457175479     
   1.17009880000000      -0.570108014545716        12.6297617720052     
   1.18370460000000      -0.754746474308056        12.4164271458490     
   1.19731040000000      -0.928055123496538        12.1869556305853     
   1.21091620000000       -1.08761087934378        11.9435816285297     
   1.22452200000000       -1.23152051210091        11.6888372930729     
   1.23812780000000       -1.35844217061998        11.4254269954704     
   1.25173360000000       -1.46757669100256        11.1561078466877     
   1.26533940000000       -1.55863340169056        10.8835833142930     
   1.27894520000000       -1.63177655986708        10.6104147926592     
   1.29255100000000       -1.68755910427740        10.3389536396806     
   1.30615680000000       -1.72685014586020        10.0712940136355     
   1.31976260000000       -1.75076172163990        9.80924509245864     
   1.33336840000000       -1.76057906691783        9.55432008304083     
   1.34697420000000       -1.75769728495351        9.30773885086100     
   1.36058000000000       -1.74356603516135        9.07044093417936     
   1.37418580000000       -1.71964286398981        8.84310600186380     
   1.38779160000000       -1.68735512472684        8.62617930100891     
   1.40139740000000       -1.64807005875721        8.41990016890125     
   1.41500320000000       -1.60307247717181        8.22433214138442     
   1.42860900000000       -1.55354949807808        8.03939351080695     
   1.44221480000000       -1.50058186545805        7.86488735235007     
   1.45582060000000       -1.44514141421293        7.70053006997334     
   1.46942640000000       -1.38809419156384        7.54597746793022     
   1.48303220000000       -1.33020857121832        7.40084730643903     
   1.49663800000000       -1.27216741919168        7.26473732859417     
   1.51024380000000       -1.21458304302999        7.13723790967277     
   1.52384960000000       -1.15801335843057        7.01793880346322     
   1.53745540000000       -1.10297752085561        6.90642992289466     
   1.55106120000000       -1.04996925624745        6.80229663491630     
   1.56466700000000      -0.999466309088048        6.70511059119693     
   1.57827280000000      -0.951934791674192        6.61441757635982     
   1.59187860000000      -0.907827717561506        6.52972417398928     
   1.60548440000000      -0.867577571748155        6.45048519787042     
   1.61909020000000      -0.831583350501277        6.37609381122066     
   1.63269600000000      -0.800193050196530        6.30587607777385     
   1.64630180000000      -0.773683070280085        6.23909137707921     
   1.65990760000000      -0.752236403874433        6.17493968609348     
   1.67351340000000      -0.735921800557974        6.11257618304660     
   1.68711920000000      -0.724676262646565        6.05113296840565     
   1.70072500000000      -0.718293220935639        5.98974693872295     
   1.71433080000000      -0.716418460308656        5.92759204707452     
   1.72793660000000      -0.718555279312084        5.86391344330163     
   1.74154240000000      -0.724079473696981        5.79806045410212     
   1.75514820000000      -0.732263617326467        5.72951518974104     
   1.76875400000000      -0.742308946064775        5.65791385751259     
   1.78235980000000      -0.753382156621026        5.58305863156539     
   1.79596560000000      -0.764653829310348        5.50491906081690     
   1.80957140000000      -0.775335106889939        5.42362327265096     
   1.82317720000000      -0.784709714757235        5.33944038641511     
   1.83678300000000      -0.792159257509773        5.25275636143235     
   1.85038880000000      -0.797180748327101        5.16404585099556     
   1.86399460000000      -0.799396282402367        5.07384253441974     
   1.87760040000000      -0.798555478240409        4.98270998402048     
   1.89120620000000      -0.794531712344746        4.89121457427859     
   1.90481200000000      -0.787313299126730        4.79990141964110     
   1.91841780000000      -0.776990718653215        4.70927393278909     
   1.93202360000000      -0.763740881415818        4.61977734691747     
   1.94562940000000      -0.747809322988333        4.53178640650713     
   1.95923520000000      -0.729491176638026        4.44559734090145     
   1.97284100000000      -0.709111771952303        4.36142414021381     
   1.98644680000000      -0.687007722085725        4.27939902308504     
   2.00005260000000      -0.663509355376140        4.19957681526385     
   2.01365840000000      -0.638925289159681        4.12194276150673     
   2.02726420000000      -0.613529817367719        4.04642309827379     
   2.04087000000000      -0.587553587069127        3.97289755466283     
   2.05447580000000      -0.561177787709546        3.90121285674469     
   2.06808160000000      -0.534531801810934        3.83119630961576     
   2.08168740000000      -0.507694009465455        3.76266862805052     
   2.09529320000000      -0.480695242963106        3.69545536382020     
   2.10889900000000      -0.453524280403422        3.62939649849026     
   2.12250480000000      -0.426134752271909        3.56435398867993     
   2.13611060000000      -0.398452891778972        3.50021722708663     
   2.14971640000000      -0.370385651793207        3.43690649800021     
   2.16332220000000      -0.341828802265271        3.37437456581273     
   2.17692800000000      -0.312674690435406        3.31260656167060     
   2.19053380000000      -0.282819390231193        3.25161835270760     
   2.20413960000000      -0.252169000652052        3.19145360626595     
   2.21774540000000      -0.220644892905907        3.13217979883320     
   2.23135120000000      -0.188187762796761        3.07388345496369     
   2.24495700000000      -0.154760416832115        3.01666492132655     
   2.25856280000000      -0.120349297333257        2.96063297698921     
   2.27216860000000      -8.496482121183435E-002   2.90589955380772     
   2.28577440000000      -4.864066097482178E-002   2.85257479753989     
   2.29938020000000      -1.143213309708768E-002   2.80076264955954     
   2.31298600000000       2.658611956339330E-002   2.75055707665236     
   2.32659180000000       6.532295532631105E-002   2.70203902460172     
   2.34019760000000       0.104673877165925        2.65527412070888     
   2.35380340000000       0.144524311935663        2.61031110239014     
   2.36740920000000       0.184752871768171        2.56718090689418     
   2.38101500000000       0.225234482220641        2.52589632577111     
   2.39462080000000       0.265843307549155        2.48645211156663     
   2.40822660000000       0.306455450868903        2.44882542600016     
   2.42183240000000       0.346951448810037        2.41297653850343     
   2.43543820000000       0.387218609929019        2.37884971847251     
   2.44904400000000       0.427153258308463        2.34637430857417     
   2.46264980000000       0.466662935222436        2.31546601284323     
   2.47625560000000       0.505668581669543        2.28602847380831     
   2.48986140000000       0.544106675170117        2.25795523855453     
   2.50346720000000       0.581931231297780        2.23113221577940     
   2.51707300000000       0.619115513922715        2.20544069759025     
   2.53067880000000       0.655653241999130        2.18076095807359     
   2.54428460000000       0.691559051251596        2.15697634912358     
   2.55789040000000       0.726867981668877        2.13397770469168     
   2.57149620000000       0.761633825862133        2.11166775796768     
   2.58510200000000       0.795926287837720        2.08996519774521     
   2.59870780000000       0.829827051515772        2.06880796500428     
   2.61231360000000       0.863425015688382        2.04815543408613     
   2.62591940000000       0.896811082854545        2.02798923442342     
   2.63952520000000       0.930072962526206        2.00831263024184     
   2.65313100000000       0.963290447240157        1.98914855456299     
   2.66673680000000       0.996531542573143        1.97053655303867     
   2.68034260000000        1.02984970012530        1.95252900164049     
   2.69394840000000        1.06328224546515        1.93518700353997     
   2.70755420000000        1.09684994404267        1.91857634550742     
   2.72116000000000        1.13055753275057        1.90276381808136     
   2.73476580000000        1.16439497681969        1.88781409961884     
   2.74837160000000        1.19833919225816        1.87378729561810     
   2.76197740000000        1.23235599479712        1.86073712993726     
   2.77558320000000        1.26640208407054        1.84870971475584     
   2.78918900000000        1.30042693263874        1.83774278504833     
   2.80279480000000        1.33437451178068        1.82786526917591     
   2.81640060000000        1.36818484150898        1.81909707507079     
   2.83000640000000        1.40179539617530        1.81144899550839     
   2.84361220000000        1.43514242704352        1.80492267062638     
   2.85721800000000        1.46816227846990        1.79951058657336     
   2.87082380000000        1.50079277451000        1.79519613216228     
   2.88442960000000        1.53297473753037        1.79195377709718     
   2.89803540000000        1.56465366942414        1.78974947165777     
   2.91164120000000        1.59578157962026        1.78854139347571     
   2.92524700000000        1.62631888425537        1.78828117578386     
   2.93885280000000        1.65623623267789        1.78891573620977     
   2.95245860000000        1.68551604998936        1.79038977975509     
   2.96606440000000        1.71415353093408        1.79264897149956     
   2.97967020000000        1.74215679722199        1.79564366765800     
   2.99327600000000        1.76954595269220        1.79933297039707     
   3.00688180000000        1.79635084815987        1.80368875352856     
   3.02048760000000        1.82260749875596        1.80869921964245     
   3.03409340000000        1.84835326508394        1.81437152018848     
   3.04769920000000        1.87362108628496        1.82073301471138     
   3.06130500000000        1.89843320193253        1.82783086340136     
   3.07491080000000        1.92279488785346        1.83572981859954     
   3.08851660000000        1.94668873990446        1.84450827112911     
   3.10212240000000        1.97006997149430        1.85425277658939     
   3.11572820000000        1.99286306739971        1.86505140260142     
   3.12933400000000        2.01495999296365        1.87698628482684     
   3.14293980000000        2.03622003025178        1.89012576204896     
   3.15654560000000        2.05647122817037        1.90451640028151     
   3.17015140000000        2.07551342337725        1.92017514337117     
   3.18375720000000        2.09312280789643        1.93708177355256     
   3.19736300000000        2.10905806904534        1.95517185343419     
   3.21096880000000        2.12306818059280        1.97433036316012     
   3.22457460000000        2.13490195081674        1.99438634238804     
   3.23818040000000        2.14431940445665        2.01510898276403     
   3.25178620000000        2.15110496793756        2.03620576690151     
   3.26539200000000        2.15508222696277        2.05732337718278     
   3.27899780000000        2.15612973423737        2.07805215553810     
   3.29260360000000        2.15419698581631        2.09793483338538     
   3.30620940000000        2.14931930695732        2.11648002469026     
   3.31981520000000        2.14163006881360        2.13318056048945     
   3.33342100000000        2.13136849090096        2.14753615301003     
   3.34702680000000        2.11888136563693        2.15907917483735     
   3.36063260000000        2.10461743588086        2.16740163928679     
   3.37423840000000        2.08911386958787        2.17218092542139     
   3.38784420000000        2.07297523100372        2.17320156072874     
   3.40145000000000        2.05684638801500        2.17037056730685     
   3.41505580000000        2.04138171230327        2.16372451587937     
   3.42866160000000        2.02721351836110        2.15342742815834     
   3.44226740000000        2.01492280951073        2.13975983732760     
   3.45587320000000        2.00501502366194        2.12310042517832     
   3.46947900000000        1.99790268787107        2.10390248627128     
   3.48308480000000        1.99389587821243        2.08266788464104     
   3.49669060000000        1.99320035371619        2.05992113523344     
   3.51029640000000        1.99592237787426        2.03618583146197     
   3.52390220000000        2.00207867701996        2.01196499069163     
   3.53750800000000        2.01160974624222        1.98772615993493     
   3.55111380000000        2.02439476264469        1.96389145141118     
   3.56471960000000        2.04026662056857        1.94083215173899     
   3.57832540000000        2.05902596821619        1.91886720670982     
   3.59193120000000        2.08045351487898        1.89826471965862     
   3.60553700000000        2.10432023140755        1.87924558176503     
   3.61914280000000        2.13039534918138        1.86198843222924     
   3.63274860000000        2.15845226317340        1.84663528115349     
   3.64635440000000        2.18827256746137        1.83329728218274     
   3.65996020000000        2.21964851050645        1.82206029035040     
   3.67356600000000        2.25238416983939        1.81298996838523     
   3.68717180000000        2.28629562804030        1.80613630566618     
   3.70077760000000        2.32121039790402        1.80153748770630     
   3.71438340000000        2.35696630471045        1.79922310369048     
   3.72798920000000        2.39340999433386        1.79921670999933     
   3.74159500000000        2.43039520136981        1.80153778391705     
   3.75520080000000        2.46778088320731        1.80620310843681     
   3.76880660000000        2.50542930426803        1.81322762996157     
   3.78241240000000        2.54320413886693        1.82262482852071     
   3.79601820000000        2.58096865031065        1.83440663676565     
   3.80962400000000        2.61858399683266        1.84858294058757     
   3.82322980000000        2.65590771080144        1.86516069121069     
   3.83683560000000        2.69279239571524        1.88414265609851     
   3.85044140000000        2.72908468573432        1.90552583380668     
   3.86404720000000        2.76462451546815        1.92929955604579     
   3.87765300000000        2.79924475456655        1.95544329939481     
   3.89125880000000        2.83277127363934        1.98392423132153     
   3.90486460000000        2.86502352567273        2.01469452409042     
   3.91847040000000        2.89581574885285        2.04768849100316     
   3.93207620000000        2.92495891737119        2.08281963795769     
   3.94568200000000        2.95226357656692        2.11997778353525     
   3.95928780000000        2.97754368351067        2.15902648176131     
   3.97289360000000        3.00062151783802        2.19980107394278     
   3.98649940000000        3.02133361736037        2.24210777951876     
   4.00010520000000        3.03953752567279        2.28572428070829     
   4.01371100000000        3.05511892837010        2.33040222707640     
   4.02731680000000        3.06799853521415        2.37587195398869     
   4.04092260000000        3.07813789152975        2.42184946088905     
   4.05452840000000        3.08554323664482        2.46804534877356     
   4.06813420000000        3.09026662578646        2.51417502460549     
   4.08174000000000        3.09240382051703        2.55996912871227     
   4.09534580000000        3.09208890990375        2.60518292793674     
   4.10895160000000        3.08948617474291        2.64960342585367     
   4.12255740000000        3.08478023329427        2.69305320937341     
   4.13616320000000        3.07816588048464        2.73539055034967     
   4.14976900000000        3.06983915181667        2.77650591784482     
   4.16337480000000        3.05999096649068        2.81631569612028     
   4.17698060000000        3.04880426315334        2.85475440666487     
   4.19058640000000        3.03645493045406        2.89176699696321     
   4.20419220000000        3.02311618008545        2.92730274236012     
   4.21779800000000        3.00896543530107        2.96131203265524     
   4.23140380000000        2.99419240304509        2.99374685236471     
   4.24500960000000        2.97900680627139        3.02456520463522     
   4.25861540000000        2.96364427551023        3.05373916092493     
   4.27222120000000        2.94836910868014        3.08126570935559     
   4.28582700000000        2.93347296893388        3.10717917056510     
   4.29943280000000        2.91926906473583        3.13156368527656     
   4.31303860000000        2.90608190352388        3.15456418447368     
   4.32664440000000        2.89423327444806        3.17639436010106     
   4.34025020000000        2.88402561837852        3.19734047357235     
   4.35385600000000        2.87572429140479        3.21776034443472     
   4.36746180000000        2.86954033997567        3.23807747375744     
   4.38106760000000        2.86561524689136        3.25877085485060     
   4.39467340000000        2.86400871324278        3.28036147737934     
   4.40827920000000        2.86469001483814        3.30339674527425     
   4.42188500000000        2.86753295000690        3.32843397963560     
   4.43549080000000        2.87231400365230        3.35602391727653     
   4.44909660000000        2.87871316208636        3.38669474865225     
   4.46270240000000        2.88631682808586        3.42093688233135     
   4.47630820000000        2.89462245274217        3.45918836639437     
   4.48991400000000        2.90304474020422        3.50182078187422     
   4.50351980000000        2.91092351807221        3.54912544525181     
   4.51712560000000        2.91753354900876        3.60129988348314     
   4.53073140000000        2.92209666458890        3.65843473660386     
   4.54433720000000        2.92379662511415        3.72050146783346     
   4.55794300000000        2.92179704849068        3.78734149813722     
   4.57154880000000        2.91526260254464        3.85865761433631     
   4.58515460000000        2.90338340895727        3.93400870391097     
   4.59876040000000        2.88540225732838        4.01280900900564     
   4.61236620000000        2.86064378450696        4.09433311699625     
   4.62597200000000        2.82854427426866        4.17772776175565     
   4.63957780000000        2.78868024443027        4.26203115820351     
   4.65318360000000        2.74079360625749        4.34620002563376     
   4.66678940000000        2.68481100382160        4.42914371321556     
   4.68039520000000        2.62085504588728        4.50976401384275     
   4.69400100000000        2.54924555839930        4.58699846308213     
   4.70760680000000        2.47048967868976        4.65986429299646     
   4.72121260000000        2.38526049829322        4.72749983826229     
   4.73481840000000        2.29436493274785        4.78920011348945     
   4.74842420000000        2.19870245989875        4.84444348733590     
   4.76203000000000        2.09921726137997        4.89290684208970     
   4.77563580000000        1.99684708690778        4.93446730941174     
   4.78924160000000        1.89247279097905        4.96918961881180     
   4.80284740000000        1.78687288027446        4.99729929010952     
   4.81645320000000        1.68068742927395        5.01914330421608     
   4.83005900000000        1.57439523837399        5.03514137293976     
   4.84366480000000        1.46830704813389        5.04573228450944     
   4.85727060000000        1.36257602362201        5.05132076662561     
   4.87087640000000        1.25722475488714        5.05223064680088     
   4.88448220000000        1.15218595916608        5.04866965725897     
   4.89808800000000        1.04735223995326        5.04071001847043     
   4.91169380000000       0.942628961992940        5.02828706765712     
   4.92529960000000       0.837983774921162        5.01121591599779     
   4.93890540000000       0.733486693486500        4.98922374049832     
   4.95251120000000       0.629335922923011        4.96199320609715     
   4.96611700000000       0.525866660849410        4.92921103041612     
   4.97972280000000       0.423542614818780        4.89061514270281     
   4.99332860000000       0.322932520487173        4.84603440396645     
   5.00693440000000       0.224676043955849        4.79541639138687     
   5.02054020000000       0.129444673703877        4.73884101477488     
   5.03414600000000       3.790330551866961E-002   4.67652024250271     
   5.04775180000000      -4.932277765548476E-002   4.60878641144569     
   5.06135760000000      -0.131672625568513        4.53607300671601     
   5.07496340000000      -0.208665227358805        4.45889217363144     
   5.08856920000000      -0.279907039342614        4.37781261092207     
   5.10217500000000      -0.345093649473966        4.29344019865068     
   5.11578080000000      -0.404008125503125        4.20640219412418     
   5.12938660000000      -0.456518157227855        4.11733453766954     
   5.14299240000000      -0.502573187158175        4.02687106070536     
   5.15659820000000      -0.542201705569750        3.93563327925437     
   5.17020400000000      -0.575508100552669        3.84421987524085     
   5.18380980000000      -0.602668098216274        3.75319566650659     
   5.19741560000000      -0.623921927034887        3.66308056263095     
   5.21102140000000      -0.639564774257211        3.57433947784460     
   5.22462720000000      -0.649934678756027        3.48737432146846     
   5.23823300000000      -0.655398535267156        3.40251902672432     
   5.25183880000000      -0.656337241780445        3.32003820941727     
   5.26544460000000      -0.653131158539362        3.24012959693105     
   5.27905040000000      -0.646146987029792        3.16292994515391     
   5.29265620000000      -0.635726982450677        3.08852383186292     
   5.30626200000000      -0.622181150150606        3.01695449842369     
   5.31986780000000      -0.605782793264918        2.94823579479525     
   5.33347360000000      -0.586767497381586        2.88236424426758     
   5.34707940000000      -0.565335363052746        2.81933027166523     
   5.36068520000000      -0.541656031507735        2.75912773443427     
   5.37429100000000      -0.515875808722194        2.70176107012022     
   5.38789680000000      -0.488126009876194        2.64724962859958     
   5.40150260000000      -0.458531558967912        2.59562907427587     
   5.41510840000000      -0.427218915603846        2.54695007913686     
   5.42871420000000      -0.394322565684529        2.50127482429685     
   5.44232000000000      -0.359989576326305        2.45867203124152     
   5.45592580000000      -0.324382025216386        2.41921132181758     
   5.46953160000000      -0.287677410258926        2.38295765634312     
   5.48313740000000      -0.250067376470311        2.34996644892613     
   5.49674320000000      -0.211755235281839        2.32027975222909     
   5.51034900000000      -0.172952793285246        2.29392368728881     
   5.52395480000000      -0.133876969576354        2.27090710525238     
   5.53756060000000      -9.474659084029713E-002   2.25122132930594     
   5.55116640000000      -5.577964078817699E-002   2.23484074289333     
   5.56477220000000      -1.719113021183172E-002   2.22172395785081     
   5.57837800000000       2.080833845182861E-002   2.21181529862451     
   5.59198380000000       5.801330712146069E-002   2.20504635899858     
   5.60558960000000       9.422354326785998E-002   2.20133741098567     
   5.61919540000000       0.129243551497348        2.20059846363700     
   5.63280120000000       0.162881644338655        2.20272978335440     
   5.64640700000000       0.194948755973752        2.20762170598212     
   5.66001280000000       0.225257248821483        2.21515360828690     
   5.67361860000000       0.253620030339776        2.22519197492346     
   5.68722440000000       0.279850348465453        2.23758760200727     
   5.70083020000000       0.303762648655929        2.25217211462464     
   5.71443600000000       0.325174837385782        2.26875412714882     
   5.72804180000000       0.343912198821721        2.28711551949952     
   5.74164760000000       0.359813056289709        2.30700841548557     
   5.75525340000000       0.372736069999944        2.32815351026701     
   5.76885920000000       0.382568835252072        2.35024038733257     
   5.78246500000000       0.389237212626379        2.37293038143067     
   5.79607080000000       0.392714607982201        2.39586237828023     
   5.80967660000000       0.393030252860634        2.41866169661706     
   5.82328240000000       0.390275444763513        2.44095188384513     
   5.83688820000000       0.384606720938068        2.46236889526335     
   5.85049400000000       0.376245082764371        2.48257675352495     
   5.86409980000000       0.365470673502392        2.50128344721603     
   5.87770560000000       0.352612735169504        2.51825558233684     
   5.89131140000000       0.338035201583355        2.53333020842339     
   5.90491720000000       0.322118865863919        2.54642235479070     
   5.91852300000000       0.305241604995548        2.55752716117217     
   5.93212880000000       0.287758546224018        2.56671605912041     
   5.94573460000000       0.269984219069261        2.57412719141459     
   5.95934040000000       0.252178585499906        2.57995103185219     
   5.97294620000000       0.234538372603431        2.58441284398896     
   5.98655200000000       0.217194411212006        2.58775405803096     
   6.00015780000000       0.200214834451676        2.59021475694245     
   6.01376360000000       0.183613165899339        2.59201922046349     
   6.02736940000000       0.167359674354974        2.59336592551754     
   6.04097520000000       0.151393998585580        2.59442264637945     
   6.05458100000000       0.135637001719232        2.59532647096059     
   6.06818680000000       0.120000093610183        2.59618778583856     
   6.08179260000000       0.104390803334614        2.59709669747814     
   6.09539840000000       8.871410093424592E-002   2.59813003188775     
   6.10900420000000       7.286974605433449E-002   2.59935703043380     
   6.12261000000000       5.674666494843217E-002   2.60084213353179     
   6.13621580000000       4.021591970733895E-002   2.60264377271921     
   6.14982160000000       2.312415143545810E-002   2.60480879524448     
   6.16342740000000       5.289405634192668E-003   2.60736291835898     
   6.17703320000000      -1.349901944995358E-002   2.61029833836024     
   6.19063900000000      -3.347558126847572E-002   2.61356019725963     
   6.20424480000000      -5.488793617141985E-002   2.61703395913828     
   6.21785060000000      -7.798117704041663E-002   2.62053582544937     
   6.23145640000000      -0.102977992653671        2.62380811558964     
   6.24506220000000      -0.130056539018718        2.62652107711123     
   6.25866800000000      -0.159328291568180        2.62828191310796     
   6.27227380000000      -0.190818374211288        2.62865098769561     
   6.28587960000000      -0.224450786225848        2.62716428211885     
   6.29948540000000      -0.260040548356693        2.62336033521626     
   6.31309120000000      -0.297294086808184        2.61680923907142     
   6.32669700000000      -0.335818246124534        2.60714089352155     
   6.34030280000000      -0.375137302222832        2.59406973424955     
   6.35390860000000      -0.414716401353043        2.57741355430445     
   6.36751440000000      -0.453989140816312        2.55710477376136     
   6.38112020000000      -0.492386647211941        2.53319344333557     
   6.39472600000000      -0.529365535760570        2.50584222602603     
   6.40833180000000      -0.564432505936469        2.47531442564180     
   6.42193760000000      -0.597163937469749        2.44195670827355     
   6.43554340000000      -0.627219561478738        2.40617844493556     
   6.44914920000000      -0.654349966445658        2.36842960851848     
   6.46275500000000      -0.678398264894353        2.32917895099497     
   6.47636080000000      -0.699296647799081        2.28889385419596     
   6.48996660000000      -0.717058788623782        2.24802287252579     
   6.50357240000000      -0.731769158255608        2.20698162991557     
   6.51717820000000      -0.743570320815250        2.16614242718662     
   6.53078400000000      -0.752649239822738        2.12582766292503     
   6.54438980000000      -0.759223560373817        2.08630695613530     
   6.55799560000000      -0.763528752237533        2.04779766295190     
   6.57160140000000      -0.765806891669131        2.01046829039824     
   6.58520720000000      -0.766297709624478        1.97444412976397     
   6.59881300000000      -0.765232327474541        1.93981427826883     
   6.61241880000000      -0.762829837011439        1.90663911915474     
   6.62602460000000      -0.759296576259252        1.87495731877518     
   6.63963040000000      -0.754827641708244        1.84479149801825     
   6.65323620000000      -0.749609909337821        1.81615194920490     
   6.66684200000000      -0.743825660856871        1.78903807815281     
   6.68044780000000      -0.737655864938608        1.76343761031054     
   6.69405360000000      -0.731282258509616        1.73932395135998     
   6.70765940000000      -0.724887594486203        1.71665237849653     
   6.72126520000000      -0.718653730241161        1.69535591548234     
   6.73487100000000      -0.712757574013875        1.67534179237734     
   6.74847680000000      -0.707365233810015        1.65648931270964     
   6.76208260000000      -0.702624984396371        1.63864976694732     
   6.77568840000000      -0.698659855107668        1.62164877061474     
   6.78929420000000      -0.695560728056776        1.60529110046214     
   6.80290000000000      -0.693380815387603        1.58936778606180     
   6.81650580000000      -0.692132255995075        1.57366492196896     
   6.83011160000000      -0.691785347844131        1.55797343327698     
   6.84371740000000      -0.692270636778460        1.54209888838235     
   6.85732320000000      -0.693483755988183        1.52587042996791     
   6.87092900000000      -0.695292600410218        1.50914799279081     
   6.88453480000000      -0.697546173355801        1.49182717634904     
   6.89814060000000      -0.700084290124423        1.47384140477211     
   6.91174640000000      -0.702747274724321        1.45516129089651     
   6.92535220000000      -0.705384829888336        1.43579138814996     
   6.93895800000000      -0.707863374967657        1.41576473915317     
   6.95256380000000      -0.710071309111729        1.39513580518514     
   6.96616960000000      -0.711921854052579        1.37397248445565     
   6.97977540000000      -0.713353353996776        1.35234799644475     
   6.99338120000000      -0.714327151299159        1.33033341554534     
   7.00698700000000      -0.714823399585103        1.30799156827731     
   7.02059280000000      -0.714835394231137        1.28537285805007     
   7.03419860000000      -0.714363160727219        1.26251335661411     
   7.04780440000000      -0.713407113953862        1.23943522546538     
   7.06141020000000      -0.711962567195875        1.21614924137224     
   7.07501600000000      -0.710015728680492        1.19265894264162     
   7.08862180000000      -0.707541595838290        1.16896572853702     
   7.10222760000000      -0.704503880604388        1.14507416268634     
   7.11583340000000      -0.700856819431201        1.12099676235645     
   7.12943920000000      -0.696548484928162        1.09675768772435     
   7.14304500000000      -0.691525057159056        1.07239494915699     
   7.15665080000000      -0.685735449188545        1.04796098579448     
   7.17025660000000      -0.679135711689385        1.02352169402268     
   7.18386240000000      -0.671692747002301       0.999154165805152     
   7.19746820000000      -0.663387015360637       0.974943513509217     
   7.21107400000000      -0.654214083490839       0.950979203885431     
   7.22467980000000      -0.644185020600288       0.927351306479359     
   7.23828560000000      -0.633325769179363       0.904146997213686     
   7.25189140000000      -0.621675698394686       0.881447566277683     
   7.26549720000000      -0.609285585700311       0.859326080005091     
   7.27910300000000      -0.596215273905941       0.837845754136945     
   7.29270880000000      -0.582531226057691       0.817059020218189     
   7.30631460000000      -0.568304159484144       0.797007212044910     
   7.31992040000000      -0.553606892370700       0.777720765191597     
   7.33352620000000      -0.538512488274991       0.759219807264454     
   7.34713200000000      -0.523092740865994       0.741515015894477     
   7.36073780000000      -0.507417005620147       0.724608631433923     
   7.37434360000000      -0.491551358338216       0.708495527861822     
   7.38794940000000      -0.475558041983734       0.693164265111801     
   7.40155520000000      -0.459495152452728       0.678598066278432     
   7.41516100000000      -0.443416508972032       0.664775682190258     
   7.42876680000000      -0.427371654310946       0.651672122746312     
   7.44237260000000      -0.411405932498192       0.639259248959097     
   7.45597840000000      -0.395560596265481       0.627506232037692     
   7.46958420000000      -0.379872902449892       0.616379896484598     
   7.48319000000000      -0.364376160972552       0.605844973436550     
   7.49679580000000      -0.349099712001022       0.595864298479711     
   7.51040160000000      -0.334068816884506       0.586398994641762     
   7.52400740000000      -0.319304461731975       0.577408685454344     
   7.53761320000000      -0.304823088002099       0.568851783682060     
   7.55121900000000      -0.290636281419197       0.560685897058456     
   7.56482480000000      -0.276750467222095       0.552868381803630     
   7.57843060000000      -0.263166673540663       0.545357057140240     
   7.59203640000000      -0.249880432273690       0.538111070068893     
   7.60564220000000      -0.236881884933099       0.531091871643222     
   7.61924800000000      -0.224156147262692       0.524264238032644     
   7.63285380000000      -0.211683960822028       0.517597247178239     
   7.64645960000000      -0.199442624688140       0.511065110352352     
   7.66006540000000      -0.187407161247539       0.504647761532959     
   7.67367120000000      -0.175551633833352       0.498331127472218     
   7.68727700000000      -0.163850507972940       0.492107035333542     
   7.70088280000000      -0.152279937742896       0.485972757096480     
   7.71448860000000      -0.140818866350092       0.479930232838102     
   7.72809440000000      -0.129449853806960       0.473985050675515     
   7.74170020000000      -0.118159579304697       0.468145283690750     
   7.75530600000000      -0.106939004592294       0.462420290908468     
   7.76891180000000      -9.578322035894415E-002  0.456819581276350     
   7.78251760000000      -8.469102501488268E-002  0.451351820370696     
   7.79612340000000      -7.366430173967542E-002  0.446024034438596     
   7.80972920000000      -6.270726528964121E-002  0.440841040565521     
   7.82333500000000      -5.182564693699643E-002  0.435805109185542     
   7.83694080000000      -4.102587718942052E-002  0.430915848025996     
   7.85054660000000      -3.031431479291657E-002  0.426170285358130     
   7.86415240000000      -1.969655949055737E-002  0.421563124255707     
   7.87775820000000      -9.176876640387022E-003  0.417087136847409     
   7.89136400000000       1.242245414361798E-003  0.412733666486905     
   7.90496980000000       1.156038981161767E-002  0.408493204800687     
   7.91857560000000       2.177934694327821E-002  0.404356008751225     
   7.93218140000000       3.190308675192721E-002  0.400312720088357     
   7.94578720000000       4.193757069447079E-002  0.396354946770084     
   7.95939300000000       5.189041718317722E-002  0.392475764877131     
   7.97299880000000       6.177044704696022E-002  0.388670102306259     
   7.98660460000000       7.158714831265989E-002  0.384934973679360     
   8.00021040000000       8.135010942826870E-002  0.381269549667926     
   8.01381620000000       9.106847402241880E-002  0.377675061722611     
   8.02742200000000       0.100750466663232       0.374154561877609     
   8.04102780000000       0.110403028023887       0.370712573103615     
   8.05463360000000       0.120031581539779       0.367354675445911     
   8.06823940000000       0.129639935485854       0.364087075336345     
   8.08184520000000       0.139230308003987       0.360916200395430     
   8.09545100000000       0.148803450678614       0.357848351732890     
   8.10905680000000       0.158358840041517       0.354889432992444     
   8.12266260000000       0.167894905663510       0.352044762857287     
   8.13626840000000       0.177409266996716       0.349318967399057     
   8.14987420000000       0.186898957151108       0.346715941502050     
   8.16348000000000       0.196360618675351       0.344238864726009     
   8.17708580000000       0.205790662914563       0.341890255875973     
   8.19069160000000       0.215185389886524       0.339672051430672     
   8.20429740000000       0.224541069564137       0.337585695018304     
   8.21790320000000       0.233853988017797       0.335632227630830     
   8.23150900000000       0.243120463291448       0.333812370744782     
   8.24511480000000       0.252336836472905       0.332126596677205     
   8.25872060000000       0.261499443481909       0.330575182221398     
   8.27232640000000       0.270604572905290       0.329158242866921     
   8.28593220000000       0.279648414963697       0.327875745774595     
   8.29953800000000       0.288627006545816       0.326727500255105     
   8.31314380000000       0.297536177287474       0.325713124918024     
   8.32674960000000       0.306371501951018       0.324831991058286     
   8.34035540000000       0.315128264876168       0.324083142378807     
   8.35396120000000       0.323801442981829       0.323465191966032     
   8.36756700000000       0.332385714596015       0.322976198692364     
   8.38117280000000       0.340875502108438       0.322613527054175     
   8.39477860000000       0.349265056826097       0.322373696965516     
   8.40838440000000       0.357548594129784       0.322252233237700     
   8.42199020000000       0.365720485665435       0.322243528276004     
   8.43559600000000       0.373775512405448       0.322340735616212     
   8.44920180000000       0.381709177567406       0.322535715751164     
   8.46280760000000       0.389518071332978       0.322819058416614     
   8.47641340000000       0.397200270162854       0.323180206007397     
   8.49001920000000       0.404755742887883       0.323607699831313     
   8.50362500000000       0.412186725006381       0.324089563353908     
   8.51723080000000       0.419498013799565       0.324613823836083     
   8.53083660000000       0.426697132592403       0.325169156197493     
   8.54444240000000       0.433794315364703       0.325745612314084     
   8.55804820000000       0.440802274823103       0.326335378533729     
   8.57165400000000       0.447735738182305       0.326933488341652     
   8.58525980000000       0.454610763138473       0.327538410359398     
   8.59886560000000       0.461443877313799       0.328152437539161     
   8.61247140000000       0.468251111681742       0.328781822279358     
   8.62607720000000       0.475047016026026       0.329436631694566     
   8.63968300000000       0.481843748117794       0.330130331902524     
   8.65328880000000       0.488650317128276       0.330879142881599     
   8.66689460000000       0.495472038638011       0.331701229670262     
   8.68050040000000       0.502310229050133       0.332615807319027     
   8.69410620000000       0.509162137842974       0.333642235379348     
   8.70771200000000       0.516021092534092       0.334799165350454     
   8.72131780000000       0.522876816789917       0.336103785968620     
   8.73492360000000       0.529715877385353       0.337571191554879     
   8.74852940000000       0.536522218983175       0.339213882002794     
   8.76213520000000       0.543277753893806       0.341041391898537     
   8.77574100000000       0.549962983676995       0.343060041412178     
   8.78934680000000       0.556557637699185       0.345272802143314     
   8.80295260000000       0.563041318543650       0.347679275188089     
   8.81655840000000       0.569394144588266       0.350275783990174     
   8.83016420000000       0.575597376322178       0.353055588737927     
   8.84377000000000       0.581634006200251       0.356009230290233     
   8.85737580000000       0.587489283813626       0.359125008699220     
   8.87098160000000       0.593151140936928       0.362389594101439     
   8.88458740000000       0.598610476488363       0.365788756730097     
   8.89819320000000       0.603861260944749       0.369308189407170     
   8.91179900000000       0.608900423865378       0.372934381726525     
   8.92540480000000       0.613727496810723       0.376655491675156     
   8.93901060000000       0.618343996745274       0.380462148660374     
   8.95261640000000       0.622752551843418       0.384348112542858     
   8.96622220000000       0.626955792691577       0.388310707322381     
   8.97982800000000       0.630955057340190       0.392350947448946     
   8.99343380000000       0.634748987614278       0.396473282126534     
   9.00703960000000       0.638332123702301       0.400684901336454     
   9.02064540000000       0.641693629394599       0.404994578133129     
   9.03425120000000       0.644816295516898       0.409411063748159     
   9.04785700000000       0.647675969127892       0.413941100667091     
   9.06146280000000       0.650241538749308       0.418587167456193     
   9.07506860000000       0.652475572619603       0.423345110976565     
   9.08867440000000       0.654335661744886       0.428201851923967     
   9.10228020000000       0.655776467192570       0.433133366379553     
   9.11588600000000       0.656752415387267       0.438103149407745     
   9.12949180000000       0.657220928009311       0.443061357278664     
   9.14309760000000       0.657146015214069       0.447944801882285     
   9.15670340000000       0.656502003803634       0.452677931551136     
   9.17030920000000       0.655277120098964       0.457174872903158     
   9.18391500000000       0.653476609051799       0.461342525863988     
   9.19752080000000       0.651125058435599       0.465084600614798     
   9.21112660000000       0.648267622075006       0.468306369730528     
   9.22473240000000       0.644969907324730       0.470919797603978     
   9.23833820000000       0.641316409125540       0.472848623783905     
   9.25194400000000       0.637407524415719       0.474032938259068     
   9.26554980000000       0.633355344463192       0.474432809509088     
   9.27915560000000       0.629278570934736       0.474030612962349     
   9.29276140000000       0.625297007465782       0.472831847328158     
   9.30636720000000       0.621526123293301       0.470864396808707     
   9.31997300000000       0.618072162499236       0.468176370428181     
   9.33357880000000       0.615028187710157       0.464832798404428     
   9.34718460000000       0.612471317140341       0.460911568529127     
   9.36079040000000       0.610461261218235       0.456499031095165     
   9.37439620000000       0.609040113903125       0.451685687439748     
   9.38800200000000       0.608233225909430       0.446562312573288     
   9.40160780000000       0.608050898300257       0.441216761932993     
   9.41521360000000       0.608490593075313       0.435731595487302     
   9.42881940000000       0.609539361461567       0.430182538924801     
   9.44242520000000       0.611176232016828       0.424637707675610     
   9.45603100000000       0.613374365947488       0.419157455055655     
   9.46963680000000       0.616102861474773       0.413794673885197     
   9.48324260000000       0.619328159759163       0.408595378395266     
   9.49684840000000       0.623015062761895       0.403599412985612     
   9.51045420000000       0.627127413887530       0.398841167734872     
   9.52406000000000       0.631628514635192       0.394350219191597     
   9.53766580000000       0.636481356916311       0.390151852227904     
   9.55127160000000       0.641648744888369       0.386267450071795     
   9.56487740000000       0.647093366383085       0.382714762592884     
   9.57848320000000       0.652777856371744       0.379508076799443     
   9.59208900000000       0.658664876885968       0.376658318914581     
   9.60569480000000       0.664717222050946       0.374173115780322     
   9.61930060000000       0.670897945203271       0.372056836592215     
   9.63290640000000       0.677170498515558       0.370310626186310     
   9.64651220000000       0.683498874545923       0.368932430421798     
   9.66011800000000       0.689847743492791       0.367917004737778     
   9.67372380000000       0.696182588880509       0.367255890738885     
   9.68732960000000       0.702469856470763       0.366937344497567     
   9.70093540000000       0.708677144209154       0.366946205516796     
   9.71454120000000       0.714773472142113       0.367263707550041     
   9.72814700000000       0.720729677257290       0.367867251146548     
   9.74175280000000       0.726518975981708       0.368730180892117     
   9.75535860000000       0.732117724197693       0.369821634419007     
   9.76896440000000       0.737506380040354       0.371106550726749     
   9.78257020000000       0.742670639275367       0.372545936838341     
   9.79617600000000       0.747602669922418       0.374097488975063     
   9.80978180000000       0.752302327765424       0.375716642919424     
   9.82338760000000       0.756778195698569       0.377358085956512     
   9.83699340000000       0.761048267377149       0.378977701366370     
   9.85059920000000       0.765140099150138       0.380534842507812     
   9.86420500000000       0.769090290646486       0.381994759075156     
   9.87781080000000       0.772943224463436       0.383330939106179     
   9.89141660000000       0.776749091397098       0.384527103248362     
   9.90502240000000       0.780561333077602       0.385578604554755     
   9.91862820000000       0.784433726636972       0.386493050078344     
   9.93223400000000       0.788417394476231       0.387290060122616     
   9.94583980000000       0.792558031976706       0.388000197042472     
   9.95944560000000       0.796893605101902       0.388663202915199     
   9.97305140000000       0.801452689324283       0.389325761866722     
   9.98665720000000       0.806253521482408       0.390039035285771     
   10.0002630000000       0.811303739813155       0.390856205787728     
   10.0138688000000       0.816600713011104       0.391830218621232     
   10.0274746000000       0.822132316667089       0.393011843428518     
   10.0410804000000       0.827878005420067       0.394448111635669     
   10.0546862000000       0.833810045069751       0.396181128222474     
   10.0682920000000       0.839894800653839       0.398247218318350     
   10.0818978000000       0.846094013881640       0.400676350474287     
   10.0955036000000       0.852366038216436       0.403491777044803     
   10.1091094000000       0.858667027072611       0.406709843328267     
   10.1227152000000       0.864952087397654       0.410339935951215     
   10.1363210000000       0.871176416540777       0.414384562802235     
   10.1499268000000       0.877296435124058       0.418839577509460     
   10.1635326000000       0.883270913838866       0.423694577247469     
   10.1771384000000       0.889062069880325       0.428933510000283     
   10.1907442000000       0.894636582635682       0.434535523168638     
   10.2043500000000       0.899966453389098       0.440476067577041     
   10.2179558000000       0.905029616698189       0.446728239671337     
   10.2315616000000       0.909810208601255       0.453264303405318     
   10.2451674000000       0.914298414328233       0.460057289136223     
   10.2587732000000       0.918489857396302       0.467082529982312     
   10.2723790000000       0.922384548987204       0.474318977641815     
   10.2859848000000       0.925985481443462       0.481750148318264     
   10.2995906000000       0.929297008412435       0.489364587984916     
   10.3131964000000       0.932323191899127       0.497155809665408     
   10.3268022000000       0.935066302661409       0.505121731171666     
   10.3404080000000       0.937525632264030       0.513263713094630     
   10.3540138000000       0.939696719061808       0.521585347894625     
   10.3676196000000       0.941571019912301       0.530091171510908     
   10.3812254000000       0.943135990756637       0.538785457386876     
   10.3948312000000       0.944375486167670       0.547671215864453     
   10.4084370000000       0.945270358057084       0.556749471367727     
   10.4220428000000       0.945799126964881       0.566018838010623     
   10.4356486000000       0.945938610033080       0.575475369860721     
   10.4492544000000       0.945664410362505       0.585112627962078     
   10.4628602000000       0.944951197694630       0.594921880455379     
   10.4764660000000       0.943772739538918       0.604892331409864     
   10.4900718000000       0.942101678122516       0.615011257605876     
   10.5036776000000       0.939909095382799       0.625263924883512     
   10.5172834000000       0.937163965015197       0.635633165576952     
   10.5308892000000       0.933832649477019       0.646098535204951     
   10.5444950000000       0.929878646077328       0.656635034210614     
   10.5581008000000       0.925262802185174       0.667211474043379     
   10.5717066000000       0.919944190732596       0.677788670786188     
   10.5853124000000       0.913881758185471       0.688317740850085     
   10.5989182000000       0.907036734955643       0.698738827078791     
   10.6125240000000       0.899375652053006       0.708980579583605     
   10.6261298000000       0.890873666074787       0.718960643583838     
   10.6397356000000       0.881517789939817       0.728587270296327     
   10.6533414000000       0.871309589133971       0.737761986035033     
   10.6669472000000       0.860266952571642       0.746383063277333     
   10.6805530000000       0.848424685724371       0.754349379308893     
   10.6941588000000       0.835833880583946       0.761564167160383     
   10.7077646000000       0.822560248455004       0.767938191141549     
   10.7213704000000       0.808681798614458       0.773392020951556     
   10.7349762000000       0.794286350342763       0.777857306517717     
   10.7485820000000       0.779469339682028       0.781277212395069     
   10.7621878000000       0.764332223640771       0.783606381872644     
   10.7757936000000       0.748981533182587       0.784810899863504     
   10.7893994000000       0.733528354661835       0.784868673209105     
   10.8030052000000       0.718087811260677       0.783770454993938     
   10.8166110000000       0.702778039935521       0.781521458705659     
   10.8302168000000       0.687718245637688       0.778143221532653     
   10.8438226000000       0.673025644191086       0.773675171221012     
   10.8574284000000       0.658811415164251       0.768175292039551     
   10.8710342000000       0.645176088956781       0.761719393427707     
   10.8846400000000       0.632205003982242       0.754398731491924     
   10.8982458000000       0.619964535210492       0.746316051760085     
   10.9118516000000       0.608499703262559       0.737580428902825     
   10.9254574000000       0.597833555493918       0.728301503326628     
   10.9390632000000       0.587968426856823       0.718583813452401     
   10.9526690000000       0.578888905092639       0.708521890625932     
   10.9662748000000       0.570566095538018       0.698196645891756     
   10.9798806000000       0.562962635898634       0.687673375467259     
   10.9934864000000       0.556037857688783       0.677001487173719     
   11.0070922000000       0.549752519170845       0.666215837186019     
   11.0206980000000       0.544072627682094       0.655339387589453     
   11.0343038000000       0.538972009409153       0.644386763724967     
   11.0479096000000       0.534433455093875       0.633368214787805     
   11.0615154000000       0.530448453112949       0.622293467877260     
   11.0751212000000       0.527015695922772       0.611175017303756     
   11.0887270000000       0.524138688005794       0.600030502554188     
   11.1023328000000       0.521822870309106       0.588883983999399     
   11.1159386000000       0.520072692833154       0.577766098392450     
   11.1295444000000       0.518889012881371       0.566713233846199     
   11.1431502000000       0.518267087317150       0.555765976639920     
   11.1567560000000       0.518195291519528       0.544967132065077     
   11.1703618000000       0.518654568396291       0.534359607751677     
   11.1839676000000       0.519618515036364       0.523984385965995     
   11.1975734000000       0.521053966577731       0.513878726831870     
   11.2111792000000       0.522921935373018       0.504074664187314     
   11.2247850000000       0.525178794651808       0.494597799906292     
   11.2383908000000       0.527777639438938       0.485466379548318     
   11.2519966000000       0.530669794208500       0.476690638939785     
   11.2656024000000       0.533806453642789       0.468272436126693     
   11.2792082000000       0.537140435559115       0.460205211089136     
   11.2928140000000       0.540627997187165       0.452474333029196     
   11.3064198000000       0.544230626662974       0.445057892697882     
   11.3200256000000       0.547916682564471       0.437927971508144     
   11.3336314000000       0.551662727315699       0.431052372054559     
   11.3472372000000       0.555454395213102       0.424396733020407     
   11.3608430000000       0.559286658989736       0.417926886202273     
   11.3744488000000       0.563163411337385       0.411611257996563     
   11.3880546000000       0.567096354258532       0.405423085845102     
   11.4016604000000       0.571103277507276       0.399342222373363     
   11.4152662000000       0.575205890938605       0.393356340198687     
   11.4288720000000       0.579427436755886       0.387461423714352     
   11.4424778000000       0.583790333044935       0.381661527181098     
   11.4560836000000       0.588314084536651       0.375967872671318     
   11.4696894000000       0.593013644982896       0.370397438426433     
   11.4832952000000       0.597898340611846       0.364971234855931     
   11.4969010000000       0.602971382373197       0.359712476838611     
   11.5105068000000       0.608229921539694       0.354644840597853     
   11.5241126000000       0.613665549446559       0.349790950483665     
   11.5377184000000       0.619265112333688       0.345171187077092     
   11.5513242000000       0.625011705513677       0.340802853816034     
   11.5649300000000       0.630885722883965       0.336699692666646     
   11.5785358000000       0.636865862033037       0.332871704686739     
   11.5921416000000       0.642930015797032       0.329325210170243     
   11.6057474000000       0.649056012952023       0.326063074892773     
   11.6193532000000       0.655222199788674       0.323085032037289     
   11.6329590000000       0.661407877705221       0.320388041228339     
   11.6465648000000       0.667593627716116       0.317966643907470     
   11.6601706000000       0.673761559850608       0.315813294947091     
   11.6737764000000       0.679895523690618       0.313918670718005     
   11.6873822000000       0.685981306651911       0.312271970694056     
   11.7009880000000       0.692006830930865       0.310861240390091     
   11.7145938000000       0.697962341117313       0.309673746008980     
   11.7281996000000       0.703840555812401       0.308696424715826     
   11.7418054000000       0.709636742028940       0.307916419457898     
   11.7554112000000       0.715348664306424       0.307321685823782     
   11.7690170000000       0.720976363986576       0.306901634292862     
   11.7826228000000       0.726521738842952       0.306647749229490     
   11.7962286000000       0.731987917773831       0.306554111242292     
   11.8098344000000       0.737378455690032       0.306617746214887     
   11.8234402000000       0.742696404444480       0.306838734431284     
   11.8370460000000       0.747943340547318       0.307220035905130     
   11.8506518000000       0.753118444408972       0.307767019591785     
   11.8642576000000       0.758217726203823       0.308486718986637     
   11.8778634000000       0.763233480357779       0.309386868568466     
   11.8914692000000       0.768154027049734       0.310474799550791     
   11.9050750000000       0.772963769585804       0.311756286524197     
   11.9186808000000       0.777643565975369       0.313234438364727     
   11.9322866000000       0.782171385512012       0.314908718828418     
   11.9458924000000       0.786523199071096       0.316774167171490     
   11.9594982000000       0.790674036105569       0.318820869549026     
   11.9731040000000       0.794599132001188       0.321033709819587     
   11.9867098000000       0.798275086499519       0.323392405007290     
   12.0003156000000       0.801680957668475       0.325871807186087     
   12.0139214000000       0.804799227037199       0.328442431678427     
   12.0275272000000       0.807616590205535       0.331071153959066     
   12.0411330000000       0.810124552210303       0.333722008058705     
   12.0547388000000       0.812319834707898       0.336357020814795     
   12.0683446000000       0.814204627085023       0.338937030426405     
   12.0819504000000       0.815786729585021       0.341422462679984     
   12.0955562000000       0.817079638286926       0.343774068642389     
   12.1091620000000       0.818102607372626       0.345953655751130     
   12.1227678000000       0.818880696003604       0.347924861816351     
   12.1363736000000       0.819444771859614       0.349654022231355     
   12.1499794000000       0.819831410118068       0.351111162325215     
   12.1635852000000       0.820082604885279       0.352271111689266     
   12.1771910000000       0.820245207400812       0.353114692318288     
   12.1907968000000       0.820370025438591       0.353629887550507     
   12.2044026000000       0.820510559820082       0.353812865247413     
   12.2180084000000       0.820721410013059       0.353668716196610     
   12.2316142000000       0.821056440186784       0.353211783024495     
   12.2452200000000       0.821566846670277       0.352465495519740     
   12.2588258000000       0.822299295885423       0.351461688158185     
   12.2724316000000       0.823294301743204       0.350239442779922     
   12.2860374000000       0.824584983222928       0.348843560121910     
   12.2996432000000       0.826196292916144       0.347322806671388     
   12.3132490000000       0.828144746449161       0.345728101411248     
   12.3268548000000       0.830438622663483       0.344110799729175     
   12.3404606000000       0.833078555120539       0.342521203406035     
   12.3540664000000       0.836058403153053       0.341007383685505     
   12.3676722000000       0.839366277464366       0.339614357416431     
   12.3812780000000       0.842985599794466       0.338383611785821     
   12.3948838000000       0.846896094582161       0.337352936927502     
   12.4084896000000       0.851074637734157       0.336556501026853     
   12.4220954000000       0.855495918205919       0.336025090431056     
   12.4357012000000       0.860132897326262       0.335786436696720     
   12.4493070000000       0.864957075040896       0.335865560945425     
   12.4629128000000       0.869938589415870       0.336285079969410     
   12.4765186000000       0.875046185368764       0.337065434683937     
   12.4901244000000       0.880247091670657       0.338225016723300     
   12.5037302000000       0.885506843758707       0.339780181222166     
   12.5173360000000       0.890789086139893       0.341745142375351     
   12.5309418000000       0.896055384192793       0.344131753639364     
   12.5445476000000       0.901265072301800       0.346949177604215     
   12.5581534000000       0.906375163914530       0.350203453058556     
   12.5717592000000       0.911340348942119       0.353896969840234     
   12.5853650000000       0.916113104050862       0.358027866473099     
   12.5989708000000       0.920643940740940       0.362589371518180     
   12.6125766000000       0.924881813655885       0.367569116623432     
   12.6261824000000       0.928774706578789       0.372948456577659     
   12.6397882000000       0.932270405777131       0.378701838071391     
   12.6533940000000       0.935317460094932       0.384796263048642     
   12.6669998000000       0.937866315451069       0.391190893421739     
   12.6806056000000       0.939870599700710       0.397836841014549     
   12.6942114000000       0.941288523833461       0.404677180253193     
   12.7078172000000       0.942084358538341       0.411647212599618     
   12.7214230000000       0.942229941697793       0.418675002902467     
   12.7350288000000       0.941706171629376       0.425682200620723     
   12.7486346000000       0.940504441038642       0.432585154447334     
   12.7622404000000       0.938627965298997       0.439296327119350     
   12.7758462000000       0.936092953716129       0.445726016572315     
   12.7894520000000       0.932929562784917       0.451784387333964     
   12.8030578000000       0.929182556525525       0.457383808863674     
   12.8166636000000       0.924911582822574       0.462441482248136     
   12.8302694000000       0.920190959893903       0.466882310698078     
   12.8438752000000       0.915108858846677       0.470641931256549     
   12.8574810000000       0.909765773717182       0.473669775792968     
   12.8710868000000       0.904272197477903       0.475931973292889     
   12.8846926000000       0.898745478102222       0.477413852650881     
   12.8982984000000       0.893305914687981       0.478121771060415     
   12.9119042000000       0.888072262370377       0.478083995437652     
   12.9255100000000       0.883156927748353       0.477350416923695     
   12.9391158000000       0.878661227132444       0.475990983940499     
   12.9527216000000       0.874671121148566       0.474092884324591     
   12.9663274000000       0.871253813811781       0.471756664189928     
   12.9799332000000       0.868455511914129       0.469091606236324     
   12.9935390000000       0.866300499519959       0.466210773502159     
   13.0071448000000       0.864791523122047       0.463226140237166     
   13.0207506000000       0.863911338722239       0.460244181728331     
   13.0343564000000       0.863625168652077       0.457362197030658     
   13.0479622000000       0.863883766021860       0.454665518442552     
   13.0615680000000       0.864626786949440       0.452225645166284     
   13.0751738000000       0.865786213160025       0.450099245670573     
   13.0887796000000       0.867289632706437       0.448327914355329     
   13.1023854000000       0.869063256584675       0.446938544500423     
   13.1159912000000       0.871034609361166       0.445944185179798     
   13.1295970000000       0.873134873391640       0.445345274390204     
   13.1432028000000       0.875300885605701       0.445131172065025     
   13.1568086000000       0.877476785500357       0.445281943940146     
   13.1704144000000       0.879615299458096       0.445770362522704     
   13.1840202000000       0.881678628496649       0.446564091121108     
   13.1976260000000       0.883638892727710       0.447628001976388     
   13.2112318000000       0.885478082799445       0.448926554593125     
   13.2248376000000       0.887187479896063       0.450426132066722     
   13.2384434000000       0.888766531594152       0.452097208529222     
   13.2520492000000       0.890221208431838       0.453916205767399     
   13.2656550000000       0.891561911032915       0.455866895918561     
   13.2792608000000       0.892801044598575       0.457941222435022     
   13.2928666000000       0.893950420466362       0.460139443935987     
   13.3064724000000       0.895018676840552       0.462469553833030     
   13.3200782000000       0.896008926536502       0.464945989003042     
   13.3336840000000       0.896916833733583       0.467587706893755     
   13.3472898000000       0.897729292062417       0.470415773590261     
   13.3608956000000       0.898423824582806       0.473450655874425     
   13.3745014000000       0.898968758461032       0.476709439604450     
   13.3881072000000       0.899324153134789       0.480203199581731     
   13.4017130000000       0.899443391755212       0.483934722052341     
   13.4153188000000       0.899275292046509       0.487896734786518     
   13.4289246000000       0.898766561512073       0.492070739926683     
   13.4425304000000       0.897864415653537       0.496426482059687     
   13.4561362000000       0.896519194317976       0.500922028485818     
   13.4697420000000       0.894686844267179       0.505504398394729     
   13.4833478000000       0.892331176864298       0.510110657020620     
   13.4969536000000       0.889425848851570       0.514669390049670     
   13.5105594000000       0.885956042921876       0.519102488613711     
   13.5241652000000       0.881919837182002       0.523327198565141     
   13.5377710000000       0.877329246871655       0.527258409560451     
   13.5513768000000       0.872210901261016       0.530811169816331     
   13.5649826000000       0.866606292058713       0.533903403932862     
   13.5785884000000       0.860571508855175       0.536458782037012     
   13.5921942000000       0.854176373949902       0.538409643836569     
   13.6058000000000       0.847502910933220       0.539699832344759     
