 #Independent Particle F
 #Numkpts,nspin=         216           1
 #spin=           1
 #Number of BSE conduction states=           3
 #Number of BSE valence          states=           8
 #Total number of val/cond states=           6           6
 #Gaussian broadening= F
 #If not Gaussian broadening then Lorentzian
 #Broadenings=  1.000000000000000E-003  1.000000000000000E-003
 #LDA energies used as N.L. potential correction in BSE program and NOT lmf F
 #direction of q-vector=
 #  0.707106781186547       0.707106781186547       0.000000000000000E+000
 #Energy(eV),Real(eps),Imag(eps)
  0.000000000000000E+000                     NaN                     NaN
  1.360580000000000E-002                     NaN                     NaN
  2.721160000000000E-002                     NaN                     NaN
  4.081740000000000E-002                     NaN                     NaN
  5.442320000000000E-002                     NaN                     NaN
  6.802900000000001E-002                     NaN                     NaN
  8.163480000000001E-002                     NaN                     NaN
  9.524060000000001E-002                     NaN                     NaN
  0.108846400000000                          NaN                     NaN
  0.122452200000000                          NaN                     NaN
  0.136058000000000                          NaN                     NaN
  0.149663800000000                          NaN                     NaN
  0.163269600000000                          NaN                     NaN
  0.176875400000000                          NaN                     NaN
  0.190481200000000                          NaN                     NaN
  0.204087000000000                          NaN                     NaN
  0.217692800000000                          NaN                     NaN
  0.231298600000000                          NaN                     NaN
  0.244904400000000                          NaN                     NaN
  0.258510200000000                          NaN                     NaN
  0.272116000000000                          NaN                     NaN
  0.285721800000000                          NaN                     NaN
  0.299327600000000                          NaN                     NaN
  0.312933400000000                          NaN                     NaN
  0.326539200000000                          NaN                     NaN
  0.340145000000000                          NaN                     NaN
  0.353750800000000                          NaN                     NaN
  0.367356600000000                          NaN                     NaN
  0.380962400000000                          NaN                     NaN
  0.394568200000000                          NaN                     NaN
  0.408174000000000                          NaN                     NaN
  0.421779800000000                          NaN                     NaN
  0.435385600000000                          NaN                     NaN
  0.448991400000000                          NaN                     NaN
  0.462597200000000                          NaN                     NaN
  0.476203000000000                          NaN                     NaN
  0.489808800000000                          NaN                     NaN
  0.503414600000000                          NaN                     NaN
  0.517020400000000                          NaN                     NaN
  0.530626200000000                          NaN                     NaN
  0.544232000000000                          NaN                     NaN
  0.557837800000000                          NaN                     NaN
  0.571443600000000                          NaN                     NaN
  0.585049400000000                          NaN                     NaN
  0.598655200000000                          NaN                     NaN
  0.612261000000000                          NaN                     NaN
  0.625866800000000                          NaN                     NaN
  0.639472600000000                          NaN                     NaN
  0.653078400000000                          NaN                     NaN
  0.666684200000000                          NaN                     NaN
  0.680290000000000                          NaN                     NaN
  0.693895800000000                          NaN                     NaN
  0.707501600000000                          NaN                     NaN
  0.721107400000000                          NaN                     NaN
  0.734713200000000                          NaN                     NaN
  0.748319000000000                          NaN                     NaN
  0.761924800000000                          NaN                     NaN
  0.775530600000000                          NaN                     NaN
  0.789136400000000                          NaN                     NaN
  0.802742200000000                          NaN                     NaN
  0.816348000000000                          NaN                     NaN
  0.829953800000000                          NaN                     NaN
  0.843559600000000                          NaN                     NaN
  0.857165400000000                          NaN                     NaN
  0.870771200000000                          NaN                     NaN
  0.884377000000000                          NaN                     NaN
  0.897982800000000                          NaN                     NaN
  0.911588600000000                          NaN                     NaN
  0.925194400000000                          NaN                     NaN
  0.938800200000000                          NaN                     NaN
  0.952406000000000                          NaN                     NaN
  0.966011800000000                          NaN                     NaN
  0.979617600000000                          NaN                     NaN
  0.993223400000000                          NaN                     NaN
   1.00682920000000                          NaN                     NaN
   1.02043500000000                          NaN                     NaN
   1.03404080000000                          NaN                     NaN
   1.04764660000000                          NaN                     NaN
   1.06125240000000                          NaN                     NaN
   1.07485820000000                          NaN                     NaN
   1.08846400000000                          NaN                     NaN
   1.10206980000000                          NaN                     NaN
   1.11567560000000                          NaN                     NaN
   1.12928140000000                          NaN                     NaN
   1.14288720000000                          NaN                     NaN
   1.15649300000000                          NaN                     NaN
   1.17009880000000                          NaN                     NaN
   1.18370460000000                          NaN                     NaN
   1.19731040000000                          NaN                     NaN
   1.21091620000000                          NaN                     NaN
   1.22452200000000                          NaN                     NaN
   1.23812780000000                          NaN                     NaN
   1.25173360000000                          NaN                     NaN
   1.26533940000000                          NaN                     NaN
   1.27894520000000                          NaN                     NaN
   1.29255100000000                          NaN                     NaN
   1.30615680000000                          NaN                     NaN
   1.31976260000000                          NaN                     NaN
   1.33336840000000                          NaN                     NaN
   1.34697420000000                          NaN                     NaN
   1.36058000000000                          NaN                     NaN
   1.37418580000000                          NaN                     NaN
   1.38779160000000                          NaN                     NaN
   1.40139740000000                          NaN                     NaN
   1.41500320000000                          NaN                     NaN
   1.42860900000000                          NaN                     NaN
   1.44221480000000                          NaN                     NaN
   1.45582060000000                          NaN                     NaN
   1.46942640000000                          NaN                     NaN
   1.48303220000000                          NaN                     NaN
   1.49663800000000                          NaN                     NaN
   1.51024380000000                          NaN                     NaN
   1.52384960000000                          NaN                     NaN
   1.53745540000000                          NaN                     NaN
   1.55106120000000                          NaN                     NaN
   1.56466700000000                          NaN                     NaN
   1.57827280000000                          NaN                     NaN
   1.59187860000000                          NaN                     NaN
   1.60548440000000                          NaN                     NaN
   1.61909020000000                          NaN                     NaN
   1.63269600000000                          NaN                     NaN
   1.64630180000000                          NaN                     NaN
   1.65990760000000                          NaN                     NaN
   1.67351340000000                          NaN                     NaN
   1.68711920000000                          NaN                     NaN
   1.70072500000000                          NaN                     NaN
   1.71433080000000                          NaN                     NaN
   1.72793660000000                          NaN                     NaN
   1.74154240000000                          NaN                     NaN
   1.75514820000000                          NaN                     NaN
   1.76875400000000                          NaN                     NaN
   1.78235980000000                          NaN                     NaN
   1.79596560000000                          NaN                     NaN
   1.80957140000000                          NaN                     NaN
   1.82317720000000                          NaN                     NaN
   1.83678300000000                          NaN                     NaN
   1.85038880000000                          NaN                     NaN
   1.86399460000000                          NaN                     NaN
   1.87760040000000                          NaN                     NaN
   1.89120620000000                          NaN                     NaN
   1.90481200000000                          NaN                     NaN
   1.91841780000000                          NaN                     NaN
   1.93202360000000                          NaN                     NaN
   1.94562940000000                          NaN                     NaN
   1.95923520000000                          NaN                     NaN
   1.97284100000000                          NaN                     NaN
   1.98644680000000                          NaN                     NaN
   2.00005260000000                          NaN                     NaN
   2.01365840000000                          NaN                     NaN
   2.02726420000000                          NaN                     NaN
   2.04087000000000                          NaN                     NaN
   2.05447580000000                          NaN                     NaN
   2.06808160000000                          NaN                     NaN
   2.08168740000000                          NaN                     NaN
   2.09529320000000                          NaN                     NaN
   2.10889900000000                          NaN                     NaN
   2.12250480000000                          NaN                     NaN
   2.13611060000000                          NaN                     NaN
   2.14971640000000                          NaN                     NaN
   2.16332220000000                          NaN                     NaN
   2.17692800000000                          NaN                     NaN
   2.19053380000000                          NaN                     NaN
   2.20413960000000                          NaN                     NaN
   2.21774540000000                          NaN                     NaN
   2.23135120000000                          NaN                     NaN
   2.24495700000000                          NaN                     NaN
   2.25856280000000                          NaN                     NaN
   2.27216860000000                          NaN                     NaN
   2.28577440000000                          NaN                     NaN
   2.29938020000000                          NaN                     NaN
   2.31298600000000                          NaN                     NaN
   2.32659180000000                          NaN                     NaN
   2.34019760000000                          NaN                     NaN
   2.35380340000000                          NaN                     NaN
   2.36740920000000                          NaN                     NaN
   2.38101500000000                          NaN                     NaN
   2.39462080000000                          NaN                     NaN
   2.40822660000000                          NaN                     NaN
   2.42183240000000                          NaN                     NaN
   2.43543820000000                          NaN                     NaN
   2.44904400000000                          NaN                     NaN
   2.46264980000000                          NaN                     NaN
   2.47625560000000                          NaN                     NaN
   2.48986140000000                          NaN                     NaN
   2.50346720000000                          NaN                     NaN
   2.51707300000000                          NaN                     NaN
   2.53067880000000                          NaN                     NaN
   2.54428460000000                          NaN                     NaN
   2.55789040000000                          NaN                     NaN
   2.57149620000000                          NaN                     NaN
   2.58510200000000                          NaN                     NaN
   2.59870780000000                          NaN                     NaN
   2.61231360000000                          NaN                     NaN
   2.62591940000000                          NaN                     NaN
   2.63952520000000                          NaN                     NaN
   2.65313100000000                          NaN                     NaN
   2.66673680000000                          NaN                     NaN
   2.68034260000000                          NaN                     NaN
   2.69394840000000                          NaN                     NaN
   2.70755420000000                          NaN                     NaN
   2.72116000000000                          NaN                     NaN
   2.73476580000000                          NaN                     NaN
   2.74837160000000                          NaN                     NaN
   2.76197740000000                          NaN                     NaN
   2.77558320000000                          NaN                     NaN
   2.78918900000000                          NaN                     NaN
   2.80279480000000                          NaN                     NaN
   2.81640060000000                          NaN                     NaN
   2.83000640000000                          NaN                     NaN
   2.84361220000000                          NaN                     NaN
   2.85721800000000                          NaN                     NaN
   2.87082380000000                          NaN                     NaN
   2.88442960000000                          NaN                     NaN
   2.89803540000000                          NaN                     NaN
   2.91164120000000                          NaN                     NaN
   2.92524700000000                          NaN                     NaN
   2.93885280000000                          NaN                     NaN
   2.95245860000000                          NaN                     NaN
   2.96606440000000                          NaN                     NaN
   2.97967020000000                          NaN                     NaN
   2.99327600000000                          NaN                     NaN
   3.00688180000000                          NaN                     NaN
   3.02048760000000                          NaN                     NaN
   3.03409340000000                          NaN                     NaN
   3.04769920000000                          NaN                     NaN
   3.06130500000000                          NaN                     NaN
   3.07491080000000                          NaN                     NaN
   3.08851660000000                          NaN                     NaN
   3.10212240000000                          NaN                     NaN
   3.11572820000000                          NaN                     NaN
   3.12933400000000                          NaN                     NaN
   3.14293980000000                          NaN                     NaN
   3.15654560000000                          NaN                     NaN
   3.17015140000000                          NaN                     NaN
   3.18375720000000                          NaN                     NaN
   3.19736300000000                          NaN                     NaN
   3.21096880000000                          NaN                     NaN
   3.22457460000000                          NaN                     NaN
   3.23818040000000                          NaN                     NaN
   3.25178620000000                          NaN                     NaN
   3.26539200000000                          NaN                     NaN
   3.27899780000000                          NaN                     NaN
   3.29260360000000                          NaN                     NaN
   3.30620940000000                          NaN                     NaN
   3.31981520000000                          NaN                     NaN
   3.33342100000000                          NaN                     NaN
   3.34702680000000                          NaN                     NaN
   3.36063260000000                          NaN                     NaN
   3.37423840000000                          NaN                     NaN
   3.38784420000000                          NaN                     NaN
   3.40145000000000                          NaN                     NaN
   3.41505580000000                          NaN                     NaN
   3.42866160000000                          NaN                     NaN
   3.44226740000000                          NaN                     NaN
   3.45587320000000                          NaN                     NaN
   3.46947900000000                          NaN                     NaN
   3.48308480000000                          NaN                     NaN
   3.49669060000000                          NaN                     NaN
   3.51029640000000                          NaN                     NaN
   3.52390220000000                          NaN                     NaN
   3.53750800000000                          NaN                     NaN
   3.55111380000000                          NaN                     NaN
   3.56471960000000                          NaN                     NaN
   3.57832540000000                          NaN                     NaN
   3.59193120000000                          NaN                     NaN
   3.60553700000000                          NaN                     NaN
   3.61914280000000                          NaN                     NaN
   3.63274860000000                          NaN                     NaN
   3.64635440000000                          NaN                     NaN
   3.65996020000000                          NaN                     NaN
   3.67356600000000                          NaN                     NaN
   3.68717180000000                          NaN                     NaN
   3.70077760000000                          NaN                     NaN
   3.71438340000000                          NaN                     NaN
   3.72798920000000                          NaN                     NaN
   3.74159500000000                          NaN                     NaN
   3.75520080000000                          NaN                     NaN
   3.76880660000000                          NaN                     NaN
   3.78241240000000                          NaN                     NaN
   3.79601820000000                          NaN                     NaN
   3.80962400000000                          NaN                     NaN
   3.82322980000000                          NaN                     NaN
   3.83683560000000                          NaN                     NaN
   3.85044140000000                          NaN                     NaN
   3.86404720000000                          NaN                     NaN
   3.87765300000000                          NaN                     NaN
   3.89125880000000                          NaN                     NaN
   3.90486460000000                          NaN                     NaN
   3.91847040000000                          NaN                     NaN
   3.93207620000000                          NaN                     NaN
   3.94568200000000                          NaN                     NaN
   3.95928780000000                          NaN                     NaN
   3.97289360000000                          NaN                     NaN
   3.98649940000000                          NaN                     NaN
   4.00010520000000                          NaN                     NaN
   4.01371100000000                          NaN                     NaN
   4.02731680000000                          NaN                     NaN
   4.04092260000000                          NaN                     NaN
   4.05452840000000                          NaN                     NaN
   4.06813420000000                          NaN                     NaN
   4.08174000000000                          NaN                     NaN
   4.09534580000000                          NaN                     NaN
   4.10895160000000                          NaN                     NaN
   4.12255740000000                          NaN                     NaN
   4.13616320000000                          NaN                     NaN
   4.14976900000000                          NaN                     NaN
   4.16337480000000                          NaN                     NaN
   4.17698060000000                          NaN                     NaN
   4.19058640000000                          NaN                     NaN
   4.20419220000000                          NaN                     NaN
   4.21779800000000                          NaN                     NaN
   4.23140380000000                          NaN                     NaN
   4.24500960000000                          NaN                     NaN
   4.25861540000000                          NaN                     NaN
   4.27222120000000                          NaN                     NaN
   4.28582700000000                          NaN                     NaN
   4.29943280000000                          NaN                     NaN
   4.31303860000000                          NaN                     NaN
   4.32664440000000                          NaN                     NaN
   4.34025020000000                          NaN                     NaN
   4.35385600000000                          NaN                     NaN
   4.36746180000000                          NaN                     NaN
   4.38106760000000                          NaN                     NaN
   4.39467340000000                          NaN                     NaN
   4.40827920000000                          NaN                     NaN
   4.42188500000000                          NaN                     NaN
   4.43549080000000                          NaN                     NaN
   4.44909660000000                          NaN                     NaN
   4.46270240000000                          NaN                     NaN
   4.47630820000000                          NaN                     NaN
   4.48991400000000                          NaN                     NaN
   4.50351980000000                          NaN                     NaN
   4.51712560000000                          NaN                     NaN
   4.53073140000000                          NaN                     NaN
   4.54433720000000                          NaN                     NaN
   4.55794300000000                          NaN                     NaN
   4.57154880000000                          NaN                     NaN
   4.58515460000000                          NaN                     NaN
   4.59876040000000                          NaN                     NaN
   4.61236620000000                          NaN                     NaN
   4.62597200000000                          NaN                     NaN
   4.63957780000000                          NaN                     NaN
   4.65318360000000                          NaN                     NaN
   4.66678940000000                          NaN                     NaN
   4.68039520000000                          NaN                     NaN
   4.69400100000000                          NaN                     NaN
   4.70760680000000                          NaN                     NaN
   4.72121260000000                          NaN                     NaN
   4.73481840000000                          NaN                     NaN
   4.74842420000000                          NaN                     NaN
   4.76203000000000                          NaN                     NaN
   4.77563580000000                          NaN                     NaN
   4.78924160000000                          NaN                     NaN
   4.80284740000000                          NaN                     NaN
   4.81645320000000                          NaN                     NaN
   4.83005900000000                          NaN                     NaN
   4.84366480000000                          NaN                     NaN
   4.85727060000000                          NaN                     NaN
   4.87087640000000                          NaN                     NaN
   4.88448220000000                          NaN                     NaN
   4.89808800000000                          NaN                     NaN
   4.91169380000000                          NaN                     NaN
   4.92529960000000                          NaN                     NaN
   4.93890540000000                          NaN                     NaN
   4.95251120000000                          NaN                     NaN
   4.96611700000000                          NaN                     NaN
   4.97972280000000                          NaN                     NaN
   4.99332860000000                          NaN                     NaN
   5.00693440000000                          NaN                     NaN
   5.02054020000000                          NaN                     NaN
   5.03414600000000                          NaN                     NaN
   5.04775180000000                          NaN                     NaN
   5.06135760000000                          NaN                     NaN
   5.07496340000000                          NaN                     NaN
   5.08856920000000                          NaN                     NaN
   5.10217500000000                          NaN                     NaN
   5.11578080000000                          NaN                     NaN
   5.12938660000000                          NaN                     NaN
   5.14299240000000                          NaN                     NaN
   5.15659820000000                          NaN                     NaN
   5.17020400000000                          NaN                     NaN
   5.18380980000000                          NaN                     NaN
   5.19741560000000                          NaN                     NaN
   5.21102140000000                          NaN                     NaN
   5.22462720000000                          NaN                     NaN
   5.23823300000000                          NaN                     NaN
   5.25183880000000                          NaN                     NaN
   5.26544460000000                          NaN                     NaN
   5.27905040000000                          NaN                     NaN
   5.29265620000000                          NaN                     NaN
   5.30626200000000                          NaN                     NaN
   5.31986780000000                          NaN                     NaN
   5.33347360000000                          NaN                     NaN
   5.34707940000000                          NaN                     NaN
   5.36068520000000                          NaN                     NaN
   5.37429100000000                          NaN                     NaN
   5.38789680000000                          NaN                     NaN
   5.40150260000000                          NaN                     NaN
   5.41510840000000                          NaN                     NaN
   5.42871420000000                          NaN                     NaN
   5.44232000000000                          NaN                     NaN
   5.45592580000000                          NaN                     NaN
   5.46953160000000                          NaN                     NaN
   5.48313740000000                          NaN                     NaN
   5.49674320000000                          NaN                     NaN
   5.51034900000000                          NaN                     NaN
   5.52395480000000                          NaN                     NaN
   5.53756060000000                          NaN                     NaN
   5.55116640000000                          NaN                     NaN
   5.56477220000000                          NaN                     NaN
   5.57837800000000                          NaN                     NaN
   5.59198380000000                          NaN                     NaN
   5.60558960000000                          NaN                     NaN
   5.61919540000000                          NaN                     NaN
   5.63280120000000                          NaN                     NaN
   5.64640700000000                          NaN                     NaN
   5.66001280000000                          NaN                     NaN
   5.67361860000000                          NaN                     NaN
   5.68722440000000                          NaN                     NaN
   5.70083020000000                          NaN                     NaN
   5.71443600000000                          NaN                     NaN
   5.72804180000000                          NaN                     NaN
   5.74164760000000                          NaN                     NaN
   5.75525340000000                          NaN                     NaN
   5.76885920000000                          NaN                     NaN
   5.78246500000000                          NaN                     NaN
   5.79607080000000                          NaN                     NaN
   5.80967660000000                          NaN                     NaN
   5.82328240000000                          NaN                     NaN
   5.83688820000000                          NaN                     NaN
   5.85049400000000                          NaN                     NaN
   5.86409980000000                          NaN                     NaN
   5.87770560000000                          NaN                     NaN
   5.89131140000000                          NaN                     NaN
   5.90491720000000                          NaN                     NaN
   5.91852300000000                          NaN                     NaN
   5.93212880000000                          NaN                     NaN
   5.94573460000000                          NaN                     NaN
   5.95934040000000                          NaN                     NaN
   5.97294620000000                          NaN                     NaN
   5.98655200000000                          NaN                     NaN
   6.00015780000000                          NaN                     NaN
   6.01376360000000                          NaN                     NaN
   6.02736940000000                          NaN                     NaN
   6.04097520000000                          NaN                     NaN
   6.05458100000000                          NaN                     NaN
   6.06818680000000                          NaN                     NaN
   6.08179260000000                          NaN                     NaN
   6.09539840000000                          NaN                     NaN
   6.10900420000000                          NaN                     NaN
   6.12261000000000                          NaN                     NaN
   6.13621580000000                          NaN                     NaN
   6.14982160000000                          NaN                     NaN
   6.16342740000000                          NaN                     NaN
   6.17703320000000                          NaN                     NaN
   6.19063900000000                          NaN                     NaN
   6.20424480000000                          NaN                     NaN
   6.21785060000000                          NaN                     NaN
   6.23145640000000                          NaN                     NaN
   6.24506220000000                          NaN                     NaN
   6.25866800000000                          NaN                     NaN
   6.27227380000000                          NaN                     NaN
   6.28587960000000                          NaN                     NaN
   6.29948540000000                          NaN                     NaN
   6.31309120000000                          NaN                     NaN
   6.32669700000000                          NaN                     NaN
   6.34030280000000                          NaN                     NaN
   6.35390860000000                          NaN                     NaN
   6.36751440000000                          NaN                     NaN
   6.38112020000000                          NaN                     NaN
   6.39472600000000                          NaN                     NaN
   6.40833180000000                          NaN                     NaN
   6.42193760000000                          NaN                     NaN
   6.43554340000000                          NaN                     NaN
   6.44914920000000                          NaN                     NaN
   6.46275500000000                          NaN                     NaN
   6.47636080000000                          NaN                     NaN
   6.48996660000000                          NaN                     NaN
   6.50357240000000                          NaN                     NaN
   6.51717820000000                          NaN                     NaN
   6.53078400000000                          NaN                     NaN
   6.54438980000000                          NaN                     NaN
   6.55799560000000                          NaN                     NaN
   6.57160140000000                          NaN                     NaN
   6.58520720000000                          NaN                     NaN
   6.59881300000000                          NaN                     NaN
   6.61241880000000                          NaN                     NaN
   6.62602460000000                          NaN                     NaN
   6.63963040000000                          NaN                     NaN
   6.65323620000000                          NaN                     NaN
   6.66684200000000                          NaN                     NaN
   6.68044780000000                          NaN                     NaN
   6.69405360000000                          NaN                     NaN
   6.70765940000000                          NaN                     NaN
   6.72126520000000                          NaN                     NaN
   6.73487100000000                          NaN                     NaN
   6.74847680000000                          NaN                     NaN
   6.76208260000000                          NaN                     NaN
   6.77568840000000                          NaN                     NaN
   6.78929420000000                          NaN                     NaN
   6.80290000000000                          NaN                     NaN
   6.81650580000000                          NaN                     NaN
   6.83011160000000                          NaN                     NaN
   6.84371740000000                          NaN                     NaN
   6.85732320000000                          NaN                     NaN
   6.87092900000000                          NaN                     NaN
   6.88453480000000                          NaN                     NaN
   6.89814060000000                          NaN                     NaN
   6.91174640000000                          NaN                     NaN
   6.92535220000000                          NaN                     NaN
   6.93895800000000                          NaN                     NaN
   6.95256380000000                          NaN                     NaN
   6.96616960000000                          NaN                     NaN
   6.97977540000000                          NaN                     NaN
   6.99338120000000                          NaN                     NaN
   7.00698700000000                          NaN                     NaN
   7.02059280000000                          NaN                     NaN
   7.03419860000000                          NaN                     NaN
   7.04780440000000                          NaN                     NaN
   7.06141020000000                          NaN                     NaN
   7.07501600000000                          NaN                     NaN
   7.08862180000000                          NaN                     NaN
   7.10222760000000                          NaN                     NaN
   7.11583340000000                          NaN                     NaN
   7.12943920000000                          NaN                     NaN
   7.14304500000000                          NaN                     NaN
   7.15665080000000                          NaN                     NaN
   7.17025660000000                          NaN                     NaN
   7.18386240000000                          NaN                     NaN
   7.19746820000000                          NaN                     NaN
   7.21107400000000                          NaN                     NaN
   7.22467980000000                          NaN                     NaN
   7.23828560000000                          NaN                     NaN
   7.25189140000000                          NaN                     NaN
   7.26549720000000                          NaN                     NaN
   7.27910300000000                          NaN                     NaN
   7.29270880000000                          NaN                     NaN
   7.30631460000000                          NaN                     NaN
   7.31992040000000                          NaN                     NaN
   7.33352620000000                          NaN                     NaN
   7.34713200000000                          NaN                     NaN
   7.36073780000000                          NaN                     NaN
   7.37434360000000                          NaN                     NaN
   7.38794940000000                          NaN                     NaN
   7.40155520000000                          NaN                     NaN
   7.41516100000000                          NaN                     NaN
   7.42876680000000                          NaN                     NaN
   7.44237260000000                          NaN                     NaN
   7.45597840000000                          NaN                     NaN
   7.46958420000000                          NaN                     NaN
   7.48319000000000                          NaN                     NaN
   7.49679580000000                          NaN                     NaN
   7.51040160000000                          NaN                     NaN
   7.52400740000000                          NaN                     NaN
   7.53761320000000                          NaN                     NaN
   7.55121900000000                          NaN                     NaN
   7.56482480000000                          NaN                     NaN
   7.57843060000000                          NaN                     NaN
   7.59203640000000                          NaN                     NaN
   7.60564220000000                          NaN                     NaN
   7.61924800000000                          NaN                     NaN
   7.63285380000000                          NaN                     NaN
   7.64645960000000                          NaN                     NaN
   7.66006540000000                          NaN                     NaN
   7.67367120000000                          NaN                     NaN
   7.68727700000000                          NaN                     NaN
   7.70088280000000                          NaN                     NaN
   7.71448860000000                          NaN                     NaN
   7.72809440000000                          NaN                     NaN
   7.74170020000000                          NaN                     NaN
   7.75530600000000                          NaN                     NaN
   7.76891180000000                          NaN                     NaN
   7.78251760000000                          NaN                     NaN
   7.79612340000000                          NaN                     NaN
   7.80972920000000                          NaN                     NaN
   7.82333500000000                          NaN                     NaN
   7.83694080000000                          NaN                     NaN
   7.85054660000000                          NaN                     NaN
   7.86415240000000                          NaN                     NaN
   7.87775820000000                          NaN                     NaN
   7.89136400000000                          NaN                     NaN
   7.90496980000000                          NaN                     NaN
   7.91857560000000                          NaN                     NaN
   7.93218140000000                          NaN                     NaN
   7.94578720000000                          NaN                     NaN
   7.95939300000000                          NaN                     NaN
   7.97299880000000                          NaN                     NaN
   7.98660460000000                          NaN                     NaN
   8.00021040000000                          NaN                     NaN
   8.01381620000000                          NaN                     NaN
   8.02742200000000                          NaN                     NaN
   8.04102780000000                          NaN                     NaN
   8.05463360000000                          NaN                     NaN
   8.06823940000000                          NaN                     NaN
   8.08184520000000                          NaN                     NaN
   8.09545100000000                          NaN                     NaN
   8.10905680000000                          NaN                     NaN
   8.12266260000000                          NaN                     NaN
   8.13626840000000                          NaN                     NaN
   8.14987420000000                          NaN                     NaN
   8.16348000000000                          NaN                     NaN
   8.17708580000000                          NaN                     NaN
   8.19069160000000                          NaN                     NaN
   8.20429740000000                          NaN                     NaN
   8.21790320000000                          NaN                     NaN
   8.23150900000000                          NaN                     NaN
   8.24511480000000                          NaN                     NaN
   8.25872060000000                          NaN                     NaN
   8.27232640000000                          NaN                     NaN
   8.28593220000000                          NaN                     NaN
   8.29953800000000                          NaN                     NaN
   8.31314380000000                          NaN                     NaN
   8.32674960000000                          NaN                     NaN
   8.34035540000000                          NaN                     NaN
   8.35396120000000                          NaN                     NaN
   8.36756700000000                          NaN                     NaN
   8.38117280000000                          NaN                     NaN
   8.39477860000000                          NaN                     NaN
   8.40838440000000                          NaN                     NaN
   8.42199020000000                          NaN                     NaN
   8.43559600000000                          NaN                     NaN
   8.44920180000000                          NaN                     NaN
   8.46280760000000                          NaN                     NaN
   8.47641340000000                          NaN                     NaN
   8.49001920000000                          NaN                     NaN
   8.50362500000000                          NaN                     NaN
   8.51723080000000                          NaN                     NaN
   8.53083660000000                          NaN                     NaN
   8.54444240000000                          NaN                     NaN
   8.55804820000000                          NaN                     NaN
   8.57165400000000                          NaN                     NaN
   8.58525980000000                          NaN                     NaN
   8.59886560000000                          NaN                     NaN
   8.61247140000000                          NaN                     NaN
   8.62607720000000                          NaN                     NaN
   8.63968300000000                          NaN                     NaN
   8.65328880000000                          NaN                     NaN
   8.66689460000000                          NaN                     NaN
   8.68050040000000                          NaN                     NaN
   8.69410620000000                          NaN                     NaN
   8.70771200000000                          NaN                     NaN
   8.72131780000000                          NaN                     NaN
   8.73492360000000                          NaN                     NaN
   8.74852940000000                          NaN                     NaN
   8.76213520000000                          NaN                     NaN
   8.77574100000000                          NaN                     NaN
   8.78934680000000                          NaN                     NaN
   8.80295260000000                          NaN                     NaN
   8.81655840000000                          NaN                     NaN
   8.83016420000000                          NaN                     NaN
   8.84377000000000                          NaN                     NaN
   8.85737580000000                          NaN                     NaN
   8.87098160000000                          NaN                     NaN
   8.88458740000000                          NaN                     NaN
   8.89819320000000                          NaN                     NaN
   8.91179900000000                          NaN                     NaN
   8.92540480000000                          NaN                     NaN
   8.93901060000000                          NaN                     NaN
   8.95261640000000                          NaN                     NaN
   8.96622220000000                          NaN                     NaN
   8.97982800000000                          NaN                     NaN
   8.99343380000000                          NaN                     NaN
   9.00703960000000                          NaN                     NaN
   9.02064540000000                          NaN                     NaN
   9.03425120000000                          NaN                     NaN
   9.04785700000000                          NaN                     NaN
   9.06146280000000                          NaN                     NaN
   9.07506860000000                          NaN                     NaN
   9.08867440000000                          NaN                     NaN
   9.10228020000000                          NaN                     NaN
   9.11588600000000                          NaN                     NaN
   9.12949180000000                          NaN                     NaN
   9.14309760000000                          NaN                     NaN
   9.15670340000000                          NaN                     NaN
   9.17030920000000                          NaN                     NaN
   9.18391500000000                          NaN                     NaN
   9.19752080000000                          NaN                     NaN
   9.21112660000000                          NaN                     NaN
   9.22473240000000                          NaN                     NaN
   9.23833820000000                          NaN                     NaN
   9.25194400000000                          NaN                     NaN
   9.26554980000000                          NaN                     NaN
   9.27915560000000                          NaN                     NaN
   9.29276140000000                          NaN                     NaN
   9.30636720000000                          NaN                     NaN
   9.31997300000000                          NaN                     NaN
   9.33357880000000                          NaN                     NaN
   9.34718460000000                          NaN                     NaN
   9.36079040000000                          NaN                     NaN
   9.37439620000000                          NaN                     NaN
   9.38800200000000                          NaN                     NaN
   9.40160780000000                          NaN                     NaN
   9.41521360000000                          NaN                     NaN
   9.42881940000000                          NaN                     NaN
   9.44242520000000                          NaN                     NaN
   9.45603100000000                          NaN                     NaN
   9.46963680000000                          NaN                     NaN
   9.48324260000000                          NaN                     NaN
   9.49684840000000                          NaN                     NaN
   9.51045420000000                          NaN                     NaN
   9.52406000000000                          NaN                     NaN
   9.53766580000000                          NaN                     NaN
   9.55127160000000                          NaN                     NaN
   9.56487740000000                          NaN                     NaN
   9.57848320000000                          NaN                     NaN
   9.59208900000000                          NaN                     NaN
   9.60569480000000                          NaN                     NaN
   9.61930060000000                          NaN                     NaN
   9.63290640000000                          NaN                     NaN
   9.64651220000000                          NaN                     NaN
   9.66011800000000                          NaN                     NaN
   9.67372380000000                          NaN                     NaN
   9.68732960000000                          NaN                     NaN
   9.70093540000000                          NaN                     NaN
   9.71454120000000                          NaN                     NaN
   9.72814700000000                          NaN                     NaN
   9.74175280000000                          NaN                     NaN
   9.75535860000000                          NaN                     NaN
   9.76896440000000                          NaN                     NaN
   9.78257020000000                          NaN                     NaN
   9.79617600000000                          NaN                     NaN
   9.80978180000000                          NaN                     NaN
   9.82338760000000                          NaN                     NaN
   9.83699340000000                          NaN                     NaN
   9.85059920000000                          NaN                     NaN
   9.86420500000000                          NaN                     NaN
   9.87781080000000                          NaN                     NaN
   9.89141660000000                          NaN                     NaN
   9.90502240000000                          NaN                     NaN
   9.91862820000000                          NaN                     NaN
   9.93223400000000                          NaN                     NaN
   9.94583980000000                          NaN                     NaN
   9.95944560000000                          NaN                     NaN
   9.97305140000000                          NaN                     NaN
   9.98665720000000                          NaN                     NaN
   10.0002630000000                          NaN                     NaN
   10.0138688000000                          NaN                     NaN
   10.0274746000000                          NaN                     NaN
   10.0410804000000                          NaN                     NaN
   10.0546862000000                          NaN                     NaN
   10.0682920000000                          NaN                     NaN
   10.0818978000000                          NaN                     NaN
   10.0955036000000                          NaN                     NaN
   10.1091094000000                          NaN                     NaN
   10.1227152000000                          NaN                     NaN
   10.1363210000000                          NaN                     NaN
   10.1499268000000                          NaN                     NaN
   10.1635326000000                          NaN                     NaN
   10.1771384000000                          NaN                     NaN
   10.1907442000000                          NaN                     NaN
   10.2043500000000                          NaN                     NaN
   10.2179558000000                          NaN                     NaN
   10.2315616000000                          NaN                     NaN
   10.2451674000000                          NaN                     NaN
   10.2587732000000                          NaN                     NaN
   10.2723790000000                          NaN                     NaN
   10.2859848000000                          NaN                     NaN
   10.2995906000000                          NaN                     NaN
   10.3131964000000                          NaN                     NaN
   10.3268022000000                          NaN                     NaN
   10.3404080000000                          NaN                     NaN
   10.3540138000000                          NaN                     NaN
   10.3676196000000                          NaN                     NaN
   10.3812254000000                          NaN                     NaN
   10.3948312000000                          NaN                     NaN
   10.4084370000000                          NaN                     NaN
   10.4220428000000                          NaN                     NaN
   10.4356486000000                          NaN                     NaN
   10.4492544000000                          NaN                     NaN
   10.4628602000000                          NaN                     NaN
   10.4764660000000                          NaN                     NaN
   10.4900718000000                          NaN                     NaN
   10.5036776000000                          NaN                     NaN
   10.5172834000000                          NaN                     NaN
   10.5308892000000                          NaN                     NaN
   10.5444950000000                          NaN                     NaN
   10.5581008000000                          NaN                     NaN
   10.5717066000000                          NaN                     NaN
   10.5853124000000                          NaN                     NaN
   10.5989182000000                          NaN                     NaN
   10.6125240000000                          NaN                     NaN
   10.6261298000000                          NaN                     NaN
   10.6397356000000                          NaN                     NaN
   10.6533414000000                          NaN                     NaN
   10.6669472000000                          NaN                     NaN
   10.6805530000000                          NaN                     NaN
   10.6941588000000                          NaN                     NaN
   10.7077646000000                          NaN                     NaN
   10.7213704000000                          NaN                     NaN
   10.7349762000000                          NaN                     NaN
   10.7485820000000                          NaN                     NaN
   10.7621878000000                          NaN                     NaN
   10.7757936000000                          NaN                     NaN
   10.7893994000000                          NaN                     NaN
   10.8030052000000                          NaN                     NaN
   10.8166110000000                          NaN                     NaN
   10.8302168000000                          NaN                     NaN
   10.8438226000000                          NaN                     NaN
   10.8574284000000                          NaN                     NaN
   10.8710342000000                          NaN                     NaN
   10.8846400000000                          NaN                     NaN
   10.8982458000000                          NaN                     NaN
   10.9118516000000                          NaN                     NaN
   10.9254574000000                          NaN                     NaN
   10.9390632000000                          NaN                     NaN
   10.9526690000000                          NaN                     NaN
   10.9662748000000                          NaN                     NaN
   10.9798806000000                          NaN                     NaN
   10.9934864000000                          NaN                     NaN
   11.0070922000000                          NaN                     NaN
   11.0206980000000                          NaN                     NaN
   11.0343038000000                          NaN                     NaN
   11.0479096000000                          NaN                     NaN
   11.0615154000000                          NaN                     NaN
   11.0751212000000                          NaN                     NaN
   11.0887270000000                          NaN                     NaN
   11.1023328000000                          NaN                     NaN
   11.1159386000000                          NaN                     NaN
   11.1295444000000                          NaN                     NaN
   11.1431502000000                          NaN                     NaN
   11.1567560000000                          NaN                     NaN
   11.1703618000000                          NaN                     NaN
   11.1839676000000                          NaN                     NaN
   11.1975734000000                          NaN                     NaN
   11.2111792000000                          NaN                     NaN
   11.2247850000000                          NaN                     NaN
   11.2383908000000                          NaN                     NaN
   11.2519966000000                          NaN                     NaN
   11.2656024000000                          NaN                     NaN
   11.2792082000000                          NaN                     NaN
   11.2928140000000                          NaN                     NaN
   11.3064198000000                          NaN                     NaN
   11.3200256000000                          NaN                     NaN
   11.3336314000000                          NaN                     NaN
   11.3472372000000                          NaN                     NaN
   11.3608430000000                          NaN                     NaN
   11.3744488000000                          NaN                     NaN
   11.3880546000000                          NaN                     NaN
   11.4016604000000                          NaN                     NaN
   11.4152662000000                          NaN                     NaN
   11.4288720000000                          NaN                     NaN
   11.4424778000000                          NaN                     NaN
   11.4560836000000                          NaN                     NaN
   11.4696894000000                          NaN                     NaN
   11.4832952000000                          NaN                     NaN
   11.4969010000000                          NaN                     NaN
   11.5105068000000                          NaN                     NaN
   11.5241126000000                          NaN                     NaN
   11.5377184000000                          NaN                     NaN
   11.5513242000000                          NaN                     NaN
   11.5649300000000                          NaN                     NaN
   11.5785358000000                          NaN                     NaN
   11.5921416000000                          NaN                     NaN
   11.6057474000000                          NaN                     NaN
   11.6193532000000                          NaN                     NaN
   11.6329590000000                          NaN                     NaN
   11.6465648000000                          NaN                     NaN
   11.6601706000000                          NaN                     NaN
   11.6737764000000                          NaN                     NaN
   11.6873822000000                          NaN                     NaN
   11.7009880000000                          NaN                     NaN
   11.7145938000000                          NaN                     NaN
   11.7281996000000                          NaN                     NaN
   11.7418054000000                          NaN                     NaN
   11.7554112000000                          NaN                     NaN
   11.7690170000000                          NaN                     NaN
   11.7826228000000                          NaN                     NaN
   11.7962286000000                          NaN                     NaN
   11.8098344000000                          NaN                     NaN
   11.8234402000000                          NaN                     NaN
   11.8370460000000                          NaN                     NaN
   11.8506518000000                          NaN                     NaN
   11.8642576000000                          NaN                     NaN
   11.8778634000000                          NaN                     NaN
   11.8914692000000                          NaN                     NaN
   11.9050750000000                          NaN                     NaN
   11.9186808000000                          NaN                     NaN
   11.9322866000000                          NaN                     NaN
   11.9458924000000                          NaN                     NaN
   11.9594982000000                          NaN                     NaN
   11.9731040000000                          NaN                     NaN
   11.9867098000000                          NaN                     NaN
   12.0003156000000                          NaN                     NaN
   12.0139214000000                          NaN                     NaN
   12.0275272000000                          NaN                     NaN
   12.0411330000000                          NaN                     NaN
   12.0547388000000                          NaN                     NaN
   12.0683446000000                          NaN                     NaN
   12.0819504000000                          NaN                     NaN
   12.0955562000000                          NaN                     NaN
   12.1091620000000                          NaN                     NaN
   12.1227678000000                          NaN                     NaN
   12.1363736000000                          NaN                     NaN
   12.1499794000000                          NaN                     NaN
   12.1635852000000                          NaN                     NaN
   12.1771910000000                          NaN                     NaN
   12.1907968000000                          NaN                     NaN
   12.2044026000000                          NaN                     NaN
   12.2180084000000                          NaN                     NaN
   12.2316142000000                          NaN                     NaN
   12.2452200000000                          NaN                     NaN
   12.2588258000000                          NaN                     NaN
   12.2724316000000                          NaN                     NaN
   12.2860374000000                          NaN                     NaN
   12.2996432000000                          NaN                     NaN
   12.3132490000000                          NaN                     NaN
   12.3268548000000                          NaN                     NaN
   12.3404606000000                          NaN                     NaN
   12.3540664000000                          NaN                     NaN
   12.3676722000000                          NaN                     NaN
   12.3812780000000                          NaN                     NaN
   12.3948838000000                          NaN                     NaN
   12.4084896000000                          NaN                     NaN
   12.4220954000000                          NaN                     NaN
   12.4357012000000                          NaN                     NaN
   12.4493070000000                          NaN                     NaN
   12.4629128000000                          NaN                     NaN
   12.4765186000000                          NaN                     NaN
   12.4901244000000                          NaN                     NaN
   12.5037302000000                          NaN                     NaN
   12.5173360000000                          NaN                     NaN
   12.5309418000000                          NaN                     NaN
   12.5445476000000                          NaN                     NaN
   12.5581534000000                          NaN                     NaN
   12.5717592000000                          NaN                     NaN
   12.5853650000000                          NaN                     NaN
   12.5989708000000                          NaN                     NaN
   12.6125766000000                          NaN                     NaN
   12.6261824000000                          NaN                     NaN
   12.6397882000000                          NaN                     NaN
   12.6533940000000                          NaN                     NaN
   12.6669998000000                          NaN                     NaN
   12.6806056000000                          NaN                     NaN
   12.6942114000000                          NaN                     NaN
   12.7078172000000                          NaN                     NaN
   12.7214230000000                          NaN                     NaN
   12.7350288000000                          NaN                     NaN
   12.7486346000000                          NaN                     NaN
   12.7622404000000                          NaN                     NaN
   12.7758462000000                          NaN                     NaN
   12.7894520000000                          NaN                     NaN
   12.8030578000000                          NaN                     NaN
   12.8166636000000                          NaN                     NaN
   12.8302694000000                          NaN                     NaN
   12.8438752000000                          NaN                     NaN
   12.8574810000000                          NaN                     NaN
   12.8710868000000                          NaN                     NaN
   12.8846926000000                          NaN                     NaN
   12.8982984000000                          NaN                     NaN
   12.9119042000000                          NaN                     NaN
   12.9255100000000                          NaN                     NaN
   12.9391158000000                          NaN                     NaN
   12.9527216000000                          NaN                     NaN
   12.9663274000000                          NaN                     NaN
   12.9799332000000                          NaN                     NaN
   12.9935390000000                          NaN                     NaN
   13.0071448000000                          NaN                     NaN
   13.0207506000000                          NaN                     NaN
   13.0343564000000                          NaN                     NaN
   13.0479622000000                          NaN                     NaN
   13.0615680000000                          NaN                     NaN
   13.0751738000000                          NaN                     NaN
   13.0887796000000                          NaN                     NaN
   13.1023854000000                          NaN                     NaN
   13.1159912000000                          NaN                     NaN
   13.1295970000000                          NaN                     NaN
   13.1432028000000                          NaN                     NaN
   13.1568086000000                          NaN                     NaN
   13.1704144000000                          NaN                     NaN
   13.1840202000000                          NaN                     NaN
   13.1976260000000                          NaN                     NaN
   13.2112318000000                          NaN                     NaN
   13.2248376000000                          NaN                     NaN
   13.2384434000000                          NaN                     NaN
   13.2520492000000                          NaN                     NaN
   13.2656550000000                          NaN                     NaN
   13.2792608000000                          NaN                     NaN
   13.2928666000000                          NaN                     NaN
   13.3064724000000                          NaN                     NaN
   13.3200782000000                          NaN                     NaN
   13.3336840000000                          NaN                     NaN
   13.3472898000000                          NaN                     NaN
   13.3608956000000                          NaN                     NaN
   13.3745014000000                          NaN                     NaN
   13.3881072000000                          NaN                     NaN
   13.4017130000000                          NaN                     NaN
   13.4153188000000                          NaN                     NaN
   13.4289246000000                          NaN                     NaN
   13.4425304000000                          NaN                     NaN
   13.4561362000000                          NaN                     NaN
   13.4697420000000                          NaN                     NaN
   13.4833478000000                          NaN                     NaN
   13.4969536000000                          NaN                     NaN
   13.5105594000000                          NaN                     NaN
   13.5241652000000                          NaN                     NaN
   13.5377710000000                          NaN                     NaN
   13.5513768000000                          NaN                     NaN
   13.5649826000000                          NaN                     NaN
   13.5785884000000                          NaN                     NaN
   13.5921942000000                          NaN                     NaN
   13.6058000000000                          NaN                     NaN
