 #Independent Particle F
 #Numkpts,nspin=         216           1
 #spin=           1
 #Number of BSE conduction states=           3
 #Number of BSE valence          states=           8
 #Total number of val/cond states=           6           6
 #Gaussian broadening= F
 #If not Gaussian broadening then Lorentzian
 #Broadenings=  1.000000000000000E-003  1.000000000000000E-003
 #LDA energies used as N.L. potential correction in BSE program and NOT lmf F
 #direction of q-vector=
 #  0.707106781186547       0.707106781186547       0.000000000000000E+000
 #Energy(eV),Real(eps),Imag(eps)
  0.000000000000000E+000   2.61171720054486       3.819249699929552E-003
  1.360580000000000E-002   2.61172709251000       3.819334285046125E-003
  2.721160000000000E-002   2.61175676945084       3.819588058035599E-003
  4.081740000000000E-002   2.61180623450401       3.820011071829190E-003
  5.442320000000000E-002   2.61187549289856       3.820603414685778E-003
  6.802900000000001E-002   2.61196455195798       3.821365210251864E-003
  8.163480000000001E-002   2.61207342110293       3.822296617646213E-003
  9.524060000000001E-002   2.61220211185487       3.823397831568424E-003
  0.108846400000000        2.61235063784047       3.824669082432810E-003
  0.122452200000000        2.61251901479679       3.826110636526472E-003
  0.136058000000000        2.61270726057734       3.827722796193306E-003
  0.149663800000000        2.61291539515896       3.829505900043266E-003
  0.163269600000000        2.61314344064950       3.831460323188091E-003
  0.176875400000000        2.61339142129630       3.833586477503416E-003
  0.190481200000000        2.61365936349569       3.835884811918377E-003
  0.204087000000000        2.61394729580321       3.838355812732916E-003
  0.217692800000000        2.61425524894475       3.841000003963906E-003
  0.231298600000000        2.61458325582862       3.843817947720596E-003
  0.244904400000000        2.61493135155845       3.846810244610331E-003
  0.258510200000000        2.61529957344713       3.849977534175617E-003
  0.272116000000000        2.61568796103163       3.853320495363547E-003
  0.285721800000000        2.61609655608880       3.856839847028565E-003
  0.299327600000000        2.61652540265211       3.860536348469921E-003
  0.312933400000000        2.61697454702956       3.864410800005522E-003
  0.326539200000000        2.61744403782239       3.868464043582959E-003
  0.340145000000000        2.61793392594507       3.872696963429802E-003
  0.353750800000000        2.61844426464625       3.877110486745119E-003
  0.367356600000000        2.61897510953101       3.881705584433195E-003
  0.380962400000000        2.61952651858393       3.886483271882661E-003
  0.394568200000000        2.62009855219377       3.891444609792349E-003
  0.408174000000000        2.62069127317910       3.896590705046874E-003
  0.421779800000000        2.62130474681529       3.901922711644187E-003
  0.435385600000000        2.62193904086284       3.907441831678011E-003
  0.448991400000000        2.62259422559708       3.913149316378633E-003
  0.462597200000000        2.62327037383923       3.919046467214911E-003
  0.476203000000000        2.62396756098902       3.925134637061357E-003
  0.489808800000000        2.62468586505878       3.931415231434333E-003
  0.503414600000000        2.62542536670915       3.937889709801735E-003
  0.517020400000000        2.62618614928646       3.944559586970577E-003
  0.530626200000000        2.62696829886180       3.951426434558292E-003
  0.544232000000000        2.62777190427204       3.958491882552456E-003
  0.557837800000000        2.62859705716256       3.965757620966013E-003
  0.571443600000000        2.62944385203217       3.973225401593993E-003
  0.585049400000000        2.63031238627998       3.980897039879828E-003
  0.598655200000000        2.63120276025444       3.988774416898630E-003
  0.612261000000000        2.63211507730494       3.996859481466820E-003
  0.625866800000000        2.63304944383557       4.005154252387707E-003
  0.639472600000000        2.63400596936158       4.013660820843820E-003
  0.653078400000000        2.63498476656856       4.022381352947749E-003
  0.666684200000000        2.63598595137451       4.031318092464608E-003
  0.680290000000000        2.63700964299490       4.040473363720549E-003
  0.693895800000000        2.63805596401100       4.049849574713588E-003
  0.707501600000000        2.63912504044177       4.059449220443644E-003
  0.721107400000000        2.64021700181916       4.069274886482361E-003
  0.734713200000000        2.64133198126764       4.079329252804106E-003
  0.748319000000000        2.64247011558763       4.089615097902004E-003
  0.761924800000000        2.64363154534365       4.100135303216786E-003
  0.775530600000000        2.64481641495698       4.110892857908081E-003
  0.789136400000000        2.64602487280383       4.121890864002132E-003
  0.802742200000000        2.64725707131871       4.133132541953596E-003
  0.816348000000000        2.64851316710401       4.144621236663541E-003
  0.829953800000000        2.64979332104586       4.156360424001681E-003
  0.843559600000000        2.65109769843708       4.168353717886187E-003
  0.857165400000000        2.65242646910754       4.180604877980932E-003
  0.870771200000000        2.65377980756292       4.193117818079043E-003
  0.884377000000000        2.65515789313213       4.205896615249628E-003
  0.897982800000000        2.65656091012464       4.218945519834471E-003
  0.911588600000000        2.65798904799835       4.232268966395157E-003
  0.925194400000000        2.65944250153889       4.245871585722664E-003
  0.938800200000000        2.66092147105201       4.259758218038672E-003
  0.952406000000000        2.66242616256948       4.273933927535758E-003
  0.966011800000000        2.66395678807073       4.288404018425794E-003
  0.979617600000000        2.66551356572134       4.303174052689350E-003
  0.993223400000000        2.66709672013010       4.318249869749803E-003
   1.00682920000000        2.66870648262726       4.333637608328714E-003
   1.02043500000000        2.67034309156556       4.349343730780135E-003
   1.03404080000000        2.67200679264712       4.365375050248059E-003
   1.04764660000000        2.67369783927900       4.381738761047392E-003
   1.06125240000000        2.67541649296112       4.398442472735368E-003
   1.07485820000000        2.67716302370985       4.415494248417604E-003
   1.08846400000000        2.67893771052270       4.432902647928217E-003
   1.10206980000000        2.68074084188838       4.450676776634616E-003
   1.11567560000000        2.68257271634877       4.468826340749745E-003
   1.12928140000000        2.68443364311978       4.487361710200650E-003
   1.14288720000000        2.68632394277884       4.506293990292041E-003
   1.15649300000000        2.68824394802870       4.525635103642154E-003
   1.17009880000000        2.69019400454854       4.545397884156123E-003
   1.18370460000000        2.69217447194526       4.565596185150871E-003
   1.19731040000000        2.69418572482016       4.586245004178047E-003
   1.21091620000000        2.69622815396903       4.607360627618937E-003
   1.22452200000000        2.69830216773711       4.628960798783639E-003
   1.23812780000000        2.70040819355397       4.651064914059088E-003
   1.25173360000000        2.70254667967901       4.673694252669937E-003
   1.26533940000000        2.70471809719393       4.696872246892144E-003
   1.27894520000000        2.70692294228594       4.720624801172606E-003
   1.29255100000000        2.70916173887506       4.744980670652439E-003
   1.30615680000000        2.71143504165016       4.769971912203646E-003
   1.31976260000000        2.71374343959291       4.795634424442573E-003
   1.33336840000000        2.71608756008702       4.822008597516997E-003
   1.34697420000000        2.71846807373290       4.849140099107358E-003
   1.36058000000000        2.72088570001755       4.877080830476148E-003
   1.37418580000000        2.72334121402660       4.905890096166378E-003
   1.38779160000000        2.72583545443445       4.935636043954007E-003
   1.40139740000000        2.72836933307105       4.966397449115822E-003
   1.41500320000000        2.73094384644709       4.998265940729316E-003
   1.42860900000000        2.73356008972891       5.031348800072860E-003
   1.44221480000000        2.73621927380042       5.065772505899366E-003
   1.45582060000000        2.73892274624684       5.101687263807507E-003
   1.46942640000000        2.74167201736276       5.139272845190464E-003
   1.48303220000000        2.74446879265707       5.178746187538694E-003
   1.49663800000000        2.74731501384055       5.220371391039175E-003
   1.51024380000000        2.75021291100794       5.264473015934306E-003
   1.52384960000000        2.75316506976158       5.311453987929629E-003
   1.53745540000000        2.75617451852725       5.361820031320648E-003
   1.55106120000000        2.75924484352756       5.416213497794281E-003
   1.56466700000000        2.76238034219833       5.475460957266092E-003
   1.57827280000000        2.76558623090631       5.540641337804804E-003
   1.59187860000000        2.76886893073772       5.613185409086451E-003
   1.60548440000000        2.77223646774735       5.695024220034483E-003
   1.61909020000000        2.77569904469954       5.788816050349429E-003
   1.63269600000000        2.77926987603769       5.898303104020653E-003
   1.64630180000000        2.78296643798681       6.028889998360849E-003
   1.65990760000000        2.78681239361156       6.188616445885657E-003
   1.67351340000000        2.79084065367503       6.389862758225128E-003
   1.68711920000000        2.79509842453132       6.652491322552129E-003
   1.70072500000000        2.79965588741079       7.009983053420107E-003
   1.71433080000000        2.80462184087011       7.522307571693500E-003
   1.72793660000000        2.81017336965506       8.305390899933469E-003
   1.74154240000000        2.81661484499826       9.606458729972778E-003
   1.75514820000000        2.82449612664447       1.202590384706680E-002
   1.76875400000000        2.83478987483726       1.729852612598627E-002
   1.78235980000000        2.84809038499013       3.157626395323061E-002
   1.79596560000000        2.84593622258665       7.241222901679494E-002
   1.80957140000000        2.78545305102897       7.071128713447548E-002
   1.82317720000000        2.78550806976743       3.365715376274264E-002
   1.83678300000000        2.79492452788136       2.172381210242982E-002
   1.85038880000000        2.80402457596697       1.398329781911881E-002
   1.86399460000000        2.81270633164348       1.063579032909748E-002
   1.87760040000000        2.81996744454923       9.083797347120432E-003
   1.89120620000000        2.82631528892871       8.248174833100919E-003
   1.90481200000000        2.83210678703974       7.754664661406212E-003
   1.91841780000000        2.83755014886953       7.446714427684424E-003
   1.93202360000000        2.84277092066484       7.248789328646670E-003
   1.94562940000000        2.84784872759302       7.120577739905759E-003
   1.95923520000000        2.85283647633871       7.038901571768530E-003
   1.97284100000000        2.85777077350416       6.989645195835476E-003
   1.98644680000000        2.86267785747656       6.963808872240540E-003
   2.00005260000000        2.86757713167470       6.955435980926648E-003
   2.01365840000000        2.87248335453713       6.960459893931053E-003
   2.02726420000000        2.87740804489306       6.976031246330248E-003
   2.04087000000000        2.88236041163059       7.000109450610447E-003
   2.05447580000000        2.88734798534317       7.031206030056246E-003
   2.06808160000000        2.89237705779689       7.068218497894502E-003
   2.08168740000000        2.89745299426212       7.110320018769727E-003
   2.09529320000000        2.90258045980442       7.156884428641450E-003
   2.10889900000000        2.90776358615269       7.207434239943282E-003
   2.12250480000000        2.91300609677564       7.261603929432363E-003
   2.13611060000000        2.91831140208258       7.319113595774429E-003
   2.14971640000000        2.92368267295285       7.379749784020856E-003
   2.16332220000000        2.92912289833812       7.443351347363561E-003
   2.17692800000000        2.93463493102247       7.509798904548209E-003
   2.19053380000000        2.94022152448672       7.579006900998602E-003
   2.20413960000000        2.94588536303241       7.650917580864186E-003
   2.21774540000000        2.95162908676096       7.725496379501674E-003
   2.23135120000000        2.95745531260447       7.802728384788848E-003
   2.24495700000000        2.96336665231569       7.882615612357745E-003
   2.25856280000000        2.96936572811376       7.965174908049504E-003
   2.27216860000000        2.97545518652670       8.050436339610308E-003
   2.28577440000000        2.98163771085581       8.138441974855179E-003
   2.29938020000000        2.98791603260100       8.229244969269016E-003
   2.31298600000000        2.99429294212036       8.322908905039070E-003
   2.32659180000000        3.00077129874856       8.419507337739407E-003
   2.34019760000000        3.00735404056120       8.519123517650207E-003
   2.35380340000000        3.01404419394424       8.621850260938601E-003
   2.36740920000000        3.02084488310712       8.727789952329066E-003
   2.38101500000000        3.02775933966217       8.837054665945790E-003
   2.39462080000000        3.03479091238257       8.949766395072752E-003
   2.40822660000000        3.04194307724344       9.066057384916146E-003
   2.42183240000000        3.04921944784634       9.186070565272909E-003
   2.43543820000000        3.05662378632610       9.309960082461282E-003
   2.44904400000000        3.06416001483867       9.437891932072196E-003
   2.46264980000000        3.07183222773232       9.570044696166366E-003
   2.47625560000000        3.07964470450813       9.706610390529290E-003
   2.48986140000000        3.08760192368307       9.847795429608877E-003
   2.50346720000000        3.09570857767722       9.993821718835118E-003
   2.51707300000000        3.10396958885759       1.014492788624276E-002
   2.53067880000000        3.11239012688384       1.030137066775084E-002
   2.54428460000000        3.12097562751686       1.046342646315294E-002
   2.55789040000000        3.12973181306983       1.063139308294052E-002
   2.57149620000000        3.13866471470260       1.080559170959301E-002
   2.58510200000000        3.14778069678595       1.098636910102919E-002
   2.59870780000000        3.15708648359218       1.117410006866369E-002
   2.61231360000000        3.16658918860261       1.136919026807948E-002
   2.62591940000000        3.17629634676456       1.157207934691981E-002
   2.63952520000000        3.18621595007709       1.178324450242918E-002
   2.65313100000000        3.19635648694229       1.200320451042771E-002
   2.66673680000000        3.20672698578445       1.223252429872510E-002
   2.68034260000000        3.21733706351893       1.247182015151775E-002
   2.69394840000000        3.22819697954557       1.272176564771260E-002
   2.70755420000000        3.23931769605278       1.298309845609559E-002
   2.72116000000000        3.25071094555151       1.325662813469288E-002
   2.73476580000000        3.26238930671821       1.354324511174455E-002
   2.74837160000000        3.27436628981838       1.384393106288032E-002
   2.76197740000000        3.28665643321538       1.415977094533858E-002
   2.77558320000000        3.29927541275484       1.449196700794345E-002
   2.78918900000000        3.31224016616071       1.484185516844551E-002
   2.80279480000000        3.32556903501000       1.521092424225833E-002
   2.81640060000000        3.33928192738219       1.560083862468328E-002
   2.83000640000000        3.35340050494177       1.601346518068038E-002
   2.84361220000000        3.36794839904359       1.645090529349083E-002
   2.85721800000000        3.38295146150018       1.691553328172854E-002
   2.87082380000000        3.39843805699151       1.741004273612052E-002
   2.88442960000000        3.41443940581896       1.793750278341068E-002
   2.89803540000000        3.43098998794297       1.850142690153229E-002
   2.91164120000000        3.44812802217569       1.910585775349796E-002
   2.92524700000000        3.46589603828828       1.975547267635015E-002
   2.93885280000000        3.48434156501031       2.045571610529158E-002
   2.95245860000000        3.50351796399115       2.121296756157732E-002
   2.96606440000000        3.52348544957911       2.203475724679817E-002
   2.97967020000000        3.54431234798413       2.293004634486462E-002
   2.99327600000000        3.56607666894484       2.390959678783191E-002
   3.00688180000000        3.58886809144814       2.498646709699816E-002
   3.02048760000000        3.61279050727521       2.617668974941345E-002
   3.03409340000000        3.63796533036757       2.750021632242301E-002
   3.04769920000000        3.66453588029122       2.898226866043663E-002
   3.06130500000000        3.69267330933445       3.065532524325172E-002
   3.07491080000000        3.72258481067692       3.256213747368716E-002
   3.08851660000000        3.75452530660082       3.476048588666753E-002
   3.10212240000000        3.78881464351251       3.733101850342703E-002
   3.11572820000000        3.82586387272616       4.039085858714923E-002
   3.12933400000000        3.86621725016411       4.411873417748047E-002
   3.14293980000000        3.91062290683758       4.880495524795991E-002
   3.15654560000000        3.96015882457513       5.496017588654038E-002
   3.17015140000000        4.01647091106662       6.357995102904065E-002
   3.18375720000000        4.08223871709603       7.688489671202088E-002
   3.19736300000000        4.16197124195572       0.100790430439984     
   3.21096880000000        4.26100883174875       0.154917358766294     
   3.22457460000000        4.34149804730201       0.306268083468785     
   3.23818040000000        4.16686455899555       0.404497445115975     
   3.25178620000000        4.19030848919170       0.239285572342408     
   3.26539200000000        4.34482709713494       0.207130048512693     
   3.27899780000000        4.48791407442364       0.277645831655221     
   3.29260360000000        4.51284553477388       0.321995102444915     
   3.30620940000000        4.67177355223797       0.270800333612452     
   3.31981520000000        4.92058431555255       0.302830153523303     
   3.33342100000000        5.23847435542349       0.403878347905918     
   3.34702680000000        5.67636333028756       0.613204806128890     
   3.36063260000000        6.32479814393741        1.08347542587403     
   3.37423840000000        7.24076126431647        2.36987983720261     
   3.38784420000000        6.77081571480231        6.08550716727693     
   3.40145000000000       0.825860580848929        5.98086575090694     
   3.41505580000000       0.458677017046641        2.32931277169363     
   3.42866160000000        1.37360850973948        1.08067784124533     
   3.44226740000000        2.01860613543272       0.617702897637729     
   3.45587320000000        2.46164903327052       0.408054602759995     
   3.46947900000000        2.78543932631964       0.300005404538835     
   3.48308480000000        3.03932632369929       0.239447199490533     
   3.49669060000000        3.25158920534268       0.204445251529847     
   3.51029640000000        3.43952925811427       0.185076851092065     
   3.52390220000000        3.61488816037437       0.176688622257741     
   3.53750800000000        3.78677816600177       0.177403443920930     
   3.55111380000000        3.96354422280116       0.187277466303406     
   3.56471960000000        4.15434797455996       0.208408202934228     
   3.57832540000000        4.37105742299502       0.246222191563882     
   3.59193120000000        4.63054619866108       0.313665765372314     
   3.60553700000000        4.95167397022275       0.440578460850921     
   3.61914280000000        5.36170851595933       0.652834070724203     
   3.63274860000000        5.99938662757455        1.12163269470397     
   3.64635440000000        6.80272761715439        2.51714127938512     
   3.65996020000000        5.26894458249320        5.84758969212596     
   3.67356600000000        1.20654069119877        3.92530130694099     
   3.68717180000000        1.69106406714967        1.66879831293595     
   3.70077760000000        2.55460974160494        1.01476688641733     
   3.71438340000000        3.23056652113170        1.02737633046356     
   3.72798920000000        3.23552772141705        1.52874707554614     
   3.74159500000000        2.90639888128551        1.03356478729655     
   3.75520080000000        3.35918641038473       0.698912105435775     
   3.76880660000000        3.87108338012513       0.757094785572030     
   3.78241240000000        4.20910020357369        1.22524471188718     
   3.79601820000000        3.97720371743205        1.40932073721154     
   3.80962400000000        4.51823735731709        1.51176009095190     
   3.82322980000000        4.81578649554053        3.07115967892223     
   3.83683560000000        2.01015419369643        3.74092678370311     
   3.85044140000000        1.52309475562755        1.63294414908265     
   3.86404720000000        2.17414886474960       0.861741389925962     
   3.87765300000000        2.63646781268487       0.699892463849190     
   3.89125880000000        2.86055247091460       0.542881163935068     
   3.90486460000000        3.20748134835268       0.429642655791295     
   3.91847040000000        3.53816666644901       0.470223232360433     
   3.93207620000000        3.79629339946241       0.552040857433884     
   3.94568200000000        4.12536045995563       0.660725743780836     
   3.95928780000000        4.63736879081525        1.02977849563254     
   3.97289360000000        4.90761296471456        2.31428493112495     
   3.98649940000000        2.80497241535878        3.20423642004163     
   4.00010520000000        2.10279990338304        1.59217974950666     
   4.01371100000000        2.52403527740211       0.829040290726510     
   4.02731680000000        2.98474128250410       0.540151728873866     
   4.04092260000000        3.40682331671357       0.476312136103476     
   4.05452840000000        3.81715501706191       0.588479062267267     
   4.06813420000000        4.17129373455620        1.03726568487665     
   4.08174000000000        3.64660466136280        1.85964795027163     
   4.09534580000000        2.89898175989149        1.11705505059845     
   4.10895160000000        3.24401796026510       0.591046542522719     
   4.12255740000000        3.64324072923085       0.467284960165134     
   4.13616320000000        4.00731844083038       0.557120194572100     
   4.14976900000000        4.14440872771821       0.819444436606153     
   4.16337480000000        4.23102203242777       0.929439088910068     
   4.17698060000000        4.16612624442431        1.17877239854007     
   4.19058640000000        4.10172625182050       0.964580721404915     
   4.20419220000000        4.38509780970757        1.06031140689873     
   4.21779800000000        4.45569748294920        1.22820377418661     
   4.23140380000000        4.43364705497098        1.55290322113192     
   4.24500960000000        4.32595940310126        1.45269382596003     
   4.25861540000000        4.51771050713029        1.66121606566277     
   4.27222120000000        4.02741481546063        2.04869683266763     
   4.28582700000000        3.86097089307633        1.70523902181824     
   4.29943280000000        3.66594293562727        1.38525656947480     
   4.31303860000000        4.10679983712852        1.02888505283206     
   4.32664440000000        4.57704228798835        1.25996271917203     
   4.34025020000000        4.60522216976705        1.63274480251172     
   4.35385600000000        4.27529140439676        1.98876013693445     
   4.36746180000000        4.04162761717484        1.42788744809387     
   4.38106760000000        4.57606755321689        1.25265751399611     
   4.39467340000000        4.88404388379760        1.75954036912756     
   4.40827920000000        4.57453064006411        1.94997442371552     
   4.42188500000000        4.46797685809789        1.86614357497675     
   4.43549080000000        4.52089435250321        1.54710008686307     
   4.44909660000000        4.97013258610033        1.39257443326187     
   4.46270240000000        5.50504494137612        1.58823422697321     
   4.47630820000000        6.08107579293289        1.96109567438514     
   4.48991400000000        6.58955830259504        2.93525547553858     
   4.50351980000000        6.21394449500151        4.27747134003130     
   4.51712560000000        5.21536277675417        4.88409543899591     
   4.53073140000000        4.37193095588697        5.66730696822922     
   4.54433720000000        1.80242621088560        4.66606816547029     
   4.55794300000000        2.51935758650117        2.75340506320652     
   4.57154880000000        3.35271592438369        2.79246361834382     
   4.58515460000000        3.36960246849159        3.09149517209091     
   4.59876040000000        3.03699207996178        2.76658309403306     
   4.61236620000000        3.43675177428280        2.47896930434056     
   4.62597200000000        3.52155954202543        2.55947952282004     
   4.63957780000000        3.52365095528015        2.38128037707606     
   4.65318360000000        4.00631074857097        2.12201492114852     
   4.66678940000000        4.56997656686398        2.49086520456958     
   4.68039520000000        4.38693116511802        2.75818897144405     
   4.69400100000000        4.91646967311718        3.03668181896850     
   4.70760680000000        4.28187558112683        3.20926865994664     
   4.72121260000000        5.25558205672157        2.62910753610671     
   4.73481840000000        6.85492329734576        3.84976810149846     
   4.74842420000000        6.73636677344604        6.80856243544290     
   4.76203000000000        4.31121976906311        9.53380631144336     
   4.77563580000000       -1.03879546488846        7.73218183894556     
   4.78924160000000      -0.564616338493963        4.00842807812241     
   4.80284740000000       0.860157442864931        2.94295521055983     
   4.81645320000000        2.09509335821832        3.29364838642225     
   4.83005900000000        1.41627331493587        4.14826781439983     
   4.84366480000000       0.774131098190337        3.27944685033572     
   4.85727060000000        1.08853054859967        2.47090961328099     
   4.87087640000000        1.48898724717157        1.91097232291533     
   4.88448220000000        2.39935539610419        1.62943825557588     
   4.89808800000000        3.03288169637722        2.03155835533355     
   4.91169380000000        3.44180603820692        2.10587877336478     
   4.92529960000000        4.41254504285528        2.70394785530428     
   4.93890540000000        4.45238117835655        4.36747494177731     
   4.95251120000000        3.18697287212368        5.73903151364458     
   4.96611700000000        1.52243855015785        4.60073100601859     
   4.97972280000000        2.05934428623532        3.92303334146331     
   4.99332860000000        2.45114276863721        4.66855716565645     
   5.00693440000000        1.67301657918948        5.03454807785092     
   5.02054020000000       0.591106142731244        5.32342465884360     
   5.03414600000000      -0.748742255878694        4.44131370881220     
   5.04775180000000      -0.659490616368793        2.99060909326803     
   5.06135760000000      -0.228770834037738        2.37299338462189     
   5.07496340000000       1.924356736137667E-002   1.83359921168526     
   5.08856920000000       0.611729807042806        1.41079314440793     
   5.10217500000000        1.30480199952934        1.42365788897364     
   5.11578080000000        1.58988592314214        1.98488967211409     
   5.12938660000000       0.981511767437252        1.82807100335397     
   5.14299240000000        1.45752630690402        1.31089136210939     
   5.15659820000000        1.91968534208242        1.39699712276352     
   5.17020400000000        2.42234117176856        1.66091026102629     
   5.18380980000000        2.33780768145871        2.49054466767411     
   5.19741560000000        1.39187020506227        2.54404867992573     
   5.21102140000000        1.37703266245207        1.62833422943094     
   5.22462720000000        1.99934600807236        1.42401552535862     
   5.23823300000000        2.41811481923372        1.77542213216212     
   5.25183880000000        2.27592529574487        1.92415118081063     
   5.26544460000000        2.53830693366684        1.87052709709204     
   5.27905040000000        2.98755312494977        2.62268107254561     
   5.29265620000000        1.70999759624099        3.10165862817476     
   5.30626200000000        1.65475116420871        2.26040909405968     
   5.31986780000000        1.80748942213804        2.15960176361514     
   5.33347360000000        2.18801531820826        2.11718086393321     
   5.34707940000000        2.24104351425003        2.45109753288128     
   5.36068520000000        2.08443441896061        3.13303798696695     
   5.37429100000000       0.730048909520302        2.81559110384557     
   5.38789680000000       0.961058915141876        1.66376858614907     
   5.40150260000000        1.71502434659265        1.52859518759145     
   5.41510840000000        1.88724758196947        1.91191232709195     
   5.42871420000000        1.81501364202126        2.26842702548368     
   5.44232000000000        1.14622054587685        2.02040002398257     
   5.45592580000000        1.34663846364864        1.54644835981780     
   5.46953160000000        1.40437791205198        1.57569205736524     
   5.48313740000000        1.40432689053344        1.08767488995100     
   5.49674320000000        1.94628003325472       0.912067102188189     
   5.51034900000000        2.32099486105976        1.27530893159483     
   5.52395480000000        2.06147433692597        1.45348683911401     
   5.53756060000000        2.15733706024585        1.47800939126923     
   5.55116640000000        1.84026406967230        1.57979054808930     
   5.56477220000000        1.54123991792903        1.13326360543260     
   5.57837800000000        1.85095760456518       0.627000538585117     
   5.59198380000000        2.26244677602833       0.479983591664462     
   5.60558960000000        2.59662201657370       0.500531210233803     
   5.61919540000000        2.77149385277316       0.589592105776233     
   5.63280120000000        2.91976061679541       0.532413269193590     
   5.64640700000000        3.16070655029047       0.439312947496929     
   5.66001280000000        3.51714093765442       0.425649117738904     
   5.67361860000000        3.91124615959845       0.524577152995303     
   5.68722440000000        4.33901159923534       0.779900040322074     
   5.70083020000000        4.56374394818474        1.38750864943344     
   5.71443600000000        4.07742368063346        1.62739591024542     
   5.72804180000000        4.16274174288917        1.25546239465239     
   5.74164760000000        4.71705489131103        1.11143409169819     
   5.75525340000000        5.38499646606609        1.39943696005445     
   5.76885920000000        5.92234708097607        1.81824195685264     
   5.78246500000000        6.91202217363778        2.72477446193730     
   5.79607080000000        6.98856477319412        4.65738386027473     
   5.80967660000000        6.46151452620531        6.34569643126031     
   5.82328240000000        3.83472784129919        9.09302638214671     
   5.83688820000000      -0.459063332635470        7.02670977493135     
   5.85049400000000      -0.425875154839931        4.08829153904486     
   5.86409980000000       0.217057720560470        2.73316621935140     
   5.87770560000000       0.924084085885569        2.27144146129679     
   5.89131140000000        1.26201600573647        1.77830436881600     
   5.90491720000000        1.77356316775835        1.44415520607792     
   5.91852300000000        2.18739810016478        1.21472614063685     
   5.93212880000000        2.70936273470706       0.982204752648488     
   5.94573460000000        3.30753435874394       0.874324572822158     
   5.95934040000000        4.02379797171059       0.960382873910364     
   5.97294620000000        4.73859496612110        1.43713855224299     
   5.98655200000000        4.96694696073579        2.31175044770488     
   6.00015780000000        4.28065425554574        2.52896348653840     
   6.01376360000000        4.85500500356029        2.17967943044365     
   6.02736940000000        4.99938506811984        3.19914093337150     
   6.04097520000000        4.20616487905952        2.71606156144996     
   6.05458100000000        4.84060618288077        1.92363280611851     
   6.06818680000000        6.08840752639288        1.95461726612051     
   6.08179260000000        7.00642953232647        2.93961628249680     
   6.09539840000000        6.94664651786265        3.47715783188086     
   6.10900420000000        7.89481635536311        3.19077485512378     
   6.12261000000000        10.2976812916408        4.14870504515518     
   6.13621580000000        12.7312885606638        8.12920238028353     
   6.14982160000000        9.98112302362979        14.8360020054564     
   6.16342740000000        4.12153704013869        13.7127528665436     
   6.17703320000000        2.22213967926767        15.0314011549869     
   6.19063900000000      -0.659540066263192        10.9339917417864     
   6.20424480000000        1.71931846379722        11.7538543754898     
   6.21785060000000       -3.00268187178290        13.5810388859042     
   6.23145640000000       -5.38269216053120        10.6764344403486     
   6.24506220000000       -6.57815360195078        6.83432648504093     
   6.25866800000000       -4.42468571078489        3.87672848431854     
   6.27227380000000       -2.03428428357054        3.40747300020057     
   6.28587960000000      -0.442398275787171        4.05501322355655     
   6.29948540000000       0.625209686384491        6.44044899968554     
   6.31309120000000       -3.19385313773656        7.85402092312709     
   6.32669700000000       -4.36863350696797        4.64518470983906     
   6.34030280000000       -3.02032834680186        3.35137981241268     
   6.35390860000000       -2.39315139053821        3.11360412280769     
   6.36751440000000       -2.30942480008376        2.89997767638034     
   6.38112020000000       -1.60652653163665        1.98284871908317     
   6.39472600000000      -0.282735599529292        1.88306414533118     
   6.40833180000000        1.03077881013838        2.92518204644552     
   6.42193760000000       9.795320711987043E-002   5.04541275819873     
   6.43554340000000       -1.01678538653857        3.85447467144011     
   6.44914920000000       0.158244665716962        4.01427431320726     
   6.46275500000000       -1.32693436512977        6.15012162663754     
   6.47636080000000       -3.26632566338284        3.97126161738771     
   6.48996660000000       -2.31230734072368        2.67078963189078     
   6.50357240000000       -2.11898748139947        2.88855446374507     
   6.51717820000000       -2.20955653974023        1.87963276689966     
   6.53078400000000       -1.27812339986814        1.35649579810701     
   6.54438980000000      -0.420553981061944        1.58237084726756     
   6.55799560000000      -0.170660423048752        1.87527741780890     
   6.57160140000000       0.603635354677966        2.29216724180410     
   6.58520720000000       0.456726930487761        3.86325126345703     
   6.59881300000000       -1.82000372867284        4.30035629164008     
   6.61241880000000       -2.25217227739124        2.19205185199788     
   6.62602460000000       -1.32044561730631        1.39165753883064     
   6.63963040000000      -0.509380777461086        1.39476532447857     
   6.65323620000000      -0.121711385794320        1.62440287817213     
   6.66684200000000       0.483517472080841        1.80080973558528     
   6.68044780000000       0.800269191932262        3.22112832093785     
   6.69405360000000       -1.04588755430339        3.34801940594220     
   6.70765940000000       -1.09634979436024        2.48957205477145     
   6.72126520000000      -0.789726520494339        2.08091702592454     
   6.73487100000000      -0.601035708783309        2.29136308374596     
   6.74847680000000      -0.770979750113953        2.38971514184264     
   6.76208260000000       -1.16594742082159        1.98870649361109     
   6.77568840000000      -0.909312024438343        1.72722846457695     
   6.78929420000000      -0.923890258729368        1.41470475599812     
   6.80290000000000      -0.590538311584973        1.17505977392275     
   6.81650580000000      -0.193512018870038        1.00838822396271     
   6.83011160000000       0.296321317236962        1.20082270926523     
   6.84371740000000       0.384015285140973        1.72984989835166     
   6.85732320000000       6.426033339730941E-002   1.88901943534600     
   6.87092900000000      -2.623281073661476E-002   1.63449772046475     
   6.88453480000000       0.138534786335393        1.48511466404459     
   6.89814060000000       0.398826511352469        1.65900389256734     
   6.91174640000000       0.147791107719383        1.95632495428578     
   6.92535220000000       4.483743988865840E-002   1.51654976717682     
   6.93895800000000       0.309495368032480        1.29440695168497     
   6.95256380000000       0.831225138035082        1.24226074111672     
   6.96616960000000        1.49744953283523        1.57979510346941     
   6.97977540000000        1.96075087358958        2.79680176038886     
   6.99338120000000       0.246495278534298        4.26878329914546     
   7.00698700000000      -0.875853109700728        2.79124159985428     
   7.02059280000000      -0.568441495396761        2.09648463793059     
   7.03419860000000      -0.295470037751823        1.90770438349783     
   7.04780440000000       0.183710482305946        1.95395447035688     
   7.06141020000000      -9.892191752505575E-002   2.75416824370405     
   7.07501600000000       -1.01322086904315        2.06524959396738     
   7.08862180000000      -0.636966027556332        1.38762672095438     
   7.10222760000000      -0.214922794902060        1.13703601168369     
   7.11583340000000       0.347459000992125        1.27271696605147     
   7.12943920000000       0.374335845782719        1.67660206702842     
   7.14304500000000       0.369995102452945        1.84882142768373     
   7.15665080000000       0.220241317721220        2.16217350631580     
   7.17025660000000      -0.575776596890405        1.99425837712348     
   7.18386240000000      -0.394793347619457        1.19183477948978     
   7.19746820000000       2.171004268894572E-002   1.00941468595030     
   7.21107400000000       0.431841270463374       0.939373572401171     
   7.22467980000000       0.807943374898320        1.13168070350110     
   7.23828560000000       0.823741837007807        1.41094636929825     
   7.25189140000000        1.03792268857697        1.38817056752492     
   7.26549720000000        1.25044966949477        1.66786420814331     
   7.27910300000000        1.40689945415423        1.98792548826782     
   7.29270880000000        1.46573643841114        2.59008863721923     
   7.30631460000000       0.937516192949473        2.98232685954282     
   7.31992040000000       0.382294933635008        2.98454322354197     
   7.33352620000000       0.447738713223962        2.59328431492360     
   7.34713200000000       0.765923882604391        3.39742698177326     
   7.36073780000000      -0.693412364532364        4.03211108466173     
   7.37434360000000       -1.89305057479177        2.75757695675111     
   7.38794940000000       -1.53580123900546        1.54811779288179     
   7.40155520000000      -0.869170911132734       0.993958729288586     
   7.41516100000000      -0.167657558544421       0.888449567208543     
   7.42876680000000       0.470818097139814        1.19677361674864     
   7.44237260000000       0.603729449739614        2.10986782539364     
   7.45597840000000      -0.396124999456408        2.18998268000667     
   7.46958420000000      -0.366941503212512        1.68907051098151     
   7.48319000000000      -0.452910951235227        1.40563681364723     
   7.49679580000000      -5.146783228987561E-002   1.06329152044196     
   7.51040160000000       0.429063137337446        1.18735785479809     
   7.52400740000000       0.603839889854871        1.68751351805189     
   7.53761320000000       0.130538962563139        1.88711169599572     
   7.55121900000000       0.213141884145934        1.48430863817235     
   7.56482480000000       0.497657130340279        1.77490048817406     
   7.57843060000000       0.227094989557648        1.83680097501184     
   7.59203640000000       0.265475117061663        2.02826942888374     
   7.60564220000000      -0.152860324851770        1.72569820845262     
   7.61924800000000       9.755104471945353E-002   1.44930214752419     
   7.63285380000000       0.474737362417089        1.40078456877825     
   7.64645960000000       0.795749447245743        1.83123458163275     
   7.66006540000000       0.586401494409467        2.04717893977988     
   7.67367120000000       0.739133254865934        2.44218458961646     
   7.68727700000000       0.212649915651659        2.92443333837032     
   7.70088280000000      -0.700744240917138        2.89525849374773     
   7.71448860000000       -1.02837944595940        2.00201942096746     
   7.72809440000000      -0.783706197008809        1.38451336634778     
   7.74170020000000      -0.120935710986720        1.14971507581118     
   7.75530600000000       0.543003583633475        1.52034105810465     
   7.76891180000000       0.460732888158262        2.82096868104893     
   7.78251760000000       -1.03565416304813        2.50557713839426     
   7.79612340000000       -1.01251069900228        1.71901459304797     
   7.80972920000000      -0.660949579927975        1.55887206511762     
   7.82333500000000      -0.737045449090875        1.56769734517096     
   7.83694080000000      -0.762870874488857        1.46058117388860     
   7.85054660000000      -0.768792352830808        1.17799007671645     
   7.86415240000000      -0.576827306894326        1.16875386270117     
   7.87775820000000      -0.716532959047615        1.05152431835184     
   7.89136400000000      -0.601070578805613       0.787559561579093     
   7.90496980000000      -0.340884215723256       0.598899817172654     
   7.91857560000000      -1.691004725055678E-002  0.577686737563745     
   7.93218140000000       0.261292183127195       0.780225623791027     
   7.94578720000000       0.265207005150145        1.03861604330653     
   7.95939300000000       0.116651864544967        1.09192273727997     
   7.97299880000000       0.273892530543392       0.951811609795831     
   7.98660460000000       0.424604097019244        1.35072027391978     
   8.00021040000000       1.173855322131256E-002   1.31972059147273     
   8.01381620000000       7.084841255010843E-002   1.18997556360196     
   8.02742200000000       0.185847901925335        1.10834425792210     
   8.04102780000000       0.389855501221198        1.30031120773375     
   8.05463360000000       8.667753885535034E-002   1.85945452491698     
   8.06823940000000      -0.568382270094628        1.32661484525704     
   8.08184520000000      -0.362102106025013       0.919009382406082     
   8.09545100000000      -0.199085077622363       0.762276264935683     
   8.10905680000000       1.482463939794121E-003  0.626162749513253     
   8.12266260000000       0.267147555160165       0.569840008997378     
   8.13626840000000       0.537492697626714       0.717876584618996     
   8.14987420000000       0.508816425576660       0.923609242443518     
   8.16348000000000       0.592424628506932       0.781761367506530     
   8.17708580000000       0.912486033380427       0.963584999316464     
   8.19069160000000       0.890367762636753        1.22379674599168     
   8.20429740000000        1.05709603173697        1.35569757393436     
   8.21790320000000        1.26729328780072        1.96270619362567     
   8.23150900000000       0.312995733037587        2.86000302304864     
   8.24511480000000      -0.719400861403106        1.97764581640577     
   8.25872060000000      -0.575816264644204        1.35383469429284     
   8.27232640000000      -0.362460268002964       0.940366694171249     
   8.28593220000000       6.252862985904117E-002  0.713084739367235     
   8.29953800000000       0.505145478762024       0.866439533823672     
   8.31314380000000       0.658310318894846        1.18800300839739     
   8.32674960000000       0.579017838998340        1.66209797157725     
   8.34035540000000       2.537642524064265E-002   1.54388635550992     
   8.35396120000000       0.117411263744887        1.32080513386425     
   8.36756700000000       0.133776618376499        1.22889883988301     
   8.38117280000000       0.281790096140137        1.16331969226158     
   8.39477860000000       0.404776979348717        1.14877527120160     
   8.40838440000000       0.667166117874812        1.37379104995395     
   8.42199020000000       0.472014302460217        1.50808192355184     
   8.43559600000000       0.817093739599917        1.75964966001274     
   8.44920180000000      -3.230045787807634E-002   2.47413947525449     
   8.46280760000000      -0.406989624123204        1.62235597484755     
   8.47641340000000      -0.265842087081077        1.51446976372193     
   8.49001920000000      -0.195929826708245        1.10548182923076     
   8.50362500000000       0.350164920438580        1.10054926495524     
   8.51723080000000       0.555470695805569        1.59634018437741     
   8.53083660000000       0.422620708659511        2.13005634674089     
   8.54444240000000      -0.296217151476103        2.44477751997720     
   8.55804820000000      -0.996427212500267        1.83202232493979     
   8.57165400000000      -0.639905166887615        1.29461712592554     
   8.58525980000000      -0.634364220022845        1.55265230035159     
   8.59886560000000      -0.846390996139426        1.06316610575698     
   8.61247140000000      -0.450622617882496       0.917833085788609     
   8.62607720000000      -0.440566530094115        1.04790889284575     
   8.63968300000000      -0.344881158845025        1.01450051444235     
   8.65328880000000      -0.565201252707513        1.13979200135719     
   8.66689460000000      -0.658921676326115       0.830789488581119     
   8.68050040000000      -0.528356318939196       0.538212482884467     
   8.69410620000000      -0.238235774044347       0.443608704085789     
   8.70771200000000      -6.057705253943335E-002  0.532978529098349     
   8.72131780000000       1.532272119575051E-002  0.528456388587850     
   8.73492360000000       0.224069130111284       0.499550900768017     
   8.74852940000000       0.499717737146281       0.692400341229493     
   8.76213520000000       0.578028615704729        1.10104344174273     
   8.77574100000000       0.284177390532283        1.46732520752788     
   8.78934680000000      -1.065086514571223E-002   1.36680083936368     
   8.80295260000000      -0.218441304996383        1.53139065383730     
   8.81655840000000      -0.639684486786712        1.24606998489428     
   8.83016420000000      -0.742751485688529       0.800085110186972     
   8.84377000000000      -0.481922314177220       0.450761097611840     
   8.85737580000000      -0.189990735433800       0.361544740753183     
   8.87098160000000       4.888378466489052E-002  0.390136342353095     
   8.88458740000000       0.215569070249224       0.523745033324312     
   8.89819320000000       0.280666303178491       0.623204487696083     
   8.91179900000000       0.272520891718286       0.739948166512731     
   8.92540480000000       0.420815342525417       0.770984735854262     
   8.93901060000000       0.389518288057361        1.13525244271272     
   8.95261640000000       0.169905537513839        1.03250543188213     
   8.96622220000000       0.328310309640097        1.25532647732804     
   8.97982800000000      -0.154254205677514        1.62967875454533     
   8.99343380000000      -0.624289338929019        1.13286368726482     
   9.00703960000000      -0.457918605382639       0.735181858504201     
   9.02064540000000      -0.245504452834983       0.769215415663095     
   9.03425120000000      -0.362768769204441       0.844001560510340     
   9.04785700000000      -0.454475070166949       0.613140973413552     
   9.06146280000000      -0.340927925287031       0.531318286082291     
   9.07506860000000      -0.338679194826025       0.392480239206072     
   9.08867440000000      -0.178052880408104       0.293777537398311     
   9.10228020000000      -5.220118595506151E-002  0.344900142037663     
   9.11588600000000      -8.037876190377902E-002  0.328196472869114     
   9.12949180000000       7.672489305583508E-003  0.255150855235550     
   9.14309760000000       0.101961956243346       0.234417085180363     
   9.15670340000000       0.214794588440235       0.221634029687850     
   9.17030920000000       0.356466756742066       0.271023447358947     
   9.18391500000000       0.460319612648231       0.388836944467352     
   9.19752080000000       0.491262042343077       0.637575847435523     
   9.21112660000000       0.241857750775591       0.714955962585820     
   9.22473240000000       0.118955277153004       0.575134235374074     
   9.23833820000000       0.216746000693606       0.509944498251363     
   9.25194400000000       0.209083701469536       0.518630821222047     
   9.26554980000000       0.211941984664644       0.575979714855323     
   9.27915560000000       5.050185566482301E-002  0.472196241652155     
   9.29276140000000       0.165709704514972       0.280163276763241     
   9.30636720000000       0.333510344169045       0.262441988018688     
   9.31997300000000       0.442226136856261       0.284521019547673     
   9.33357880000000       0.615901075332963       0.359105418027731     
   9.34718460000000       0.686412150594400       0.598231996523470     
   9.36079040000000       0.650376356513754       0.843299287883629     
   9.37439620000000       0.187662701138034        1.05684736610321     
   9.38800200000000      -1.618936756459366E-002  0.641085423047881     
   9.40160780000000       7.924347510253371E-002  0.520057294382963     
   9.41521360000000       7.423049495802425E-002  0.424073871065913     
   9.42881940000000       0.157888920584544       0.296336025468126     
   9.44242520000000       0.242878184490906       0.245511567943948     
   9.45603100000000       0.351771250403143       0.184152223364715     
   9.46963680000000       0.495944230694050       0.187027701882626     
   9.48324260000000       0.626806145199320       0.285178157602063     
   9.49684840000000       0.560452051997638       0.430430150403011     
   9.51045420000000       0.533815064796782       0.298493604774135     
   9.52406000000000       0.706932188165540       0.269721828280091     
   9.53766580000000       0.875172065312850       0.410754384177184     
   9.55127160000000       0.837009380339757       0.609887077430947     
   9.56487740000000       0.903464236063245       0.679146020168170     
   9.57848320000000       0.759491353917014        1.14276042557839     
   9.59208900000000       0.175390408473640       0.919057514002554     
   9.60569480000000       0.217693097900091       0.554760826615218     
   9.61930060000000       0.421262594885073       0.428163601420319     
   9.63290640000000       0.548489900532169       0.499146753840049     
   9.64651220000000       0.528326142303079       0.605277950329329     
   9.66011800000000       0.491453107282161       0.538354402711340     
   9.67372380000000       0.554245513995789       0.496025847425343     
   9.68732960000000       0.628435798847669       0.661947256370285     
   9.70093540000000       0.373994240344453       0.597796511284316     
   9.71454120000000       0.504479098275362       0.453902073282993     
   9.72814700000000       0.494476473409932       0.508564730505740     
   9.74175280000000       0.553637943114019       0.379322230303913     
   9.75535860000000       0.684369371430034       0.406274118044389     
   9.76896440000000       0.733195283818581       0.491866645725838     
   9.78257020000000       0.774939374110770       0.566336007567688     
   9.79617600000000       0.699652616504356       0.655952761656068     
   9.80978180000000       0.531735098184389       0.627604721210635     
   9.82338760000000       0.570567753831252       0.413648588545749     
   9.83699340000000       0.739949192282611       0.346705447503149     
   9.85059920000000       0.913123002487830       0.436973722306922     
   9.86420500000000       0.821295975182981       0.578854616931450     
   9.87781080000000       0.834110188945704       0.386282222390267     
   9.89141660000000        1.07722714320244       0.328533767954206     
   9.90502240000000        1.37414369621876       0.422351603549275     
   9.91862820000000        1.70706683566345       0.769829880792833     
   9.93223400000000        1.53608293022676        1.55834416190349     
   9.94583980000000       0.831638876010116        1.33301081087168     
   9.95944560000000        1.19500575384845        1.00296174994748     
   9.97305140000000        1.83011148908296        1.51838339745239     
   9.98665720000000        1.42298384360573        3.31202143005140     
   10.0002630000000       -1.13534009567752        2.81461393389840     
   10.0138688000000       -1.18392689965406        1.22876638218980     
   10.0274746000000      -0.707259225845323       0.611513837137413     
   10.0410804000000      -0.327815541793930       0.385081143799554     
   10.0546862000000      -5.094134484071544E-002  0.282599303195703     
   10.0682920000000       0.183467034428023       0.238238455536897     
   10.0818978000000       0.389650348069759       0.235510340621677     
   10.0955036000000       0.592053962690874       0.251260021069630     
   10.1091094000000       0.828966991147802       0.325219246727997     
   10.1227152000000        1.05228801197840       0.543732495088427     
   10.1363210000000        1.08739697379855       0.781736385591306     
   10.1499268000000        1.26230949769364       0.905781887771847     
   10.1635326000000        1.66278078477289        1.58041926032996     
   10.1771384000000       0.625125772895067        2.94656717890637     
   10.1907442000000      -0.835529578420883        1.96821998980032     
   10.2043500000000      -0.642874750970814        1.23451875200052     
   10.2179558000000      -0.726715032527024       0.878855274377004     
   10.2315616000000      -0.479760653103958       0.472781912477229     
   10.2451674000000      -0.205062759426050       0.334575286866763     
   10.2587732000000      -1.114172702089999E-002  0.291827092212740     
   10.2723790000000       0.187480941270998       0.256507674770163     
   10.2859848000000       0.419405442334384       0.296778945737899     
   10.2995906000000       0.688903079477308       0.468779181416620     
   10.3131964000000       0.920523798954934        1.00426437914577     
   10.3268022000000       5.598197258967075E-002   1.80375214009040     
   10.3404080000000      -0.660018465421120       0.964164725298738     
   10.3540138000000      -0.496050298339911       0.447509031700909     
   10.3676196000000      -0.271655511080102       0.244270707240165     
   10.3812254000000      -0.104702609855950       0.161399680001457     
   10.3948312000000       2.287506662106231E-002  0.120477589976890     
   10.4084370000000       0.126248566063194       9.854930515536396E-002
   10.4220428000000       0.215022391355064       8.628028277933214E-002
   10.4356486000000       0.295297325929955       8.008106270513272E-002
   10.4492544000000       0.370275763471583       7.880375039088509E-002
   10.4628602000000       0.443147808571861       7.896915338468356E-002
   10.4764660000000       0.520491048656571       8.310696803537627E-002
   10.4900718000000       0.604475826025170       9.419153755643196E-002
   10.5036776000000       0.700632137257255       0.117360134054269     
   10.5172834000000       0.810316769251265       0.169569868090235     
   10.5308892000000       0.921108742423810       0.252775503328504     
   10.5444950000000        1.04946550610995       0.441461661312451     
   10.5581008000000       0.955752561897685       0.660809328096590     
   10.5717066000000       0.897716020481512       0.826050690461468     
   10.5853124000000       0.743101323455174       0.826643126052032     
   10.5989182000000       0.654964179852208        1.04019222015636     
   10.6125240000000       0.331570259379665       0.876118376030327     
   10.6261298000000       0.443925270930969       0.713557687969409     
   10.6397356000000       0.467842922222873       0.978386319166667     
   10.6533414000000       3.108513913936772E-002  0.850956413828236     
   10.6669472000000       2.034734711575770E-002  0.604168267462277     
   10.6805530000000       9.847163402208692E-002  0.399117624002995     
   10.6941588000000       0.185524104933120       0.352349507437950     
   10.7077646000000       0.270080129585974       0.266431316590347     
   10.7213704000000       0.368039483544427       0.280150922256071     
   10.7349762000000       0.390004626209724       0.259990152407903     
   10.7485820000000       0.454671187369736       0.256325637196268     
   10.7621878000000       0.515723572490577       0.228009632993696     
   10.7757936000000       0.631566638098703       0.246338058491481     
   10.7893994000000       0.761886266782119       0.362309380114161     
   10.8030052000000       0.738722990732520       0.708117787425453     
   10.8166110000000       0.243512511951821       0.634087172986455     
   10.8302168000000       0.304106104932329       0.324380325407196     
   10.8438226000000       0.438291828585636       0.298031580566889     
   10.8574284000000       0.398912266918300       0.279689380211084     
   10.8710342000000       0.468615016102406       0.168753476142433     
   10.8846400000000       0.578102960879694       0.129791230772670     
   10.8982458000000       0.690403005960276       0.129095265621271     
   10.9118516000000       0.807941310827883       0.158777949335592     
   10.9254574000000       0.952837293548662       0.234650370268868     
   10.9390632000000        1.11531467981621       0.469174026959764     
   10.9526690000000       0.871239927556868       0.950117978368810     
   10.9662748000000       0.438117757124111       0.716287990454408     
   10.9798806000000       0.433936091045480       0.536275742757667     
   10.9934864000000       0.393210398205330       0.402244990317179     
   11.0070922000000       0.505526258842124       0.244766466787957     
   11.0206980000000       0.669219080814060       0.220849694924332     
   11.0343038000000       0.823797848959470       0.327088651691224     
   11.0479096000000       0.720739679762170       0.602078525655369     
   11.0615154000000       0.478332340132147       0.393352600936240     
   11.0751212000000       0.611412742553154       0.237768125121260     
   11.0887270000000       0.765873407765381       0.263882141056176     
   11.1023328000000       0.757830639819338       0.446947651151292     
   11.1159386000000       0.577392648356698       0.324674302699678     
   11.1295444000000       0.678391117800586       0.186534354688010     
   11.1431502000000       0.793015377947897       0.171101590722856     
   11.1567560000000       0.855251643125785       0.171709152915365     
   11.1703618000000       0.945848487402588       0.156492452179802     
   11.1839676000000        1.06242350648948       0.174751017227023     
   11.1975734000000        1.18666300710248       0.236168079714238     
   11.2111792000000        1.33856976477226       0.365503152911417     
   11.2247850000000        1.35903513895378       0.724587445496257     
   11.2383908000000       0.941097777761525       0.738835228024474     
   11.2519966000000       0.973548824648032       0.527181700712799     
   11.2656024000000        1.06258069876570       0.431532590542438     
   11.2792082000000        1.28797164894174       0.399135936398099     
   11.2928140000000        1.60444548230343       0.559533827477201     
   11.3064198000000        1.84258941897868        1.18518957335114     
   11.3200256000000       0.904598245155891        1.79758251145520     
   11.3336314000000       0.495812898516589        1.05245463939519     
   11.3472372000000       0.772038776146067       0.868145031349007     
   11.3608430000000       0.645091719867963       0.810661991723336     
   11.3744488000000       0.851777673477437       0.530471076306767     
   11.3880546000000        1.18115566610732       0.518335300361601     
   11.4016604000000        1.51715287103723       0.632535411174778     
   11.4152662000000        1.94729354738899        1.04858778573022     
   11.4288720000000        1.99401098352557        2.04532219355749     
   11.4424778000000       0.602032169717932        2.40007999223085     
   11.4560836000000       0.714749695033303        1.51619311912162     
   11.4696894000000        1.47992014911692        2.00154862753143     
   11.4832952000000       0.500317658872569        3.90118090305183     
   11.4969010000000       -1.73871048969398        2.42287007504791     
   11.5105068000000       -1.30983814395657        1.08197519750867     
   11.5241126000000      -0.756272825407625       0.724265329642170     
   11.5377184000000      -0.515762208504985       0.784294010203538     
   11.5513242000000      -0.547886593601362       0.654417776219061     
   11.5649300000000      -0.452924943751745       0.461215021411111     
   11.5785358000000      -0.305864454199967       0.362523194738579     
   11.5921416000000      -0.197206671542471       0.331639793893472     
   11.6057474000000      -0.111165617225886       0.247948902554555     
   11.6193532000000       2.376372211294031E-002  0.241066222898558     
   11.6329590000000       6.590486528099948E-002  0.250123685273392     
   11.6465648000000       0.156330868282136       0.205956866403487     
   11.6601706000000       0.282222221527530       0.232043113816743     
   11.6737764000000       0.362188244384463       0.362729211451997     
   11.6873822000000       0.294709756599484       0.451804715666459     
   11.7009880000000       0.148320022791776       0.499080394240812     
   11.7145938000000       0.112627533663665       0.302067491206996     
   11.7281996000000       0.222532525470987       0.245303408021848     
   11.7418054000000       0.275407728987883       0.266462743770760     
   11.7554112000000       0.300908383241563       0.235840527690755     
   11.7690170000000       0.389608285920891       0.291253235342531     
   11.7826228000000       0.269585147009199       0.348845407913505     
   11.7962286000000       0.281281183625136       0.210457211078925     
   11.8098344000000       0.386686539211575       0.183074929722694     
   11.8234402000000       0.441244199936170       0.244307343153438     
   11.8370460000000       0.432385313402908       0.241427329484254     
   11.8506518000000       0.469467170294538       0.262291982866815     
   11.8642576000000       0.507664322294777       0.262838366814758     
   11.8778634000000       0.559363235831196       0.376879013786841     
   11.8914692000000       0.442404445909552       0.468408694456820     
   11.9050750000000       0.273755317047537       0.436902223549147     
   11.9186808000000       0.247504043919652       0.257291652562184     
   11.9322866000000       0.312720482481087       0.172274238065782     
   11.9458924000000       0.393611988995389       0.137547552540594     
   11.9594982000000       0.440105793979112       0.165835279424573     
   11.9731040000000       0.435319847271622       0.155806410490306     
   11.9867098000000       0.444133523148490       0.124171225501397     
   12.0003156000000       0.493518235374058       8.326593613675180E-002
   12.0139214000000       0.557280718015954       7.792518964693178E-002
   12.0275272000000       0.616244698983558       0.107490816249301     
   12.0411330000000       0.614450712781759       0.172080943569617     
   12.0547388000000       0.563073451248949       0.149563342370806     
   12.0683446000000       0.587530814546160       8.715164319986411E-002
   12.0819504000000       0.642917407156264       6.258392761905737E-002
   12.0955562000000       0.696184303813247       5.749387442718835E-002
   12.1091620000000       0.745905071764899       6.158108758709565E-002
   12.1227678000000       0.798614365102176       6.924903897280335E-002
   12.1363736000000       0.853754220592969       9.704373099863207E-002
   12.1499794000000       0.872157319960808       0.129647947872901     
   12.1635852000000       0.910777695244602       0.110535824709263     
   12.1771910000000       0.999366658891890       0.116933142014880     
   12.1907968000000        1.10558216738040       0.164533825480132     
   12.2044026000000        1.19727902641798       0.255666528443430     
   12.2180084000000        1.31207395485780       0.344220271876432     
   12.2316142000000        1.54379356203140       0.569797794263711     
   12.2452200000000        1.64506709287435        1.33549352335295     
   12.2588258000000       0.308945363682431        1.80625166329512     
   12.2724316000000      -3.521385369468910E-002  0.817063141330561     
   12.2860374000000       0.206175989628484       0.475837353896567     
   12.2996432000000       0.385792988218441       0.346923190331221     
   12.3132490000000       0.561479795476290       0.355759184300176     
   12.3268548000000       0.578485206298029       0.459108794361995     
   12.3404606000000       0.559361009262972       0.486040195971311     
   12.3540664000000       0.452227383111997       0.469354761138834     
   12.3676722000000       0.424177832233948       0.321442867277302     
   12.3812780000000       0.525923821890093       0.214826363941677     
   12.3948838000000       0.650250018574781       0.205915442351970     
   12.4084896000000       0.757527959683487       0.235781152304731     
   12.4220954000000       0.880993389081989       0.347374939710306     
   12.4357012000000       0.858766032190669       0.603530009587042     
   12.4493070000000       0.596638656102577       0.762483186105544     
   12.4629128000000       0.296256589151777       0.492784483893303     
   12.4765186000000       0.422638868466541       0.278517207035996     
   12.4901244000000       0.515854812969968       0.288550752273935     
   12.5037302000000       0.483095475158508       0.225619835562149     
   12.5173360000000       0.571050135831617       0.148006432054432     
   12.5309418000000       0.661442095320019       0.136362916257150     
   12.5445476000000       0.746092949972427       0.161687549067656     
   12.5581534000000       0.811101748335500       0.210092566151972     
   12.5717592000000       0.831952163336525       0.340465859548291     
   12.5853650000000       0.679499253381353       0.357389521107804     
   12.5989708000000       0.709988906984790       0.269166429246547     
   12.6125766000000       0.683264378043526       0.275686965266124     
   12.6261824000000       0.717336291461510       0.169033051924861     
   12.6397882000000       0.826422264830251       0.139496146940778     
   12.6533940000000       0.936595843542059       0.173885165834690     
   12.6669998000000       0.997346840591693       0.242535224982634     
   12.6806056000000        1.11408380659929       0.307502676272426     
   12.6942114000000        1.19167889655932       0.556459972714095     
   12.7078172000000        1.06614272471006       0.862106903883127     
   12.7214230000000       0.527675281278144       0.980367626587774     
   12.7350288000000       0.281129351224799       0.562168876822694     
   12.7486346000000       0.405981017039998       0.271649101427150     
   12.7622404000000       0.564731307988055       0.173800450017752     
   12.7758462000000       0.698410498563057       0.156714512707783     
   12.7894520000000       0.808226722101767       0.212099967232421     
   12.8030578000000       0.772761146923387       0.327350949912507     
   12.8166636000000       0.714035289756054       0.230969681573416     
   12.8302694000000       0.783477606858256       0.177904165831435     
   12.8438752000000       0.847631749774015       0.153870064121141     
   12.8574810000000       0.943885972326611       0.144566834286948     
   12.8710868000000        1.05558634325894       0.203131323481855     
   12.8846926000000        1.07696086606772       0.335369352621692     
   12.8982984000000        1.01692858079492       0.340865569887755     
   12.9119042000000        1.13628342616035       0.324717148518104     
   12.9255100000000        1.26349865091549       0.534997710630208     
   12.9391158000000        1.02333011867970       0.922006801313121     
   12.9527216000000       0.549249785896448       0.630485630367309     
   12.9663274000000       0.661620530388640       0.308868354460905     
   12.9799332000000       0.838737001897211       0.213295579437615     
   12.9935390000000       0.989716189425714       0.227599325224109     
   13.0071448000000        1.04021130492370       0.271603999042092     
   13.0207506000000        1.14513420866880       0.243824473656943     
   13.0343564000000        1.30825639514530       0.309753998635091     
   13.0479622000000        1.38062383626230       0.525429138433405     
   13.0615680000000        1.27877118577145       0.497490803783958     
   13.0751738000000        1.52570638717788       0.467627441273427     
   13.0887796000000        1.83593000651386       0.734138592131320     
   13.1023854000000        2.06627173702480        1.22490233077072     
   13.1159912000000        1.91942825413853        2.57001017033436     
   13.1295970000000      -0.245501470399086        2.49900957962020     
   13.1432028000000      -0.341358342144844        1.24247806722047     
   13.1568086000000      -5.633750065594079E-002  0.869416408627737     
   13.1704144000000       0.150503364078102       0.669591948325352     
   13.1840202000000       0.266948028756195       0.779062823656851     
   13.1976260000000       0.118933236122614       0.616145650578832     
   13.2112318000000       0.250126814026709       0.474517810934569     
   13.2248376000000       0.279199300078393       0.430249784440054     
   13.2384434000000       0.360363773049516       0.291119215457318     
   13.2520492000000       0.528239927056318       0.223804265564785     
   13.2656550000000       0.717215471585201       0.242509955036057     
   13.2792608000000       0.917682154789381       0.382942574951049     
   13.2928666000000       0.929472464011066       0.765810975929235     
   13.3064724000000       0.554312011474496       0.749995517873703     
   13.3200782000000       0.655965103955117       0.703431553584527     
   13.3336840000000       0.389584729940402       0.916635382312641     
   13.3472898000000       0.150362174230774       0.543388962016113     
   13.3608956000000       0.298999669029055       0.306298847182519     
   13.3745014000000       0.475608526288722       0.243112395014150     
   13.3881072000000       0.609601777890704       0.310490150091249     
   13.4017130000000       0.542316213060405       0.373878424280559     
   13.4153188000000       0.564588238760467       0.294910763584847     
   13.4289246000000       0.618950657453005       0.231712222609812     
   13.4425304000000       0.750632541687705       0.211200966952738     
   13.4561362000000       0.907333964111982       0.290828503497520     
   13.4697420000000       0.974155049180756       0.588396074808375     
   13.4833478000000       0.536508843429288       0.678331717710201     
   13.4969536000000       0.499158357992526       0.337197982501798     
   13.5105594000000       0.666763919005346       0.211509754429907     
   13.5241652000000       0.832548733926760       0.193480600428308     
   13.5377710000000       0.999373630199686       0.241833370519528     
   13.5513768000000        1.17666064833997       0.371282511860899     
   13.5649826000000        1.28060315014341       0.673655775719620     
   13.5785884000000        1.14018796712486        1.01624325665913     
   13.5921942000000       0.793744342354526        1.08344325489377     
   13.6058000000000       0.531387799002485        1.14283047992517     
