 #Independent Particle F
 #Numkpts,nspin=         216           1
 #spin=           1
 #Number of BSE conduction states=           3
 #Number of BSE valence          states=           8
 #Total number of val/cond states=           6           6
 #Gaussian broadening= F
 #If not Gaussian broadening then Lorentzian
 #Broadenings=  1.000000000000000E-003  1.000000000000000E-003
 #LDA energies used as N.L. potential correction in BSE program and NOT lmf F
 #direction of q-vector=
 #  0.000000000000000E+000  0.000000000000000E+000   1.00000000000000     
 #Energy(eV),Real(eps),Imag(eps)
  0.000000000000000E+000   2.01942684807776       2.023337606586927E-003
  1.360580000000000E-002   2.01943133902625       2.023372650128322E-003
  2.721160000000000E-002   2.01944481230358       2.023477789028228E-003
  4.081740000000000E-002   2.01946726920577       2.023653048123564E-003
  5.442320000000000E-002   2.01949871189357       2.023898468842839E-003
  6.802900000000001E-002   2.01953914339374       2.024214109256007E-003
  8.163480000000001E-002   2.01958856760075       2.024600044145329E-003
  9.524060000000001E-002   2.01964698927892       2.025056365096335E-003
  0.108846400000000        2.01971441406519       2.025583180609857E-003
  0.122452200000000        2.01979084847223       2.026180616235428E-003
  0.136058000000000        2.01987629989215       2.026848814726104E-003
  0.149663800000000        2.01997077660077       2.027587936216008E-003
  0.163269600000000        2.02007428776228       2.028398158420365E-003
  0.176875400000000        2.02018684343459       2.029279676859404E-003
  0.190481200000000        2.02030845457512       2.030232705106617E-003
  0.204087000000000        2.02043913304722       2.031257475062255E-003
  0.217692800000000        2.02057889162711       2.032354237253218E-003
  0.231298600000000        2.02072774401152       2.033523261160428E-003
  0.244904400000000        2.02088570482579       2.034764835574503E-003
  0.258510200000000        2.02105278963274       2.036079268981886E-003
  0.272116000000000        2.02122901494215       2.037466889982025E-003
  0.285721800000000        2.02141439822085       2.038928047737790E-003
  0.299327600000000        2.02160895790367       2.040463112460671E-003
  0.312933400000000        2.02181271340499       2.042072475932719E-003
  0.326539200000000        2.02202568513108       2.043756552067394E-003
  0.340145000000000        2.02224789449325       2.045515777511476E-003
  0.353750800000000        2.02247936392189       2.047350612290713E-003
  0.367356600000000        2.02272011688126       2.049261540501847E-003
  0.380962400000000        2.02297017788528       2.051249071054017E-003
  0.394568200000000        2.02322957251425       2.053313738462797E-003
  0.408174000000000        2.02349832743261       2.055456103700357E-003
  0.421779800000000        2.02377647040766       2.057676755105782E-003
  0.435385600000000        2.02406403032950       2.059976309359530E-003
  0.448991400000000        2.02436103723210       2.062355412526839E-003
  0.462597200000000        2.02466752231561       2.064814741175040E-003
  0.476203000000000        2.02498351796998       2.067355003570229E-003
  0.489808800000000        2.02530905780000       2.069976940959348E-003
  0.503414600000000        2.02564417665178       2.072681328944391E-003
  0.517020400000000        2.02598891064079       2.075468978955626E-003
  0.530626200000000        2.02634329718163       2.078340739832115E-003
  0.544232000000000        2.02670737501948       2.081297499517742E-003
  0.557837800000000        2.02708118426353       2.084340186882789E-003
  0.571443600000000        2.02746476642235       2.087469773681029E-003
  0.585049400000000        2.02785816444144       2.090687276654006E-003
  0.598655200000000        2.02826142274310       2.093993759795192E-003
  0.612261000000000        2.02867458726873       2.097390336787875E-003
  0.625866800000000        2.02909770552383       2.100878173632088E-003
  0.639472600000000        2.02953082662574       2.104458491477563E-003
  0.653078400000000        2.02997400135453       2.108132569681536E-003
  0.666684200000000        2.03042728220710       2.111901749111853E-003
  0.680290000000000        2.03089072345487       2.115767435718723E-003
  0.693895800000000        2.03136438120518       2.119731104400129E-003
  0.707501600000000        2.03184831346697       2.123794303189537E-003
  0.721107400000000        2.03234258022069       2.127958657797094E-003
  0.734713200000000        2.03284724349326       2.132225876539260E-003
  0.748319000000000        2.03336236743804       2.136597755696044E-003
  0.761924800000000        2.03388801842063       2.141076185339157E-003
  0.775530600000000        2.03442426511071       2.145663155679757E-003
  0.789136400000000        2.03497117858060       2.150360763990030E-003
  0.802742200000000        2.03552883241119       2.155171222159937E-003
  0.816348000000000        2.03609730280574       2.160096864957130E-003
  0.829953800000000        2.03667666871242       2.165140159067206E-003
  0.843559600000000        2.03726701195636       2.170303713000754E-003
  0.857165400000000        2.03786841738209       2.175590287965167E-003
  0.870771200000000        2.03848097300748       2.181002809810941E-003
  0.884377000000000        2.03910477019020       2.186544382178018E-003
  0.897982800000000        2.03973990380799       2.192218300982949E-003
  0.911588600000000        2.04038647245420       2.198028070408062E-003
  0.925194400000000        2.04104457865016       2.203977420575109E-003
  0.938800200000000        2.04171432907610       2.210070327111649E-003
  0.952406000000000        2.04239583482265       2.216311032848158E-003
  0.966011800000000        2.04308921166529       2.222704071917960E-003
  0.979617600000000        2.04379458036404       2.229254296572095E-003
  0.993223400000000        2.04451206699149       2.235966907067591E-003
   1.00682920000000        2.04524180329232       2.242847485042298E-003
   1.02043500000000        2.04598392707798       2.249902030852742E-003
   1.03404080000000        2.04673858266088       2.257137005426753E-003
   1.04764660000000        2.04750592133264       2.264559377270032E-003
   1.06125240000000        2.04828610189208       2.272176675370818E-003
   1.07485820000000        2.04907929122922       2.279997048868611E-003
   1.08846400000000        2.04988566497236       2.288029334501358E-003
   1.10206980000000        2.05070540820657       2.296283133016848E-003
   1.11567560000000        2.05153871627333       2.304768895945749E-003
   1.12928140000000        2.05238579566207       2.313498024380212E-003
   1.14288720000000        2.05324686500681       2.322482981705105E-003
   1.15649300000000        2.05412215620253       2.331737422589330E-003
   1.17009880000000        2.05501191565886       2.341276340985943E-003
   1.18370460000000        2.05591640571153       2.351116240422863E-003
   1.19731040000000        2.05683590621535       2.361275330518729E-003
   1.21091620000000        2.05777071634721       2.371773754459077E-003
   1.22452200000000        2.05872115665216       2.382633853151483E-003
   1.23812780000000        2.05968757137244       2.393880472998070E-003
   1.25173360000000        2.06067033110637       2.405541325735114E-003
   1.26533940000000        2.06166983585360       2.417647410681492E-003
   1.27894520000000        2.06268651851431       2.430233512106348E-003
   1.29255100000000        2.06372084892389       2.443338787420179E-003
   1.30615680000000        2.06477333852205       2.457007465687943E-003
   1.31976260000000        2.06584454577633       2.471289680806494E-003
   1.33336840000000        2.06693508250721       2.486242469908741E-003
   1.34697420000000        2.06804562129536       2.501930975594284E-003
   1.36058000000000        2.06917690419462       2.518429901046434E-003
   1.37418580000000        2.07032975302814       2.535825280805146E-003
   1.38779160000000        2.07150508161530       2.554216648070887E-003
   1.40139740000000        2.07270391036666       2.573719703523309E-003
   1.41500320000000        2.07392738380152       2.594469623010490E-003
   1.42860900000000        2.07517679169606       2.616625185336520E-003
   1.44221480000000        2.07645359477367       2.640373961406415E-003
   1.45582060000000        2.07775945611967       2.665938888985328E-003
   1.46942640000000        2.07909627986904       2.693586673355690E-003
   1.48303220000000        2.08046625921331       2.723638618290110E-003
   1.49663800000000        2.08187193645860       2.756484726922412E-003
   1.51024380000000        2.08331627882266       2.792602253692047E-003
   1.52384960000000        2.08480277500750       2.832580392150453E-003
   1.53745540000000        2.08633555951528       2.877153537954764E-003
   1.55106120000000        2.08791957447989       2.927246716868582E-003
   1.56466700000000        2.08956078293017       2.984038555788846E-003
   1.57827280000000        2.09126645362914       3.049050013355834E-003
   1.59187860000000        2.09304554718301       3.124271698447099E-003
   1.60548440000000        2.09490924807192       3.212350293195590E-003
   1.61909020000000        2.09687171124722       3.316867788767158E-003
   1.63269600000000        2.09895113144887       3.442770620049491E-003
   1.64630180000000        2.10117131038771       3.597048760523180E-003
   1.65990760000000        2.10356401429277       3.789847212966053E-003
   1.67351340000000        2.10617262753488       4.036358030331725E-003
   1.68711920000000        2.10905801142191       4.360193604367485E-003
   1.70072500000000        2.11230827510631       4.799743877617059E-003
   1.71433080000000        2.11605581881431       5.420995223897235E-003
   1.72793660000000        2.12050858202613       6.345649015866835E-003
   1.74154240000000        2.12601023388975       7.819778907309557E-003
   1.75514820000000        2.13315859575251       1.040651720566067E-002
   1.76875400000000        2.14299831013984       1.563328328688556E-002
   1.78235980000000        2.15656114192817       2.860906695647392E-002
   1.79596560000000        2.16141042524330       6.385820008584092E-002
   1.80957140000000        2.12741597962100       7.643258030644916E-002
   1.82317720000000        2.13055643893265       9.132346705243084E-002
   1.83678300000000        2.06012379612646       0.111181907331007     
   1.85038880000000        2.04153892492007       4.832563667496589E-002
   1.86399460000000        2.05882910022732       2.303925076341215E-002
   1.87760040000000        2.07213081061799       1.389701781075238E-002
   1.89120620000000        2.08145465617009       9.785043623828456E-003
   1.90481200000000        2.08839780745713       7.612976585529141E-003
   1.91841780000000        2.09389683025363       6.333180267981741E-003
   1.93202360000000        2.09847356827011       5.519043905540527E-003
   1.94562940000000        2.10243255314278       4.971428287735339E-003
   1.95923520000000        2.10596135716375       4.587387836940419E-003
   1.97284100000000        2.10918124042487       4.309367141947826E-003
   1.98644680000000        2.11217390042184       4.103136842781150E-003
   2.00005260000000        2.11499634326937       3.947298879042450E-003
   2.01365840000000        2.11768955394735       3.827915669986788E-003
   2.02726420000000        2.12028376848298       3.735591430705957E-003
   2.04087000000000        2.12280179993645       3.663804550786952E-003
   2.05447580000000        2.12526120511319       3.607913472145969E-003
   2.06808160000000        2.12767573639134       3.564542091557233E-003
   2.08168740000000        2.13005633899535       3.531187612791807E-003
   2.09529320000000        2.13241185128939       3.505963323899816E-003
   2.10889900000000        2.13474950628972       3.487425710237278E-003
   2.12250480000000        2.13707529721368       3.474455703910775E-003
   2.13611060000000        2.13939424820254       3.466175518731499E-003
   2.14971640000000        2.14171061773608       3.461889380009197E-003
   2.16332220000000        2.14402805350207       3.461040610464563E-003
   2.17692800000000        2.14634971174119       3.463180108838599E-003
   2.19053380000000        2.14867835024749       3.467942891058010E-003
   2.20413960000000        2.15101640159317       3.475030420821576E-003
   2.21774540000000        2.15336603134108       3.484197153298757E-003
   2.23135120000000        2.15572918474314       3.495240182868481E-003
   2.24495700000000        2.15810762452279       3.507991204050756E-003
   2.25856280000000        2.16050296169289       3.522310214668313E-003
   2.27216860000000        2.16291668088857       3.538080544260940E-003
   2.28577440000000        2.16535016134791       3.555204899954326E-003
   2.29938020000000        2.16780469441542       3.573602200304998E-003
   2.31298600000000        2.17028149824975       3.593205024433735E-003
   2.32659180000000        2.17278173027038       3.613957545362479E-003
   2.34019760000000        2.17530649776615       3.635813847236930E-003
   2.35380340000000        2.17785686700301       3.658736549079192E-003
   2.36740920000000        2.18043387110054       3.682695674994625E-003
   2.38101500000000        2.18303851689608       3.707667723870828E-003
   2.39462080000000        2.18567179097322       3.733634901629832E-003
   2.40822660000000        2.18833466500041       3.760584486820545E-003
   2.42183240000000        2.19102810049867       3.788508306325198E-003
   2.43543820000000        2.19375305313768       3.817402302638054E-003
   2.44904400000000        2.19651047664331       3.847266177851725E-003
   2.46264980000000        2.19930132638567       3.878103102405665E-003
   2.47625560000000        2.20212656270737       3.909919478973827E-003
   2.48986140000000        2.20498715404211       3.942724753739764E-003
   2.50346720000000        2.20788407986748       3.976531268820214E-003
   2.51707300000000        2.21081833353025       4.011354150834899E-003
   2.53067880000000        2.21379092497755       4.047211231644627E-003
   2.54428460000000        2.21680288342476       4.084122998132328E-003
   2.55789040000000        2.21985525998711       4.122112568628330E-003
   2.57149620000000        2.22294913030095       4.161205694207816E-003
   2.58510200000000        2.22608559715853       4.201430783641488E-003
   2.59870780000000        2.22926579317924       4.242818951283127E-003
   2.61231360000000        2.23249088354039       4.285404087645473E-003
   2.62591940000000        2.23576206878956       4.329222952869439E-003
   2.63952520000000        2.23908058776201       4.374315293743816E-003
   2.65313100000000        2.24244772062681       4.420723985402665E-003
   2.66673680000000        2.24586479208706       4.468495199333322E-003
   2.68034260000000        2.24933317476134       4.517678599885668E-003
   2.69394840000000        2.25285429277597       4.568327572112025E-003
   2.70755420000000        2.25642962560100       4.620499484511379E-003
   2.72116000000000        2.26006071216644       4.674255991139055E-003
   2.73476580000000        2.26374915530052       4.729663378618302E-003
   2.74837160000000        2.26749662653784       4.786792964915704E-003
   2.76197740000000        2.27130487135220       4.845721558395141E-003
   2.77558320000000        2.27517571487916       4.906531987748263E-003
   2.78918900000000        2.27911106820441       4.969313716064773E-003
   2.80279480000000        2.28311293530877       5.034163555736339E-003
   2.81640060000000        2.28718342077911       5.101186505367684E-003
   2.83000640000000        2.29132473841797       5.170496735762479E-003
   2.84361220000000        2.29553922091454       5.242218759902990E-003
   2.85721800000000        2.29982933077864       5.316488832408521E-003
   2.87082380000000        2.30419767279014       5.393456638342137E-003
   2.88442960000000        2.30864700828307       5.473287351051103E-003
   2.89803540000000        2.31318027167370       5.556164166369504E-003
   2.91164120000000        2.31780058976237       5.642291459588043E-003
   2.92524700000000        2.32251130450534       5.731898767611650E-003
   2.93885280000000        2.32731600018188       5.825245880241675E-003
   2.95245860000000        2.33221853620709       5.922629445069835E-003
   2.96606440000000        2.33722308730302       6.024391671841169E-003
   2.97967020000000        2.34233419341474       6.130932000191948E-003
   2.99327600000000        2.34755682275525       6.242723029643647E-003
   3.00688180000000        2.35289645286770       6.360332706463407E-003
   3.02048760000000        2.35835917691306       6.484455902178131E-003
   3.03409340000000        2.36395184604950       6.615960437837138E-003
   3.04769920000000        2.36968226468386       6.755955936628831E-003
   3.06130500000000        2.37555946520733       6.905899855095126E-003
   3.07491080000000        2.38159410567353       7.067766150848035E-003
   3.08851660000000        2.38779906373238       7.244323617558719E-003
   3.10212240000000        2.39419035505709       7.439614907070056E-003
   3.11572820000000        2.40078860979282       7.659822157607609E-003
   3.12933400000000        2.40762155165742       7.914923844515089E-003
   3.14293980000000        2.41472836780399       8.222092513456783E-003
   3.15654560000000        2.42216782939915       8.613275668507557E-003
   3.17015140000000        2.43003418380470       9.153988092654441E-003
   3.18375720000000        2.43848907335181       9.996578608294395E-003
   3.19736300000000        2.44781680407313       1.155934678238747E-002
   3.21096880000000        2.45834958916621       1.525539790221489E-002
   3.22457460000000        2.46727894006621       2.597748306944814E-002
   3.23818040000000        2.45685362104371       3.294379060531270E-002
   3.25178620000000        2.46009593196221       1.965274979574085E-002
   3.26539200000000        2.47234302132186       1.534307151569767E-002
   3.27899780000000        2.48351950964443       1.633267090048309E-002
   3.29260360000000        2.48972107139271       1.674836788087318E-002
   3.30620940000000        2.49951308830795       1.366087783251504E-002
   3.31981520000000        2.51098285075976       1.277113031975045E-002
   3.33342100000000        2.52260403347251       1.281805285276594E-002
   3.34702680000000        2.53457977480531       1.337025853882260E-002
   3.36063260000000        2.54722387316228       1.457685296083207E-002
   3.37423840000000        2.56075257793242       1.745822128870162E-002
   3.38784420000000        2.57209548699500       2.510442457471191E-002
   3.40145000000000        2.57352251003119       2.561106170123617E-002
   3.41505580000000        2.58622657463004       1.974299923819889E-002
   3.42866160000000        2.60106259404086       1.909689473227765E-002
   3.44226740000000        2.61568093821005       1.815730100965644E-002
   3.45587320000000        2.63209115931333       1.798334524202501E-002
   3.46947900000000        2.64926410846583       1.858175308796909E-002
   3.48308480000000        2.66732448140542       1.956685705714837E-002
   3.49669060000000        2.68653315628840       2.085798204245801E-002
   3.51029640000000        2.70717571847167       2.248146212734596E-002
   3.52390220000000        2.72959997989919       2.453475212107283E-002
   3.53750800000000        2.75427507360079       2.721620336548301E-002
   3.55111380000000        2.78189048243734       3.093678706255649E-002
   3.56471960000000        2.81353267494724       3.667208822664514E-002
   3.57832540000000        2.85081621830466       4.725928201972151E-002
   3.59193120000000        2.89269624232684       7.198447014366062E-002
   3.60553700000000        2.91468191031518       0.121669748054278     
   3.61914280000000        2.88116197704522       0.125048555487717     
   3.63274860000000        2.92363198333150       8.654144878209655E-002
   3.64635440000000        2.99207066312091       8.708196748674334E-002
   3.65996020000000        3.05401099177808       0.113235756465958     
   3.67356600000000        3.11227335185380       0.120168406360778     
   3.68717180000000        3.21329846701252       0.134778109528695     
   3.70077760000000        3.35113657537415       0.178843239558470     
   3.71438340000000        3.54049709054680       0.276505462705685     
   3.72798920000000        3.79990743311315       0.504167854024907     
   3.74159500000000        4.09811785881902        1.10391027409921     
   3.75520080000000        3.33075894686459        2.33030068016383     
   3.76880660000000        2.13583381795219        1.51923422985817     
   3.78241240000000        2.26204956202987        1.01870842386943     
   3.79601820000000        2.36168103124417       0.775636043349804     
   3.80962400000000        2.67816704592891       0.789015368118820     
   3.82322980000000        2.49070499371097        1.32447678676276     
   3.83683560000000        1.86108051385502       0.912137199766295     
   3.85044140000000        1.97712010380720       0.445545319355902     
   3.86404720000000        2.20619396507512       0.272499361971229     
   3.87765300000000        2.36759667175520       0.243145236032126     
   3.89125880000000        2.45164887395839       0.195448637116560     
   3.90486460000000        2.58196121792068       0.152827011641518     
   3.91847040000000        2.71389569170328       0.149555315785850     
   3.93207620000000        2.84115943368632       0.165239205283641     
   3.94568200000000        2.97955868333178       0.192782066100768     
   3.95928780000000        3.16124017081050       0.246558694768068     
   3.97289360000000        3.39853503761425       0.387314952420370     
   3.98649940000000        3.67458664519623       0.700514591648695     
   4.00010520000000        3.90600306894610        1.51143756038756     
   4.01371100000000        2.50788245851675        2.51342165008197     
   4.02731680000000        1.73842308303536        1.25578527863214     
   4.04092260000000        2.13212233455337       0.786933275248370     
   4.05452840000000        2.39379604484117       0.856921888992281     
   4.06813420000000        2.09921630517781        1.02306493081465     
   4.08174000000000        2.00577788829333       0.666415782882913     
   4.09534580000000        2.07532143045663       0.431570268488053     
   4.10895160000000        2.26255246750443       0.272524923931320     
   4.12255740000000        2.45971725110405       0.223672224745876     
   4.13616320000000        2.65138919782032       0.247482548158066     
   4.14976900000000        2.81393075510523       0.387966356073098     
   4.16337480000000        2.73604588653638       0.577505873509070     
   4.17698060000000        2.64417675064178       0.458760999571491     
   4.19058640000000        2.77743495621054       0.345421668243296     
   4.20419220000000        2.98333306672607       0.352837136816873     
   4.21779800000000        3.22052317593259       0.431628351117502     
   4.23140380000000        3.52772014857381       0.701919255674795     
   4.24500960000000        3.66724685682380        1.39226458280250     
   4.25861540000000        2.82837882180694        1.97122938775244     
   4.27222120000000        2.53488945154849        1.48226196055997     
   4.28582700000000        2.38258532354292        1.93114951250878     
   4.29943280000000        1.45708956929966        1.33524211304020     
   4.31303860000000        1.70486611188056       0.634685783500446     
   4.32664440000000        2.05569153390951       0.419292344717162     
   4.34025020000000        2.31540384063703       0.400572861432617     
   4.35385600000000        2.47314429556040       0.427386456024917     
   4.36746180000000        2.58094265293605       0.464516035408744     
   4.38106760000000        2.75498866132952       0.438301374629033     
   4.39467340000000        3.00549870744909       0.596525456683210     
   4.40827920000000        3.15930513920088       0.898644103794938     
   4.42188500000000        3.11004552043256        1.46261954279518     
   4.43549080000000        2.40631138334016        1.57878035513556     
   4.44909660000000        2.34432568094872        1.37576636436346     
   4.46270240000000        1.91028163776960        1.44741480554792     
   4.47630820000000        1.79226512950431       0.880830001296479     
   4.48991400000000        1.97812557552925       0.661103359105602     
   4.50351980000000        2.13899900125440       0.590759816580701     
   4.51712560000000        2.22798999886525       0.535171345384058     
   4.53073140000000        2.34792999984862       0.506117385080160     
   4.54433720000000        2.50663037029164       0.575443027546052     
   4.55794300000000        2.42284024484057       0.647087079096178     
   4.57154880000000        2.50951563452070       0.538691313717781     
   4.58515460000000        2.68703751076249       0.622080324380592     
   4.59876040000000        2.76891742361976       0.772761147478009     
   4.61236620000000        2.64657668322596        1.09773010277474     
   4.62597200000000        2.30601023291647       0.993272548633143     
   4.63957780000000        2.33916840930558       0.776636415355160     
   4.65318360000000        2.46331142007524       0.851988804547832     
   4.66678940000000        2.21465861938899       0.880196103799646     
   4.68039520000000        2.21490068055222       0.580396157934015     
   4.69400100000000        2.41578727398718       0.496964343686400     
   4.70760680000000        2.47993172906079       0.481700883453668     
   4.72121260000000        2.65773743888230       0.419407187683468     
   4.73481840000000        2.89296889105775       0.550602599705049     
   4.74842420000000        2.91340640752025       0.823225342912629     
   4.76203000000000        2.74425963034253        1.01287189364422     
   4.77563580000000        2.48076865584507       0.894383299561419     
   4.78924160000000        2.52825442518113       0.656277440401604     
   4.80284740000000        2.72851053738051       0.547289246483768     
   4.81645320000000        2.96217215595304       0.625274147771799     
   4.83005900000000        3.13233839100814       0.784059024223342     
   4.84366480000000        3.24713171884094        1.23888152029239     
   4.85727060000000        2.61295375274862        1.49832431971138     
   4.87087640000000        2.31123671391144        1.00422174884638     
   4.88448220000000        2.59855113797002       0.651908022243188     
   4.89808800000000        2.89754397463454       0.647429436101265     
   4.91169380000000        3.20834821503240       0.710518764515061     
   4.92529960000000        3.53065708161563        1.09589777686118     
   4.93890540000000        3.15079102347031        1.64573426567355     
   4.95251120000000        2.98917103964034        1.36509588381454     
   4.96611700000000        3.07430967100252        1.35294631280469     
   4.97972280000000        3.37918057721312        1.39396645952926     
   4.99332860000000        3.73013170528486        1.84982476380626     
   5.00693440000000        3.82215566308104        3.04499940282316     
   5.02054020000000        1.85245187082600        3.57087382396688     
   5.03414600000000        1.58332251672673        2.58182324052507     
   5.04775180000000        1.15894105219368        2.60588853094001     
   5.06135760000000       0.750162687978727        1.67972465148940     
   5.07496340000000        1.13015358763702        1.18415960549385     
   5.08856920000000        1.35742403856545       0.963755895116259     
   5.10217500000000        1.60508588621803       0.988747137584305     
   5.11578080000000        1.48058083949661       0.796380337973618     
   5.12938660000000        1.78072461412359       0.522826775377449     
   5.14299240000000        2.13785002995419       0.530102285120500     
   5.15659820000000        2.32675071667650       0.676231511814148     
   5.17020400000000        2.55404966207126       0.787657113398504     
   5.18380980000000        2.65137020475380        1.24899416553498     
   5.19741560000000        2.10442981718973        1.48900308570678     
   5.21102140000000        1.90901759621888       0.989937281724852     
   5.22462720000000        2.16616007862838       0.751666034178507     
   5.23823300000000        2.47289593903978       0.667185988052495     
   5.25183880000000        2.88032139838266       0.780104408103846     
   5.26544460000000        3.29570497944081        1.14433070556432     
   5.27905040000000        3.51202272248711        2.21812199004618     
   5.29265620000000        2.14768489401368        2.75025532571561     
   5.30626200000000        1.78297741289464        2.29563139432841     
   5.31986780000000        1.30597299597023        2.06966062539127     
   5.33347360000000        1.39918389290188        1.61496336572960     
   5.34707940000000        1.28269584436631        1.45211509317269     
   5.36068520000000        1.50783076667964        1.37442965128052     
   5.37429100000000        1.14499013788887        1.34806144083020     
   5.38789680000000        1.16194625862828       0.810808509783819     
   5.40150260000000        1.56077616142013       0.593981955289292     
   5.41510840000000        1.87651153026600       0.719812801498014     
   5.42871420000000        1.89895371676641       0.969358244222153     
   5.44232000000000        1.72847753081119       0.898659140813056     
   5.45592580000000        1.88969917040936       0.836933466854206     
   5.46953160000000        1.79612222991691       0.996510033033476     
   5.48313740000000        1.75954281585781       0.712982207463359     
   5.49674320000000        2.11794250249348       0.679134748059583     
   5.51034900000000        2.35204292437591        1.19088836187703     
   5.52395480000000        1.58610866381540        1.47927405733876     
   5.53756060000000        1.41615406236929        1.01779387989600     
   5.55116640000000        1.37463363320332       0.746989931737192     
   5.56477220000000        1.48138051806930       0.475117149402017     
   5.57837800000000        1.71259696455966       0.309352246500773     
   5.59198380000000        1.94876111344611       0.284933126299256     
   5.60558960000000        2.13132030284093       0.390906692320142     
   5.61919540000000        2.11553056399461       0.476077283211249     
   5.63280120000000        2.14073226706159       0.496239848003169     
   5.64640700000000        2.11880333078198       0.372618789044950     
   5.66001280000000        2.31163761639516       0.278828760845199     
   5.67361860000000        2.52770932898834       0.315372665990933     
   5.68722440000000        2.72382782956739       0.467331480570801     
   5.70083020000000        2.68286393144376       0.695795579218937     
   5.71443600000000        2.69290088635450       0.656824644770800     
   5.72804180000000        2.77802352192136       0.811167453695939     
   5.74164760000000        2.69208243011637       0.862968421395493     
   5.75525340000000        2.72514857309289       0.728869111606089     
   5.76885920000000        2.97116945062091       0.683463676127079     
   5.78246500000000        3.40668088037685       0.803784717813478     
   5.79607080000000        3.86514689550232        1.40950908359893     
   5.80967660000000        3.81430954788046        2.55993085726972     
   5.82328240000000        2.27553321863854        3.48915560825626     
   5.83688820000000        1.08769622344310        2.10025041083739     
   5.85049400000000        1.70012311277939        1.34194406682699     
   5.86409980000000        2.13159245021262        1.55630885247180     
   5.87770560000000        2.13299639246005        1.85504377403405     
   5.89131140000000        1.51147748500319        2.45961279360319     
   5.90491720000000       0.699534863391175        1.59359360325037     
   5.91852300000000       0.882410912116123       0.885570242455682     
   5.93212880000000        1.25938192296252       0.531446969091571     
   5.94573460000000        1.59989299149529       0.422630751931668     
   5.95934040000000        1.85704076752607       0.425679436322479     
   5.97294620000000        2.05213260914017       0.508121595176362     
   5.98655200000000        2.06930649344261       0.513934411926094     
   6.00015780000000        2.23923598522416       0.421907121790865     
   6.01376360000000        2.52026818629013       0.418180554250308     
   6.02736940000000        2.83430184297713       0.606486590773770     
   6.04097520000000        2.89624240134547       0.999079003082062     
   6.05458100000000        2.87187014987666       0.961093357917094     
   6.06818680000000        3.33693439139465        1.19547999377800     
   6.08179260000000        3.55202168133994        2.27358224074138     
   6.09539840000000        2.24389909750384        3.42113392251650     
   6.10900420000000       0.609768743577136        2.15965263025220     
   6.12261000000000        1.06446490522715        1.03391051293520     
   6.13621580000000        1.65721634566964       0.784357184320746     
   6.14982160000000        2.01676640938740       0.925808562402831     
   6.16342740000000        2.03719070097098       0.998149807244251     
   6.17703320000000        2.36207762576990       0.931172386942133     
   6.19063900000000        2.79791370320464        1.39756432699761     
   6.20424480000000        2.53838123206124        2.27356695280030     
   6.21785060000000        1.47449941375661        2.73768727825221     
   6.23145640000000       0.535564508679420        1.71078975669528     
   6.24506220000000       0.899753318895745       0.923209288326180     
   6.25866800000000        1.39360774746197       0.782625194705014     
   6.27227380000000        1.49184847539339        1.06453665557954     
   6.28587960000000        1.28358928433576       0.873859388000806     
   6.29948540000000        1.50452340827869       0.736223067248788     
   6.31309120000000        1.46608538031344       0.844224641663985     
   6.32669700000000        1.38955127415925       0.661874148626084     
   6.34030280000000        1.48837090605970       0.523779203692056     
   6.35390860000000        1.56411482827091       0.439222032300459     
   6.36751440000000        1.63331466333906       0.375120867512399     
   6.38112020000000        1.74262443425184       0.263229737663151     
   6.39472600000000        1.90934425698590       0.214951451096948     
   6.40833180000000        2.07522769965946       0.253919802029521     
   6.42193760000000        2.11689770835994       0.363405944685032     
   6.43554340000000        2.14635640685870       0.317854719621376     
   6.44914920000000        2.28585219059470       0.363005915336183     
   6.46275500000000        2.20794414341855       0.551829678071958     
   6.47636080000000        2.08406721920288       0.356502757382198     
   6.48996660000000        2.22265032889365       0.223971290123562     
   6.50357240000000        2.35875975406354       0.208254372733892     
   6.51717820000000        2.46347991098823       0.200604210064094     
   6.53078400000000        2.56345309268281       0.200592127719390     
   6.54438980000000        2.69777147994483       0.206749857243024     
   6.55799560000000        2.83163228502584       0.254731677191545     
   6.57160140000000        2.97713935645029       0.382908174133976     
   6.58520720000000        2.89078016129383       0.549052288551015     
   6.59881300000000        2.87894657393915       0.424069790650811     
   6.61241880000000        3.04176604411796       0.380441506507493     
   6.62602460000000        3.26012522123443       0.420252404897003     
   6.63963040000000        3.47143469071273       0.673218395549796     
   6.65323620000000        3.26270284620469       0.919486419292335     
   6.66684200000000        3.31523193594241       0.681077067497090     
   6.68044780000000        3.69504943848503       0.806140823126885     
   6.69405360000000        3.77089041261775        1.23194455445908     
   6.70765940000000        3.84265223308773        1.28473432400398     
   6.72126520000000        4.28093519240702        2.09012165622459     
   6.73487100000000        2.83419892820862        3.25626298132328     
   6.74847680000000        2.01317982093298        2.03848911420265     
   6.76208260000000        2.10359265039665        1.65021453658154     
   6.77568840000000        2.20890484096302        1.36318354730876     
   6.78929420000000        2.17875145764212        1.12022229654955     
   6.80290000000000        2.42078354393933       0.852219013330005     
   6.81650580000000        2.72771713378496       0.753802338805547     
   6.83011160000000        2.94537994546488       0.836754723529862     
   6.84371740000000        3.09985210517401       0.954789181620398     
   6.85732320000000        3.20016206692495        1.03281543656505     
   6.87092900000000        3.27092272013275        1.22492490628711     
   6.88453480000000        3.04331589394571        1.33065240841702     
   6.89814060000000        3.07655659475959        1.07546942629410     
   6.91174640000000        3.31479560939840        1.00551520738668     
   6.92535220000000        3.61348606962459        1.08435905197197     
   6.93895800000000        3.74282063404055        1.52366881787504     
   6.95256380000000        3.21606909716838        1.58627869770932     
   6.96616960000000        3.42049707763635        1.10076699004340     
   6.97977540000000        3.89391436667591        1.18143510722550     
   6.99338120000000        4.01489602874131        1.35165036560053     
   7.00698700000000        4.52117973814710        1.40508480165584     
   7.02059280000000        5.18325451702665        2.25405368261665     
   7.03419860000000        4.17532211356365        3.89408862532941     
   7.04780440000000        2.84589934442335        2.97455996007140     
   7.06141020000000        3.04927847499765        2.33184674430049     
   7.07501600000000        2.99658425642429        2.13198006079020     
   7.08862180000000        3.43269753237240        1.49700923176568     
   7.10222760000000        4.29019528715453        1.47969487127676     
   7.11583340000000        4.93450977457922        1.98579185466126     
   7.12943920000000        5.48081836175257        2.50909485358612     
   7.14304500000000        6.42045097440993        3.57777741125484     
   7.15665080000000        6.30703529537246        7.02816610324379     
   7.17025660000000       0.899528689614429        7.50626162787765     
   7.18386240000000       0.218889713314134        3.95595425180480     
   7.19746820000000        1.53494422147546        2.41387447947234     
   7.21107400000000        2.92728654799289        2.34280168361170     
   7.22467980000000        3.76107833948933        3.37604256624367     
   7.23828560000000        2.50509636564405        4.18446975213109     
   7.25189140000000        2.56796952356085        2.85412066902640     
   7.26549720000000        3.65976780326703        2.67909812716107     
   7.27910300000000        4.99309480329983        3.38772666604396     
   7.29270880000000        5.70177732694378        5.46957601682251     
   7.30631460000000        4.29944288567650        8.48573076972935     
   7.31992040000000       0.213197189861626        7.40784519645729     
   7.33352620000000        1.02574786168993        5.45677296580971     
   7.34713200000000        1.17589555368996        7.13041097663513     
   7.36073780000000       -1.22537888004266        5.74097005200197     
   7.37434360000000      -0.232516305771859        4.44042353054822     
   7.38794940000000       0.436898420443383        5.88318211366539     
   7.40155520000000       -2.74648811897229        5.45928670496176     
   7.41516100000000       -2.23235452693647        2.79332536954158     
   7.42876680000000      -0.766087743475031        2.19153890368927     
   7.44237260000000       0.157439547725366        2.98267901860110     
   7.45597840000000       -1.14840294827984        3.56948438300950     
   7.46958420000000       -1.26120681330125        1.99803008519147     
   7.48319000000000      -0.333558561211124        1.38880879267166     
   7.49679580000000       0.564287246936170        1.38166681596513     
   7.51040160000000        1.52969088301654        1.86129437599016     
   7.52400740000000        1.91902308441795        3.51343304011611     
   7.53761320000000      -0.190552940075668        4.37323364063794     
   7.55121900000000      -0.916852334595797        3.19598267358836     
   7.56482480000000      -0.822273535682673        2.26545151335185     
   7.57843060000000      -0.428949739710818        1.78002665367991     
   7.59203640000000       0.146567873351608        1.73332707911325     
   7.60564220000000       0.450429471429240        1.84453584277153     
   7.61924800000000       0.411104867321210        2.38795109947289     
   7.63285380000000      -4.410098044505073E-002   2.02507412761567     
   7.64645960000000       0.366688229891866        1.65209073552949     
   7.66006540000000       0.868293216411748        1.96784334167458     
   7.67367120000000       0.665031579460804        2.68365778324402     
   7.68727700000000      -0.437668084140537        2.45175833564478     
   7.70088280000000      -0.317274542872438        1.46232812814119     
   7.71448860000000       0.290760149156877       0.998898310680519     
   7.72809440000000       0.997516900836795       0.960242818542174     
   7.74170020000000        1.72454576093469        1.21486860939903     
   7.75530600000000        2.57088572209878        2.08888166293601     
   7.76891180000000        2.25307573430178        4.49974827277054     
   7.78251760000000      -0.886927965035040        3.99124342249967     
   7.79612340000000      -0.592247176942286        2.41245022678296     
   7.80972920000000      -0.344009658657146        2.26933585421249     
   7.82333500000000      -0.306608290612287        2.06118659209055     
   7.83694080000000      -0.378975841532366        1.90416770545136     
   7.85054660000000      -0.343726744721038        1.52736935475178     
   7.86415240000000      -0.199710518928204        1.14211103119573     
   7.87775820000000       0.237342145801562       0.851572771383520     
   7.89136400000000       0.772516211410118       0.840707748705312     
   7.90496980000000        1.27465247301701        1.20818702441034     
   7.91857560000000        1.02211026489366        1.74119479097079     
   7.93218140000000        1.03159044532367        1.48906097883348     
   7.94578720000000        1.39859172243648        1.79702702695362     
   7.95939300000000       0.790481973412483        2.19557949141664     
   7.97299880000000       0.892199787909831        1.54924973863872     
   7.98660460000000        1.48438618414587        1.87245465329288     
   8.00021040000000        1.12520515362413        2.39866263076566     
   8.01381620000000       0.688985238771340        2.33829242734689     
   8.02742200000000       0.712443297093420        1.83464178905306     
   8.04102780000000        1.09999719209221        1.64835560657228     
   8.05463360000000        1.64816333810763        1.73043946021110     
   8.06823940000000        2.26807007875903        2.47579163065640     
   8.08184520000000        1.68215631596752        3.44952174018638     
   8.09545100000000       0.981926404597438        3.69726364008145     
   8.10905680000000       0.976569107826458        3.15877722292028     
   8.12266260000000        1.25356490396266        4.34032052562768     
   8.13626840000000       5.460040035044000E-002   4.77920265591072     
   8.14987420000000       -1.99418150637379        5.07912741679744     
   8.16348000000000       -2.65371221169075        2.60868405820026     
   8.17708580000000       -1.71551304296713        1.76960409308366     
   8.19069160000000       -1.34994957809810        1.66669237931905     
   8.20429740000000       -1.21479899580616        1.45058639337741     
   8.21790320000000      -0.947628814725725        1.11998777140524     
   8.23150900000000      -0.499930786497177        1.00258820408451     
   8.24511480000000      -0.160656360109054        1.30504317572529     
   8.25872060000000      -0.467781333071298        1.45159734606767     
   8.27232640000000      -0.466932285102333        1.03443995741312     
   8.28593220000000       3.560356465412284E-002  0.902824634683665     
   8.29953800000000       0.383673258700623        1.43002194610294     
   8.31314380000000      -0.308253720899078        1.60564459291840     
   8.32674960000000      -0.219702968210430        1.06121550401010     
   8.34035540000000       0.196289436840430        1.03329995755205     
   8.35396120000000       0.207231291012075        1.25186080875058     
   8.36756700000000       0.282484925190685        1.03315801514790     
   8.38117280000000       0.758176315477602        1.03920402103960     
   8.39477860000000        1.33188451822397        1.53711225607871     
   8.40838440000000        1.40882430841542        2.95445627608565     
   8.42199020000000      -0.926068541160967        3.57908488986190     
   8.43559600000000       -1.34214935086142        1.75216291855788     
   8.44920180000000      -0.647963964185696        1.25427939974999     
   8.46280760000000      -0.406336912988130        1.52122255434595     
   8.47641340000000      -0.685120264773676        1.26164330152074     
   8.49001920000000      -0.405299771958169       0.953054688252883     
   8.50362500000000      -7.483321539694132E-002  0.991590462062980     
   8.51723080000000       6.201790678625740E-002   1.02477594469536     
   8.53083660000000       0.396483392531315        1.18152933120800     
   8.54444240000000       0.656601175214919        1.86536439521009     
   8.55804820000000      -0.372453409957471        2.79675639143429     
   8.57165400000000       -1.53811503182297        1.66590386222301     
   8.58525980000000       -1.14037422020657       0.803222434347212     
   8.59886560000000      -0.681436549660465       0.529800488571293     
   8.61247140000000      -0.302491752546791       0.500726086549395     
   8.62607720000000      -4.203862387414303E-002  0.586942132365134     
   8.63968300000000       0.185810441102002       0.797243642709096     
   8.65328880000000       6.259623214494681E-002   1.00564485384027     
   8.66689460000000       0.104151012545541        1.11068599198228     
   8.68050040000000      -0.114101534920775        1.05037457506481     
   8.69410620000000       0.184689735031464        1.11805980552155     
   8.70771200000000      -0.300816870428167        1.67726505478068     
   8.72131780000000      -0.762456320422237        1.03889520314453     
   8.73492360000000      -0.562363813937026       0.638105305313604     
   8.74852940000000      -0.296242459616390       0.519379070056109     
   8.76213520000000      -9.299117535731272E-002  0.516350621588317     
   8.77574100000000       9.093341155130130E-002  0.567374008546169     
   8.78934680000000       0.266086596931069       0.770299078364568     
   8.80295260000000       0.292666467963794        1.18554501413481     
   8.81655840000000      -0.516118113376200        1.44137575103191     
   8.83016420000000      -0.743402794171695       0.695425481494033     
   8.84377000000000      -0.477164461064613       0.385033346867541     
   8.85737580000000      -0.255258255551130       0.295138279034587     
   8.87098160000000      -9.498272215563186E-002  0.274229194314035     
   8.88458740000000       4.472605778415095E-002  0.276073800759089     
   8.89819320000000       0.192772187681019       0.352136348868243     
   8.91179900000000       0.195277637032706       0.465724421467156     
   8.92540480000000       0.230842333506707       0.552480979062761     
   8.93901060000000       2.907247178908579E-002  0.575908950188394     
   8.95261640000000       7.318928613193254E-002  0.364943653347552     
   8.96622220000000       0.250798990793624       0.358849557022880     
   8.97982800000000       0.259072764652234       0.454071383055986     
   8.99343380000000       0.340655944683771       0.377202087317650     
   9.00703960000000       0.566778195118226       0.507544977235631     
   9.02064540000000       0.541537781481335        1.01211559477714     
   9.03425120000000      -0.192878449265226        1.03758550709938     
   9.04785700000000      -0.287595054771560       0.510973283441669     
   9.06146280000000      -9.922707300731748E-002  0.282094848592972     
   9.07506860000000       7.452781105698192E-002  0.231497512614518     
   9.08867440000000       0.150797237883142       0.287621537403757     
   9.10228020000000       0.134125632832942       0.232541800793675     
   9.11588600000000       0.203267867828954       0.185764191154913     
   9.12949180000000       0.263103772205025       0.155825646761004     
   9.14309760000000       0.329237857086324       0.122593950741447     
   9.15670340000000       0.418510269178345       0.107813017928208     
   9.17030920000000       0.512668793210317       0.120477121769404     
   9.18391500000000       0.606478269428545       0.161269435898003     
   9.19752080000000       0.698357655107406       0.253787002008936     
   9.21112660000000       0.731573023241481       0.434520666195592     
   9.22473240000000       0.470304918641768       0.586246149670610     
   9.23833820000000       0.380975895344295       0.338785733661411     
   9.25194400000000       0.485187162943252       0.295239954609110     
   9.26554980000000       0.478809507545683       0.299486691604216     
   9.27915560000000       0.470446491071662       0.216895506389348     
   9.29276140000000       0.565863803060475       0.145196823357910     
   9.30636720000000       0.671664659649329       0.142968682670126     
   9.31997300000000       0.749811901786452       0.160171869251358     
   9.33357880000000       0.866084937702243       0.182669996924444     
   9.34718460000000        1.01668292093377       0.296869409278348     
   9.36079040000000        1.08795941806906       0.628826585884117     
   9.37439620000000       0.582597091300032       0.859438029663238     
   9.38800200000000       0.436065709334264       0.454447366462766     
   9.40160780000000       0.574335235982608       0.348838640828829     
   9.41521360000000       0.581298431949019       0.294659864572646     
   9.42881940000000       0.686507629949948       0.206159678243577     
   9.44242520000000       0.818902271865106       0.190216862943770     
   9.45603100000000       0.976212168882133       0.235279044824756     
   9.46963680000000        1.14442721195781       0.433962157801422     
   9.48324260000000       0.929161379858490       0.866958588811872     
   9.49684840000000       0.505277853543429       0.571865501127551     
   9.51045420000000       0.625354413333735       0.291438512831213     
   9.52406000000000       0.809114159676856       0.212438359772664     
   9.53766580000000       0.982805921591885       0.225311345243680     
   9.55127160000000        1.13655608463991       0.312844728034212     
   9.56487740000000        1.23424088979699       0.472721114768122     
   9.57848320000000        1.28474401108038       0.581033219112382     
   9.59208900000000        1.42835559557874       0.782990493333201     
   9.60569480000000        1.28507809966123        1.36441939850842     
   9.61930060000000       0.806809483736712        1.29538847086568     
   9.63290640000000       0.517799942748452        1.30368711990365     
   9.64651220000000       0.459953263303517        1.17455422253427     
   9.66011800000000       7.559839439744831E-002   1.11870519912234     
   9.67372380000000      -7.826321938945169E-003  0.673190628419792     
   9.68732960000000       0.164570990016708       0.531358040671872     
   9.70093540000000       0.138461425843809       0.425381531784579     
   9.71454120000000       0.242871150680477       0.240079956062594     
   9.72814700000000       0.392002800147002       0.172180784028253     
   9.74175280000000       0.512215217075063       0.158447580069709     
   9.75535860000000       0.624732383335615       0.184030179134223     
   9.76896440000000       0.676190914534127       0.289788639316028     
   9.78257020000000       0.546003291947027       0.309145335381845     
   9.79617600000000       0.563981071923885       0.170397419893188     
   9.80978180000000       0.651003654714994       0.115067454019427     
   9.82338760000000       0.730624670563100       9.855770116186351E-002
   9.83699340000000       0.794590477549184       9.701066452428427E-002
   9.85059920000000       0.859433357919018       9.115384689396429E-002
   9.86420500000000       0.926069699979909       9.548204978925717E-002
   9.87781080000000        1.00183006721724       9.814501227047658E-002
   9.89141660000000        1.09747069302225       0.115695770882934     
   9.90502240000000        1.21647993736278       0.161411653219657     
   9.91862820000000        1.36356667636594       0.276631504211789     
   9.93223400000000        1.47000671014137       0.514901643976288     
   9.94583980000000        1.44528128647893        1.00546551137944     
   9.95944560000000       0.595642171518644        1.07199345321284     
   9.97305140000000       0.570168054356492       0.499036594630375     
   9.98665720000000       0.787714915797179       0.358538483425648     
   10.0002630000000       0.901576307770324       0.382274021545626     
   10.0138688000000        1.00809616124272       0.357878212917626     
   10.0274746000000        1.21970503683320       0.524224491130015     
   10.0410804000000        1.02994581226336        1.07460811836947     
   10.0546862000000       0.357242032337528       0.737326223823805     
   10.0682920000000       0.477687192601178       0.324265951240338     
   10.0818978000000       0.656553596046817       0.193141584614478     
   10.0955036000000       0.799523143739707       0.150570113449401     
   10.1091094000000       0.927208530614313       0.155382128652957     
   10.1227152000000        1.03043083181807       0.230750398546429     
   10.1363210000000        1.00006136012791       0.309413255517390     
   10.1499268000000       0.962548682853568       0.305577752495982     
   10.1635326000000       0.979881710086331       0.199104386358789     
   10.1771384000000        1.09507134504095       0.162676632536415     
   10.1907442000000        1.21264036292626       0.182328179040411     
   10.2043500000000        1.31680161806945       0.271870741270683     
   10.2179558000000        1.35047053871628       0.320044546129215     
   10.2315616000000        1.54263474607525       0.420160701277637     
   10.2451674000000        1.68369277992801       0.918173066193246     
   10.2587732000000       0.787261927220331        1.36456388111607     
   10.2723790000000       0.454220245341564       0.603800913411414     
   10.2859848000000       0.663642162876694       0.283048669480146     
   10.2995906000000       0.839642635076881       0.173797341082098     
   10.3131964000000       0.972679015353224       0.130825914231251     
   10.3268022000000        1.07720623210353       0.117270444138809     
   10.3404080000000        1.15923026583809       0.109315229679445     
   10.3540138000000        1.23967220576879       9.702280191210919E-002
   10.3676196000000        1.32734060720922       9.200411546477080E-002
   10.3812254000000        1.41754644851570       9.477073383937985E-002
   10.3948312000000        1.51349072093046       0.103805963839335     
   10.4084370000000        1.62052687476693       0.121875807740641     
   10.4220428000000        1.74605712222549       0.159695481734319     
   10.4356486000000        1.89073868204723       0.257091040490551     
   10.4492544000000        1.90561111248479       0.483704440691950     
   10.4628602000000        1.75910798232476       0.387997640739133     
   10.4764660000000        1.92934932508775       0.264843188238300     
   10.4900718000000        2.15414408770634       0.256451813199707     
   10.5036776000000        2.40932016627788       0.301635851131785     
   10.5172834000000        2.70913880587212       0.405112465010869     
   10.5308892000000        3.06666282966559       0.551864867102999     
   10.5444950000000        3.59684185418538       0.829540750257759     
   10.5581008000000        4.26458128294168        1.43638650867831     
   10.5717066000000        4.99948186837659        2.58332438537430     
   10.5853124000000        5.50588916724884        5.02812820061271     
   10.5989182000000        2.59777794576890        9.52514979647506     
   10.6125240000000       -3.55740545106259        6.40374570304090     
   10.6261298000000       -2.82745973481499        2.88435479075989     
   10.6397356000000       -1.69498094605456        2.27936345375529     
   10.6533414000000       -2.07032008255946        1.99848772355691     
   10.6669472000000       -1.75209832041410        1.00444980168853     
   10.6805530000000       -1.19413374959683       0.601296735284586     
   10.6941588000000      -0.746789198731058       0.459329630325972     
   10.7077646000000      -0.382487978419709       0.483056452066812     
   10.7213704000000      -0.257108433458847       0.744517242513566     
   10.7349762000000      -0.519352752637362       0.590481211667257     
   10.7485820000000      -0.351787158274847       0.317403592002642     
   10.7621878000000      -0.146051861632892       0.218825568522556     
   10.7757936000000       2.944921405985867E-002  0.182588270669860     
   10.7893994000000       0.181506855402511       0.175275899074110     
   10.8030052000000       0.331444931555992       0.181656859674817     
   10.8166110000000       0.487579108814048       0.227367945154890     
   10.8302168000000       0.651707327581965       0.322979691784932     
   10.8438226000000       0.754245426405147       0.534969378470529     
   10.8574284000000       0.866077255677983       0.790481959316097     
   10.8710342000000       0.439495059089262        1.49111140203001     
   10.8846400000000      -0.385719565403330       0.897654927369992     
   10.8982458000000      -0.212588486724218       0.390635472438177     
   10.9118516000000      -1.430485711857954E-002  0.226337936649583     
   10.9254574000000       0.131844849213317       0.150691386520713     
   10.9390632000000       0.250617301821821       0.116763317419149     
   10.9526690000000       0.349553237147380       0.106686553762218     
   10.9662748000000       0.430322587112138       0.117773016014493     
   10.9798806000000       0.490119218202525       0.135439003956953     
   10.9934864000000       0.517440927638147       0.176583679843078     
   11.0070922000000       0.503614938897151       0.144163968105281     
   11.0206980000000       0.556727173184599       0.106473918215510     
   11.0343038000000       0.618576018845485       8.540498809043154E-002
   11.0479096000000       0.688148237828545       8.041849770148726E-002
   11.0615154000000       0.762095033386803       8.699632988299202E-002
   11.0751212000000       0.847792649812564       0.112058399887724     
   11.0887270000000       0.942561986814603       0.184871102028505     
   11.1023328000000       0.952579427273117       0.309986989537539     
   11.1159386000000       0.999067114898262       0.369241392330003     
   11.1295444000000       0.909076603831936       0.640091357520467     
   11.1431502000000       0.668849593341920       0.510612079834020     
   11.1567560000000       0.684514173632104       0.509940942393814     
   11.1703618000000       0.501395886181104       0.407100332121787     
   11.1839676000000       0.578577142482447       0.223975821178769     
   11.1975734000000       0.676457242762612       0.176957247844969     
   11.2111792000000       0.768162566920859       0.143904091333343     
   11.2247850000000       0.873453336850909       0.154345503734968     
   11.2383908000000       0.983448253613373       0.192882985047621     
   11.2519966000000        1.13720250441926       0.313988939368673     
   11.2656024000000        1.22369508697165       0.715583386457503     
   11.2792082000000       0.517093155121010        1.01889970794007     
   11.2928140000000       0.295531137282741       0.447744076583959     
   11.3064198000000       0.447989775523447       0.224178011025901     
   11.3200256000000       0.560257826581893       0.145650642293242     
   11.3336314000000       0.649837391967299       0.104917532836148     
   11.3472372000000       0.726997150761415       9.347450680975712E-002
   11.3608430000000       0.784794383002483       9.419239114149656E-002
   11.3744488000000       0.848235266861133       0.111162030892682     
   11.3880546000000       0.874761528726999       0.186697215472153     
   11.4016604000000       0.781395958360294       0.173649993227086     
   11.4152662000000       0.811436713612588       9.221170653037983E-002
   11.4288720000000       0.862582719591663       6.345276591827001E-002
   11.4424778000000       0.909754548400315       4.989122159766663E-002
   11.4560836000000       0.953619270622355       4.422316573472508E-002
   11.4696894000000       0.995094436353887       4.275160526565545E-002
   11.4832952000000        1.03460187505662       4.430886328879142E-002
   11.4969010000000        1.07394086810406       4.525792825683611E-002
   11.5105068000000        1.11736193922139       4.896573562888002E-002
   11.5241126000000        1.16353694100766       5.782796574928398E-002
   11.5377184000000        1.21233477493789       7.698328406454481E-002
   11.5513242000000        1.24085971980486       9.856122528587551E-002
   11.5649300000000        1.29236264431404       9.703914587151613E-002
   11.5785358000000        1.36895928645692       0.115525499966155     
   11.5921416000000        1.47477683227564       0.166659298840904     
   11.6057474000000        1.61201953371284       0.315629855194231     
   11.6193532000000        1.57232907473756       0.730621298454187     
   11.6329590000000        1.01565732338652       0.669601552297113     
   11.6465648000000        1.06533194734136       0.352339291061649     
   11.6601706000000        1.20208472019859       0.315388932860269     
   11.6737764000000        1.22487481178851       0.328044920006986     
   11.6873822000000        1.25931162753852       0.305042755252620     
   11.7009880000000        1.35605584721679       0.290081232993750     
   11.7145938000000        1.45548183158770       0.404555252340070     
   11.7281996000000        1.34098492555749       0.461151010655665     
   11.7418054000000        1.43217585843402       0.418699595263963     
   11.7554112000000        1.48443816671802       0.575982961865300     
   11.7690170000000        1.26960505791864       0.567204697133260     
   11.7826228000000        1.40708377659826       0.412396539371496     
   11.7962286000000        1.59246061323962       0.513163613638154     
   11.8098344000000        1.68543713245247       0.692474131790460     
   11.8234402000000        1.69770921832504        1.18776472394663     
   11.8370460000000       0.913237512235370        1.20546933926556     
   11.8506518000000       0.862951620593938       0.780240461979815     
   11.8642576000000       0.942159427662952       0.581329831368107     
   11.8778634000000        1.08397764116981       0.475547190582650     
   11.8914692000000        1.18755715429006       0.462820109021335     
   11.9050750000000        1.29333536835382       0.420656931395030     
   11.9186808000000        1.46914615444537       0.397147490537526     
   11.9322866000000        1.75216572489300       0.476617897202108     
   11.9458924000000        2.11107574425472       0.794288969655663     
   11.9594982000000        2.30526820171081        1.68934255454930     
   11.9731040000000       0.989086874728308        2.77575625859254     
   11.9867098000000      -0.123460122778047        1.46984240215799     
   12.0003156000000       0.299942781249328       0.760309847443730     
   12.0139214000000       0.727539164013154       0.733051336993768     
   12.0275272000000       0.651124139265232        1.05889286596779     
   12.0411330000000       0.458159835791834       0.844662401564797     
   12.0547388000000       0.319248502920505       0.756647125625231     
   12.0683446000000       0.346103653995021       0.398996294422746     
   12.0819504000000       0.556107774829132       0.243800089397194     
   12.0955562000000       0.744020117428388       0.203756124235148     
   12.1091620000000       0.919848100656762       0.235298888380744     
   12.1227678000000        1.07098151231973       0.405677668525943     
   12.1363736000000       0.835427771260021       0.673062326107259     
   12.1499794000000       0.647761775611012       0.378189917128352     
   12.1635852000000       0.776857975788920       0.207849649059268     
   12.1771910000000       0.914449744564650       0.163905774459924     
   12.1907968000000        1.02957665873639       0.168307286840475     
   12.2044026000000        1.13190960313601       0.214603384014663     
   12.2180084000000        1.18649566754586       0.301532401042852     
   12.2316142000000        1.16980704048846       0.389026952886658     
   12.2452200000000        1.09207654003327       0.422362693267187     
   12.2588258000000        1.04085540489690       0.346194023320665     
   12.2724316000000        1.09024132737923       0.233744193253501     
   12.2860374000000        1.22113562714523       0.204231453816304     
   12.2996432000000        1.32370322492438       0.277404343848619     
   12.3132490000000        1.33421771301792       0.321065480286515     
   12.3268548000000        1.38016143909241       0.373919378287859     
   12.3404606000000        1.38280008468497       0.431862568776449     
   12.3540664000000        1.30116201682890       0.429167181514447     
   12.3676722000000        1.38567392331121       0.309681924612172     
   12.3812780000000        1.58180799210816       0.323081892811260     
   12.3948838000000        1.75783219284397       0.531462329481372     
   12.4084896000000        1.64706111169679       0.766217602988834     
   12.4220954000000        1.68735412318546       0.826914317140309     
   12.4357012000000        1.44245760627461        1.20880089576345     
   12.4493070000000        1.14020379958577       0.832133480421538     
   12.4629128000000        1.47933122893533       0.706865742738515     
   12.4765186000000        1.80524539493463        1.22931160270801     
   12.4901244000000       0.804335062387588        2.01498233807259     
   12.5037302000000       0.129787437435281       0.983983970533678     
   12.5173360000000       0.427930146154667       0.459476732496524     
   12.5309418000000       0.698468066743732       0.291615106374479     
   12.5445476000000       0.914746626608379       0.240600558054161     
   12.5581534000000        1.10538775734338       0.285943078664287     
   12.5717592000000        1.16434096842535       0.487538793718442     
   12.5853650000000       0.936752530152656       0.470030671909194     
   12.5989708000000       0.973205267539546       0.266089459113253     
   12.6125766000000        1.07624627007726       0.186454661475797     
   12.6261824000000        1.18578890250023       0.139274967228807     
   12.6397882000000        1.28221006394392       0.122114327399494     
   12.6533940000000        1.38043820117433       0.108642311132005     
   12.6669998000000        1.48311708992693       0.109208248405640     
   12.6806056000000        1.59199214686093       0.122274898766968     
   12.6942114000000        1.71424186698273       0.156159267812871     
   12.7078172000000        1.85374023978690       0.237555915293212     
   12.7214230000000        1.96452426385138       0.464484982773985     
   12.7350288000000        1.65099466730135       0.652875800144181     
   12.7486346000000        1.59558031704851       0.344048515582831     
   12.7622404000000        1.77888452182917       0.228778403800700     
   12.7758462000000        1.96312404910652       0.218979131607376     
   12.7894520000000        2.13067955719917       0.271454430848158     
   12.8030578000000        2.23207833977920       0.344211703783006     
   12.8166636000000        2.35450199069713       0.318536132427056     
   12.8302694000000        2.59506389010190       0.328032017625234     
   12.8438752000000        2.88808423416154       0.408906668018380     
   12.8574810000000        3.24545400011596       0.551801078691577     
   12.8710868000000        3.74323780925282       0.877835612968033     
   12.8846926000000        4.10743506510503        1.60571480573137     
   12.8982984000000        4.23191905368877        2.36314757431061     
   12.9119042000000        3.85174303361812        3.22300940455913     
   12.9255100000000        4.12312142520602        3.73393177198670     
   12.9391158000000        4.08597145964668        6.40096443576179     
   12.9527216000000       -1.15697072693625        7.52707780096668     
   12.9663274000000       -2.33224580084956        3.52147452558764     
   12.9799332000000       -1.14061401366290        1.86421733605171     
   12.9935390000000       5.763845069893592E-002   1.54280445987766     
   13.0071448000000       0.899501238160406        2.27459525985689     
   13.0207506000000      -0.166613092113754        3.05208961285364     
   13.0343564000000      -0.229010652798345        2.07604082922894     
   13.0479622000000       0.476540575983087        2.58920942018632     
   13.0615680000000       -1.19329074358264        3.49395450239161     
   13.0751738000000       -1.80723755082569        1.70440061658027     
   13.0887796000000       -1.20476064576727        1.05636036558417     
   13.1023854000000      -0.985189106534396       0.816289299839086     
   13.1159912000000      -0.651377218029652       0.520741102892237     
   13.1295970000000      -0.311672443801498       0.468552085549246     
   13.1432028000000      -0.162003193575746       0.495431084587059     
   13.1568086000000       1.989846980240217E-002  0.418581385133432     
   13.1704144000000       0.277221366179463       0.499222263936836     
   13.1840202000000       0.266077686926033       0.818435967894729     
   13.1976260000000      -5.023101546780517E-002  0.653526041259958     
   13.2112318000000       8.248000281681211E-002  0.391751274701168     
   13.2248376000000       0.259657997149706       0.322920200563630     
   13.2384434000000       0.351470998115313       0.310210563332361     
   13.2520492000000       0.470672854361303       0.222918623714770     
   13.2656550000000       0.642374781135966       0.189367729524232     
   13.2792608000000       0.818081761864944       0.196563997145105     
   13.2928666000000       0.998962399369609       0.239981378486885     
   13.3064724000000        1.19342334685004       0.322627183446419     
   13.3200782000000        1.36790130731793       0.543762197660867     
   13.3336840000000        1.24089496266792       0.708749245213308     
   13.3472898000000        1.36384307988141       0.538859750086593     
   13.3608956000000        1.75136465563041       0.559480948189813     
   13.3745014000000        2.28862599258742       0.811031574550280     
   13.3881072000000        3.04239871530177        1.54705813254256     
   13.4017130000000        3.49014477490630        3.80356179315843     
   13.4153188000000      -0.187417603943314        5.83103843049255     
   13.4289246000000       -2.06697751948474        3.28867177381290     
   13.4425304000000       -2.04434062920265        1.81258365828515     
   13.4561362000000       -1.54388933520531       0.877579977210100     
   13.4697420000000       -1.03833324067323       0.506280875240580     
   13.4833478000000      -0.686886372414276       0.347294004355200     
   13.4969536000000      -0.427442723948128       0.255057887207923     
   13.5105594000000      -0.214326303049732       0.204341655899232     
   13.5241652000000      -3.257992225940010E-002  0.180453833052467     
   13.5377710000000       0.132223709363192       0.180288584078017     
   13.5513768000000       0.284339161467697       0.214795169801055     
   13.5649826000000       0.386235703142094       0.298165112963809     
   13.5785884000000       0.411179780371670       0.320663269491988     
   13.5921942000000       0.510093926787021       0.285008508032351     
   13.6058000000000       0.709725535275940       0.320519040922763     
