 #Independent Particle F
 #Numkpts,nspin=         216           1
 #spin=           1
 #Number of BSE conduction states=           3
 #Number of BSE valence          states=           8
 #Total number of val/cond states=           6           6
 #Gaussian broadening= F
 #If not Gaussian broadening then Lorentzian
 #Broadenings=  1.000000000000000E-003  1.000000000000000E-003
 #LDA energies used as N.L. potential correction in BSE program and NOT lmf F
 #direction of q-vector=
 #   1.00000000000000       0.000000000000000E+000  0.000000000000000E+000
 #Energy(eV),Real(eps),Imag(eps)
  0.000000000000000E+000   2.63709775593178       3.892458638933363E-003
  1.360580000000000E-002   2.63710787172533       3.892545249074961E-003
  2.721160000000000E-002   2.63713822017291       3.892805097246868E-003
  4.081740000000000E-002   2.63718880447566       3.893238236701390E-003
  5.442320000000000E-002   2.63725962997016       3.893844756229084E-003
  6.802900000000001E-002   2.63735070413026       3.894624780213697E-003
  8.163480000000001E-002   2.63746203656987       3.895578468709398E-003
  9.524060000000001E-002   2.63759363904647       3.896706017540125E-003
  0.108846400000000        2.63774552546526       3.898007658421701E-003
  0.122452200000000        2.63791771188444       3.899483659106286E-003
  0.136058000000000        2.63811021652083       3.901134323550017E-003
  0.149663800000000        2.63832305975666       3.902959992103874E-003
  0.163269600000000        2.63855626414705       3.904961041728109E-003
  0.176875400000000        2.63880985442824       3.907137886230656E-003
  0.190481200000000        2.63908385752669       3.909490976530262E-003
  0.204087000000000        2.63937830256903       3.912020800944242E-003
  0.217692800000000        2.63969322089287       3.914727885501978E-003
  0.231298600000000        2.64002864605838       3.917612794284616E-003
  0.244904400000000        2.64038461386088       3.920676129791315E-003
  0.258510200000000        2.64076116234418       3.923918533333322E-003
  0.272116000000000        2.64115833181486       3.927340685456148E-003
  0.285721800000000        2.64157616485757       3.930943306391216E-003
  0.299327600000000        2.64201470635107       3.934727156537458E-003
  0.312933400000000        2.64247400348540       3.938693036974125E-003
  0.326539200000000        2.64295410577996       3.942841790006111E-003
  0.340145000000000        2.64345506510251       3.947174299742400E-003
  0.353750800000000        2.64397693568937       3.951691492709746E-003
  0.367356600000000        2.64451977416649       3.956394338502327E-003
  0.380962400000000        2.64508363957163       3.961283850468993E-003
  0.394568200000000        2.64566859337777       3.966361086440454E-003
  0.408174000000000        2.64627469951752       3.971627149497004E-003
  0.421779800000000        2.64690202440869       3.977083188779773E-003
  0.435385600000000        2.64755063698113       3.982730400347174E-003
  0.448991400000000        2.64822060870486       3.988570028078598E-003
  0.462597200000000        2.64891201361926       3.994603364628120E-003
  0.476203000000000        2.64962492836391       4.000831752431026E-003
  0.489808800000000        2.65035943221040       4.007256584765439E-003
  0.503414600000000        2.65111560709600       4.013879306872838E-003
  0.517020400000000        2.65189353765845       4.020701417140408E-003
  0.530626200000000        2.65269331127239       4.027724468349243E-003
  0.544232000000000        2.65351501808747       4.034950068992241E-003
  0.557837800000000        2.65435875106801       4.042379884665898E-003
  0.571443600000000        2.65522460603443       4.050015639541601E-003
  0.585049400000000        2.65611268170639       4.057859117920324E-003
  0.598655200000000        2.65702307974798       4.065912165877804E-003
  0.612261000000000        2.65795590481471       4.074176693005580E-003
  0.625866800000000        2.65891126460266       4.082654674254939E-003
  0.639472600000000        2.65988926989976       4.091348151891590E-003
  0.653078400000000        2.66089003463925       4.100259237568894E-003
  0.666684200000000        2.66191367595576       4.109390114529108E-003
  0.680290000000000        2.66296031424365       4.118743039942418E-003
  0.693895800000000        2.66403007321808       4.128320347394955E-003
  0.707501600000000        2.66512307997901       4.138124449537880E-003
  0.721107400000000        2.66623946507800       4.148157840911382E-003
  0.734713200000000        2.66737936258820       4.158423100957939E-003
  0.748319000000000        2.66854291017769       4.168922897242074E-003
  0.761924800000000        2.66973024918634       4.179659988894840E-003
  0.775530600000000        2.67094152470652       4.190637230303609E-003
  0.789136400000000        2.67217688566768       4.201857575069973E-003
  0.802742200000000        2.67343648492536       4.213324080261727E-003
  0.816348000000000        2.67472047935475       4.225039910987553E-003
  0.829953800000000        2.67602902994924       4.237008345325976E-003
  0.843559600000000        2.67736230192413       4.249232779646049E-003
  0.857165400000000        2.67872046482622       4.261716734358896E-003
  0.870771200000000        2.68010369264949       4.274463860147192E-003
  0.884377000000000        2.68151216395734       4.287477944723690E-003
  0.897982800000000        2.68294606201217       4.300762920177830E-003
  0.911588600000000        2.68440557491278       4.314322870976725E-003
  0.925194400000000        2.68589089574011       4.328162042696141E-003
  0.938800200000000        2.68740222271240       4.342284851567887E-003
  0.952406000000000        2.68893975935052       4.356695894941092E-003
  0.966011800000000        2.69050371465415       4.371399962771301E-003
  0.979617600000000        2.69209430329039       4.386402050264299E-003
  0.993223400000000        2.69371174579562       4.401707371825338E-003
   1.00682920000000        2.69535626879213       4.417321376481827E-003
   1.02043500000000        2.69702810522108       4.433249764979107E-003
   1.03404080000000        2.69872749459361       4.449498508776081E-003
   1.04764660000000        2.70045468326192       4.466073871206757E-003
   1.06125240000000        2.70220992471289       4.482982431115764E-003
   1.07485820000000        2.70399347988671       4.500231109328693E-003
   1.08846400000000        2.70580561752335       4.517827198378723E-003
   1.10206980000000        2.70764661454092       4.535778395985290E-003
   1.11567560000000        2.70951675644921       4.554092842867847E-003
   1.12928140000000        2.71141633780348       4.572779165584505E-003
   1.14288720000000        2.71334566270382       4.591846525213178E-003
   1.15649300000000        2.71530504534627       4.611304672846122E-003
   1.17009880000000        2.71729481063289       4.631164013060607E-003
   1.18370460000000        2.71931529484963       4.651435676753891E-003
   1.19731040000000        2.72136684642184       4.672131605016987E-003
   1.21091620000000        2.72344982675932       4.693264646064919E-003
   1.22452200000000        2.72556461120511       4.714848667672796E-003
   1.23812780000000        2.72771159010468       4.736898688098522E-003
   1.25173360000000        2.72989117001554       4.759431029138670E-003
   1.26533940000000        2.73210377508122       4.782463495799506E-003
   1.27894520000000        2.73434984859854       4.806015588116115E-003
   1.29255100000000        2.73662985481314       4.830108751990110E-003
   1.30615680000000        2.73894428098570       4.854766677618783E-003
   1.31976260000000        2.74129363978089       4.880015656275281E-003
   1.33336840000000        2.74367847204276       4.905885009025723E-003
   1.34697420000000        2.74609935003534       4.932407604642570E-003
   1.36058000000000        2.74855688124658       4.959620488787266E-003
   1.37418580000000        2.75105171287781       4.987565652890725E-003
   1.38779160000000        2.75358453717299       5.016290979611931E-003
   1.40139740000000        2.75615609778276       5.045851413097998E-003
   1.41500320000000        2.75876719741252       5.076310417628638E-003
   1.42860900000000        2.76141870707497       5.107741809214821E-003
   1.44221480000000        2.76411157736236       5.140232073707783E-003
   1.45582060000000        2.76684685228223       5.173883325429883E-003
   1.46942640000000        2.76962568637401       5.208817117467491E-003
   1.48303220000000        2.77244936606386       5.245179396452446E-003
   1.49663800000000        2.77531933654778       5.283147013019226E-003
   1.51024380000000        2.77823723596291       5.322936373136770E-003
   1.52384960000000        2.78120493927695       5.364815075342378E-003
   1.53745540000000        2.78422461529696       5.409117773515483E-003
   1.55106120000000        2.78729880162879       5.456268115266226E-003
   1.56466700000000        2.79043050455974       5.506809569555077E-003
   1.57827280000000        2.79362333410502       5.561449512049087E-003
   1.59187860000000        2.79688168954988       5.621123507841354E-003
   1.60548440000000        2.80021101893119       5.687091099202795E-003
   1.61909020000000        2.80361818915389       5.761082053919576E-003
   1.63269600000000        2.80711202569081       5.845525880842245E-003
   1.64630180000000        2.81070411934322       5.943923482181952E-003
   1.65990760000000        2.81441006655472       6.061471035695608E-003
   1.67351340000000        2.81825143815466       6.206152041249851E-003
   1.68711920000000        2.82225902039463       6.390745255975699E-003
   1.70072500000000        2.82647837732398       6.636739769970097E-003
   1.71433080000000        2.83097985699078       6.982531160260060E-003
   1.72793660000000        2.83587753493173       7.502154105646129E-003
   1.74154240000000        2.84136681933968       8.353100743249858E-003
   1.75514820000000        2.84779966813974       9.916953173788079E-003
   1.76875400000000        2.85579714786710       1.329418997926580E-002
   1.78235980000000        2.86573704272950       2.238108862329635E-002
   1.79596560000000        2.86589617229087       4.816026591735562E-002
   1.80957140000000        2.83029648090484       4.709618980904824E-002
   1.82317720000000        2.83228673994258       2.595146320970348E-002
   1.83678300000000        2.83659112298777       1.979460919212887E-002
   1.85038880000000        2.84282703714311       1.270713514152121E-002
   1.86399460000000        2.85029977160727       9.728879383596546E-003
   1.87760040000000        2.85679710715368       8.463749394786321E-003
   1.89120620000000        2.86261847232277       7.825223762341021E-003
   1.90481200000000        2.86803944138426       7.467489352203949E-003
   1.91841780000000        2.87322121053427       7.255825038888820E-003
   1.93202360000000        2.87825944966229       7.128422909652593E-003
   1.94562940000000        2.88321395559631       7.053454123135293E-003
   1.95923520000000        2.88812403939830       7.013089114426452E-003
   1.97284100000000        2.89301672263329       6.996682080492196E-003
   1.98644680000000        2.89791132055942       6.997550475847863E-003
   2.00005260000000        2.90282212976552       7.011327649646730E-003
   2.01365840000000        2.90776007240695       7.035065204214330E-003
   2.02726420000000        2.91273373997934       7.066717949723611E-003
   2.04087000000000        2.91775007762496       7.104835377031093E-003
   2.05447580000000        2.92281484565656       7.148369966852748E-003
   2.06808160000000        2.92793293874402       7.196554293997153E-003
   2.08168740000000        2.93310861169094       7.248820060524234E-003
   2.09529320000000        2.93834564243906       7.304743464660763E-003
   2.10889900000000        2.94364745199241       7.364007556509787E-003
   2.12250480000000        2.94901719421735       7.426375812520286E-003
   2.13611060000000        2.95445782422414       7.491673278253285E-003
   2.14971640000000        2.95997215129402       7.559772915897277E-003
   2.16332220000000        2.96556288050886       7.630585594512727E-003
   2.17692800000000        2.97123264602885       7.704052671376639E-003
   2.19053380000000        2.97698403813751       7.780140444418739E-003
   2.20413960000000        2.98281962559906       7.858835975205440E-003
   2.21774540000000        2.98874197447221       7.940143929647739E-003
   2.23135120000000        2.99475366423642       8.024084184605332E-003
   2.24495700000000        3.00085730188182       8.110690018625692E-003
   2.25856280000000        3.00705553446276       8.200006754334637E-003
   2.27216860000000        3.01335106050612       8.292090755106542E-003
   2.28577440000000        3.01974664058304       8.387008703976203E-003
   2.29938020000000        3.02624510729345       8.484837111261951E-003
   2.31298600000000        3.03284937486686       8.585662011055793E-003
   2.32659180000000        3.03956244854999       8.689578816997660E-003
   2.34019760000000        3.04638743392663       8.796692315541688E-003
   2.35380340000000        3.05332754629731       8.907116780945948E-003
   2.36740920000000        3.06038612023301       9.020976200942853E-003
   2.38101500000000        3.06756661940856       9.138404605852237E-003
   2.39462080000000        3.07487264681618       9.259546497028160E-003
   2.40822660000000        3.08230795545643       9.384557373189243E-003
   2.42183240000000        3.08987645960402       9.513604355517020E-003
   2.43543820000000        3.09758224674807       9.646866914538303E-003
   2.44904400000000        3.10542959031014       9.784537703827208E-003
   2.46264980000000        3.11342296324952       9.926823507551840E-003
   2.47625560000000        3.12156705267344       1.007394631093210E-002
   2.48986140000000        3.12986677557951       1.022614450481034E-002
   2.50346720000000        3.13832729587057       1.038367423786831E-002
   2.51707300000000        3.14695404279631       1.054681093258514E-002
   2.53067880000000        3.15575273099368       1.071585098392233E-002
   2.54428460000000        3.16472938231835       1.089111366301551E-002
   2.55789040000000        3.17389034968393       1.107294325195143E-002
   2.57149620000000        3.18324234315270       1.126171144012146E-002
   2.58510200000000        3.19279245855557       1.145782001781450E-002
   2.59870780000000        3.20254820895611       1.166170390880890E-002
   2.61231360000000        3.21251755931919       1.187383459093712E-002
   2.62591940000000        3.22270896479679       1.209472396219973E-002
   2.63952520000000        3.23313141310600       1.232492872029160E-002
   2.65313100000000        3.24379447154712       1.256505533577013E-002
   2.66673680000000        3.25470833929581       1.281576571402993E-002
   2.68034260000000        3.26588390570689       1.307778365937869E-002
   2.69394840000000        3.27733281548917       1.335190227659432E-002
   2.70755420000000        3.28906754175750       1.363899247242886E-002
   2.72116000000000        3.30110146814447       1.394001275286195E-002
   2.73476580000000        3.31344898136688       1.425602055320552E-002
   2.74837160000000        3.32612557590008       1.458818538958011E-002
   2.76197740000000        3.33914797272791       1.493780418471823E-002
   2.77558320000000        3.35253425452148       1.530631920227303E-002
   2.78918900000000        3.36630402007557       1.569533912692726E-002
   2.80279480000000        3.38047856142041       1.610666395940838E-002
   2.81640060000000        3.39508106776272       1.654231456531500E-002
   2.83000640000000        3.41013686133479       1.700456793716234E-002
   2.84361220000000        3.42567367139973       1.749599951790846E-002
   2.85721800000000        3.44172195415658       1.801953431611589E-002
   2.87082380000000        3.45831526820964       1.857850905289509E-002
   2.88442960000000        3.47549071776349       1.917674826913862E-002
   2.89803540000000        3.49328947897739       1.981865826150748E-002
   2.91164120000000        3.51175742925193       2.050934401520488E-002
   2.92524700000000        3.53094590503414       2.125475612286520E-002
   2.93885280000000        3.55091262162121       2.206187726899803E-002
   2.95245860000000        3.57172279929915       2.293896160219187E-002
   2.96606440000000        3.59345055531244       2.389584582053042E-002
   2.97967020000000        3.61618064266611       2.494435904286427E-002
   2.99327600000000        3.64001064781870       2.609887115825195E-002
   3.00688180000000        3.66505380504564       2.737703910392432E-002
   3.02048760000000        3.69144265401622       2.880084224867343E-002
   3.03409340000000        3.71933387300467       3.039805044999971E-002
   3.04769920000000        3.74891478746638       3.220435760561209E-002
   3.06130500000000        3.78041232581955       3.426657094969278E-002
   3.07491080000000        3.81410565116857       3.664753510440962E-002
   3.08851660000000        3.85034449253944       3.943402350972058E-002
   3.10212240000000        3.88957663727358       4.274994620844431E-002
   3.11572820000000        3.93239076321827       4.677960889082904E-002
   3.12933400000000        3.97958616960519       5.181121495591528E-002
   3.14293980000000        4.03229215356064       5.832432216878395E-002
   3.15654560000000        4.09218410047977       6.718183162370889E-002
   3.17015140000000        4.16189711067551       8.010004338902264E-002
   3.18375720000000        4.24584281863618       0.100969638253119     
   3.19736300000000        4.35161071429476       0.140275460347602     
   3.21096880000000        4.48814087207244       0.233036076447252     
   3.22457460000000        4.58671121384419       0.499189289520567     
   3.23818040000000        4.22175983042400       0.668761363831159     
   3.25178620000000        4.20466652957816       0.363586006073673     
   3.26539200000000        4.41327052495048       0.293842615242567     
   3.27899780000000        4.59001668617352       0.402281571937917     
   3.29260360000000        4.54401085053016       0.460026291566300     
   3.30620940000000        4.71034366509898       0.341758390229203     
   3.31981520000000        5.00157103066773       0.353391899292233     
   3.33342100000000        5.36353219706474       0.455516369811238     
   3.34702680000000        5.85315437799259       0.681586736115963     
   3.36063260000000        6.57181439080497        1.19696924644500     
   3.37423840000000        7.58310471299247        2.61227315167964     
   3.38784420000000        7.06506307975364        6.70320855837665     
   3.40145000000000       0.519694627525818        6.58268035585174     
   3.41505580000000       0.116740256222758        2.56147323330071     
   3.42866160000000        1.12502659921457        1.18440440033758     
   3.44226740000000        1.83645497600451       0.676105556270173     
   3.45587320000000        2.32218844644530       0.446290404058462     
   3.46947900000000        2.67609767372353       0.327359629508824     
   3.48308480000000        2.95275082967927       0.260413460575884     
   3.49669060000000        3.18320128469663       0.221469932094819     
   3.51029640000000        3.38641181354987       0.199636458274735     
   3.52390220000000        3.57521485301388       0.189776980655947     
   3.53750800000000        3.75951932375926       0.189784662681002     
   3.55111380000000        3.94833777999534       0.199650032211296     
   3.56471960000000        4.15149479838573       0.221564121051438     
   3.57832540000000        4.38163033243649       0.261314364730650     
   3.59193120000000        4.65636654368626       0.332817360424519     
   3.60553700000000        4.99489556739232       0.466502662189390     
   3.61914280000000        5.42828983961541       0.689499629008530     
   3.63274860000000        6.10198433568969        1.18416470481657     
   3.64635440000000        6.95025461700013        2.65700394788949     
   3.65996020000000        5.33193721943172        6.17205412539348     
   3.67356600000000        1.04496797868704        4.14438636960045     
   3.68717180000000        1.55478122045788        1.76269313411436     
   3.70077760000000        2.46637570951320        1.07033934666578     
   3.71438340000000        3.18162414779744        1.07816589761832     
   3.72798920000000        3.20640419497324        1.59567130768809     
   3.74159500000000        2.89164487784909        1.09568626769247     
   3.75520080000000        3.39027086261336       0.775585081341082     
   3.76880660000000        3.96663823035501       0.900447872653733     
   3.78241240000000        4.31576287730930        1.60018308091399     
   3.79601820000000        3.66772397437775        1.86192453215553     
   3.80962400000000        4.13293952012624        1.68718216741379     
   3.82322980000000        4.47213550521143        3.15117959922157     
   3.83683560000000        1.66884269172580        3.73818794083165     
   3.85044140000000        1.23866403129447        1.58814764142309     
   3.86404720000000        1.88142083036984       0.780958572126351     
   3.87765300000000        2.38911928246249       0.497343094639165     
   3.89125880000000        2.77908537644467       0.384722531192993     
   3.90486460000000        3.11411299835614       0.356034282078267     
   3.91847040000000        3.42417096317576       0.412454410518797     
   3.93207620000000        3.65247264689321       0.567888298108130     
   3.94568200000000        3.80604937964142       0.638554986877213     
   3.95928780000000        4.20969641169276       0.825777059088190     
   3.97289360000000        4.50354136749525        1.71213294890668     
   3.98649940000000        3.11258793937344        2.45613360081345     
   4.00010520000000        2.50916559609814        1.42309800839500     
   4.01371100000000        2.74190238467328       0.781358720294441     
   4.02731680000000        3.12920083793230       0.505825187857222     
   4.04092260000000        3.50645855079860       0.456936272904655     
   4.05452840000000        3.86704962558838       0.553645899429038     
   4.06813420000000        4.21658057031848       0.952699324237531     
   4.08174000000000        3.75690407584873        1.76816523961764     
   4.09534580000000        3.00534508181921        1.09472903861552     
   4.10895160000000        3.31861632766055       0.577960954936705     
   4.12255740000000        3.70235787789857       0.455051875307921     
   4.13616320000000        4.05056327610660       0.549260950649600     
   4.14976900000000        4.14516259437140       0.812444337991261     
   4.16337480000000        4.18182955167683       0.838851185619890     
   4.17698060000000        4.21077303202679       0.990300241850061     
   4.19058640000000        4.22550863324863       0.809908798401819     
   4.20419220000000        4.60735338608265       0.891216612507062     
   4.21779800000000        4.77200051051316        1.22008787202000     
   4.23140380000000        4.66137986236344        1.71590134940013     
   4.24500960000000        4.41321564441509        1.61528766729194     
   4.25861540000000        4.50948825052663        1.78609457100386     
   4.27222120000000        3.93496682688455        2.07127861391718     
   4.28582700000000        3.83645377356670        1.52232895366146     
   4.29943280000000        3.90900897117717        1.21235108736785     
   4.31303860000000        4.44100537468891        1.03741411049258     
   4.32664440000000        4.87417038251028        1.51572264470062     
   4.34025020000000        4.52773275288118        1.88712943100059     
   4.35385600000000        4.28280587415911        1.93147150394240     
   4.36746180000000        4.20365750168863        1.48485773952275     
   4.38106760000000        4.64858474866499        1.34888795630095     
   4.39467340000000        4.98976376954644        1.77345000136536     
   4.40827920000000        4.76781055339049        1.98411598875881     
   4.42188500000000        4.87794720163217        1.86208607753721     
   4.43549080000000        5.09430736293243        2.10739622665698     
   4.44909660000000        4.94136295569681        2.25708330279283     
   4.46270240000000        5.09184739464303        2.19151511295202     
   4.47630820000000        5.64823408078723        2.22086006910437     
   4.48991400000000        6.26924691879227        3.25506890249419     
   4.50351980000000        5.64044541611255        4.31499778508506     
   4.51712560000000        4.94369673661121        5.05060656515438     
   4.53073140000000        3.74296710371067        5.65038414869136     
   4.54433720000000        1.50564268764374        4.43881445774594     
   4.55794300000000        2.21271179507046        2.69153673335650     
   4.57154880000000        2.87586374924343        2.62884475444975     
   4.58515460000000        3.00316371183172        2.66618844559119     
   4.59876040000000        2.79168643531120        2.34321520920256     
   4.61236620000000        3.24112107257605        1.87847727807770     
   4.62597200000000        3.74455187905317        1.88036375582001     
   4.63957780000000        4.08976642333992        2.08963412991629     
   4.65318360000000        4.14628339045869        2.31743933474650     
   4.66678940000000        4.43845637289158        2.26136593616781     
   4.68039520000000        4.67818285850372        2.40397096535000     
   4.69400100000000        5.27181428071831        3.02965210070089     
   4.70760680000000        4.39107894409439        3.32674107126385     
   4.72121260000000        5.23870100975763        2.65189424902883     
   4.73481840000000        6.77086679434307        3.74421342900651     
   4.74842420000000        6.77305157156625        6.41688070854419     
   4.76203000000000        4.93198293272153        9.29554121522134     
   4.77563580000000      -0.851503490415102        8.15380208453803     
   4.78924160000000      -0.664167746457879        4.14505468041382     
   4.80284740000000       0.750927526217322        2.88037343412991     
   4.81645320000000        2.10273630289755        3.06004282370204     
   4.83005900000000        1.69126056834797        4.01318225189106     
   4.84366480000000        1.03840261600587        3.25298324619140     
   4.85727060000000        1.34634578633061        2.69853317017977     
   4.87087640000000        1.47888778620653        2.11598697004727     
   4.88448220000000        2.34844432000336        1.74390474475857     
   4.89808800000000        2.94116600948259        1.99381341450407     
   4.91169380000000        3.58306976446345        2.04340563267509     
   4.92529960000000        4.62206199935497        2.88785764560505     
   4.93890540000000        4.38786272582457        4.80648548776200     
   4.95251120000000        2.71799103975538        6.10392089847219     
   4.96611700000000       0.754050408133834        4.46834900706760     
   4.97972280000000        1.56368101650373        3.29730278109777     
   4.99332860000000        2.31692146796929        3.69633271087277     
   5.00693440000000        2.26340228645416        4.34599940171389     
   5.02054020000000        1.19834179826380        5.09431148741560     
   5.03414600000000      -0.256449485457731        4.32767572120239     
   5.04775180000000      -4.747351733312244E-002   3.03466878826770     
   5.06135760000000       0.260808214388372        2.86771551579296     
   5.07496340000000      -6.947672385721670E-002   2.33086817727453     
   5.08856920000000       0.350309858238854        1.55594601851483     
   5.10217500000000        1.12487903344898        1.34063956885762     
   5.11578080000000        1.55199179012615        1.82335492271147     
   5.12938660000000        1.05989914833438        1.70877333790715     
   5.14299240000000        1.52310942626703        1.26533358412340     
   5.15659820000000        1.87989981170607        1.36266320342587     
   5.17020400000000        2.31744554013681        1.40635111505154     
   5.18380980000000        2.61953504973381        2.11478533111695     
   5.19741560000000        1.73126708371131        2.52330378412673     
   5.21102140000000        1.49256396915369        1.63850136922795     
   5.22462720000000        2.10552607876802        1.33403762471049     
   5.23823300000000        2.52851970105926        1.68737377308421     
   5.25183880000000        2.34304946433303        1.67777769722535     
   5.26544460000000        2.88689275522257        1.56191774649304     
   5.27905040000000        3.42645593274157        2.46053886760356     
   5.29265620000000        2.26928806504255        3.01327010044330     
   5.30626200000000        2.27695469841109        2.47957060237973     
   5.31986780000000        2.08072410146008        2.52359636439462     
   5.33347360000000        2.43271859313327        2.24865146596263     
   5.34707940000000        2.71131377385546        2.61030789498282     
   5.36068520000000        2.67309297341749        3.89106807923404     
   5.37429100000000       0.346200467922548        3.56882023168731     
   5.38789680000000       0.622802773425211        1.88356748420810     
   5.40150260000000        1.48505329390263        1.60742218535424     
   5.41510840000000        1.77556392309984        1.95671548892000     
   5.42871420000000        1.65764235238558        2.33509087835647     
   5.44232000000000       0.973122381978422        1.94689842987370     
   5.45592580000000        1.31865265531732        1.39886416100281     
   5.46953160000000        1.46817892921586        1.52595943967509     
   5.48313740000000        1.38311980608282        1.07452666634346     
   5.49674320000000        1.88733087266043       0.815313965036676     
   5.51034900000000        2.33303934746627        1.06746265847030     
   5.52395480000000        2.18144000759391        1.31163641776649     
   5.53756060000000        2.26435685075811        1.26591030303032     
   5.55116640000000        2.15822552778956        1.39857442264821     
   5.56477220000000        1.81770464945325        1.12001828114306     
   5.57837800000000        2.08475240086488       0.621405696740033     
   5.59198380000000        2.48761841566841       0.478226072362061     
   5.60558960000000        2.81941833147507       0.489824382893623     
   5.61919540000000        3.03944446876251       0.573393635484239     
   5.63280120000000        3.20804362783366       0.566146552413332     
   5.64640700000000        3.44918727838720       0.481903552566960     
   5.66001280000000        3.84103468534928       0.479963048059530     
   5.67361860000000        4.29170266761385       0.614002863405939     
   5.68722440000000        4.80746402034740       0.954192354031467     
   5.70083020000000        5.10180589371412        1.85012830486443     
   5.71443600000000        4.19416539107930        2.27682737684909     
   5.72804180000000        4.14724829852701        1.81559007862236     
   5.74164760000000        4.51223637066786        1.56763859756004     
   5.75525340000000        5.10853263416715        1.71367238898967     
   5.76885920000000        5.49312700778799        1.99506936413665     
   5.78246500000000        6.50103636235843        2.54649655706236     
   5.79607080000000        7.04101040483594        4.32856931032510     
   5.80967660000000        6.31938394741236        6.32063813981351     
   5.82328240000000        4.28028402982865        8.34643998935124     
   5.83688820000000      -1.059883408887741E-002   7.67924215203730     
   5.85049400000000      -0.723352887644320        4.17514898035422     
   5.86409980000000       0.167263579703242        2.61027610813238     
   5.87770560000000       0.952067100867670        1.95928190152411     
   5.89131140000000        1.57720603752486        1.58889150066166     
   5.90491720000000        2.07976467944499        1.32336021197652     
   5.91852300000000        2.58702869144517        1.12241287797277     
   5.93212880000000        3.12285911735461        1.00819446803433     
   5.94573460000000        3.70873364256514       0.942435507015231     
   5.95934040000000        4.44502452113120        1.02595001650396     
   5.97294620000000        5.31446882828355        1.50645978570546     
   5.98655200000000        5.75285130596322        2.88574535722506     
   6.00015780000000        4.29565139913594        3.23609728788242     
   6.01376360000000        4.88116575461644        2.48859006741100     
   6.02736940000000        5.17873007189415        3.48787633994718     
   6.04097520000000        4.30484191247164        3.17913711567362     
   6.05458100000000        4.77672326538333        2.20389552719111     
   6.06818680000000        6.12870361457824        2.14701867573598     
   6.08179260000000        7.04927114909885        3.25660354721722     
   6.09539840000000        6.64119538515628        3.48276048927004     
   6.10900420000000        8.04188468081313        2.99257758533254     
   6.12261000000000        10.5290595996210        4.00358291592136     
   6.13621580000000        13.1016871201040        7.74697310324106     
   6.14982160000000        11.1657326992257        14.3113043207557     
   6.16342740000000        6.29816863785727        14.4220856881598     
   6.17703320000000        3.09304593401898        17.8422461708360     
   6.19063900000000       -1.93681835376358        12.4551882628752     
   6.20424480000000       0.677027893936525        11.5106778742703     
   6.21785060000000       -1.83103896108959        13.2160986369836     
   6.23145640000000       -4.46575356148120        12.4545917322393     
   6.24506220000000       -7.23775977254799        8.44196466638310     
   6.25866800000000       -5.11447642056535        4.71853438718524     
   6.27227380000000       -2.62752637733143        4.24165963238236     
   6.28587960000000       -1.24301706158319        4.72784723591691     
   6.29948540000000      -0.140107324570972        6.99129413036441     
   6.31309120000000       -4.25221823424193        8.18735043477484     
   6.32669700000000       -5.28514407227773        4.59679881555930     
   6.34030280000000       -3.74584530404955        2.92649818892524     
   6.35390860000000       -2.45371368561996        2.72996047973287     
   6.36751440000000       -2.30659419244686        2.89891865095395     
   6.38112020000000       -1.67064311229061        2.07558125640790     
   6.39472600000000      -0.312543002796995        2.01306874807922     
   6.40833180000000        1.06329802986449        3.20570305967917     
   6.42193760000000      -0.146719368246506        5.52976269765133     
   6.43554340000000       -1.22464026909516        3.92939306412629     
   6.44914920000000       0.292675213429968        4.37887896409238     
   6.46275500000000       -1.44218669228883        6.97417240512141     
   6.47636080000000       -3.86187770424571        4.79013453843287     
   6.48996660000000       -3.05037280616576        3.21057815362063     
   6.50357240000000       -3.01428612922543        3.44812796609650     
   6.51717820000000       -3.32380849772910        2.14587377402643     
   6.53078400000000       -2.43707037980927        1.37763834051132     
   6.54438980000000       -1.58843807902305        1.30265024007995     
   6.55799560000000       -1.14606669132846        1.39971631230770     
   6.57160140000000      -0.450082020599089        1.67650621423821     
   6.58520720000000      -0.489099922230889        2.64615463190412     
   6.59881300000000       -1.72817265513695        2.79678578773040     
   6.61241880000000       -1.80703240175031        1.47957013931506     
   6.62602460000000       -1.05609561453449       0.988292539557102     
   6.63963040000000      -0.343225186386391        1.01043739263050     
   6.65323620000000       0.131302219295325        1.31620123777297     
   6.66684200000000       0.682322507945799        1.65848714238605     
   6.68044780000000       0.863575324780412        3.16555831999542     
   6.69405360000000       -1.20179897322763        3.18835177444932     
   6.70765940000000       -1.16540602744280        2.05522088936879     
   6.72126520000000      -0.738903596616514        1.62085353086851     
   6.73487100000000      -0.318690863165144        1.70915328376066     
   6.74847680000000      -0.224527887783570        1.91739067771325     
   6.76208260000000      -0.356215931076704        1.76224107705094     
   6.77568840000000      -1.296388034707396E-002   1.89172867559542     
   6.78929420000000      -0.110489102882035        2.03319586195833     
   6.80290000000000      -0.426418552230518        2.37445465203405     
   6.81650580000000      -0.759731465747352        1.56666146813692     
   6.83011160000000      -0.154706257494615        1.24980084045714     
   6.84371740000000       0.323486447843838        1.50482558943891     
   6.85732320000000       0.297356219884164        1.92217964030373     
   6.87092900000000       0.193277023030421        1.77064094656431     
   6.88453480000000       0.533788377595795        1.92085795719833     
   6.89814060000000       0.559007639259565        2.55459060892704     
   6.91174640000000      -0.463810850750991        2.95706957898293     
   6.92535220000000      -0.929705737442317        1.89373205244396     
   6.93895800000000      -0.442000341754900        1.26818706290529     
   6.95256380000000       0.181952104188404        1.17769083047041     
   6.96616960000000       0.745137225593474        1.33446218969948     
   6.97977540000000        1.42059281069330        2.14996420227428     
   6.99338120000000       0.386524439725361        3.64027535524539     
   7.00698700000000      -0.790311423845082        2.67270689295981     
   7.02059280000000      -0.643150620888422        2.05161439136993     
   7.03419860000000      -0.485976959839441        1.81760270582876     
   7.04780440000000      -6.797234174427835E-002   1.78404242095951     
   7.06141020000000      -0.213308783242431        2.27746442923564     
   7.07501600000000      -0.651470457580710        1.84634038104831     
   7.08862180000000      -0.501699847519869        1.70366391036554     
   7.10222760000000      -0.538831613049629        1.29386099037330     
   7.11583340000000      -1.804420400905626E-002   1.19514231988404     
   7.12943920000000       7.013637044351406E-002   1.47295882711969     
   7.14304500000000       7.991967433525515E-002   1.51398921737233     
   7.15665080000000       9.018133484760060E-002   1.70748510082071     
   7.17025660000000      -0.456245739163484        1.57355584093872     
   7.18386240000000      -0.237520867404635       0.984195578210373     
   7.19746820000000       0.137965117161710       0.873519513540729     
   7.21107400000000       0.484976746627455       0.830819888486305     
   7.22467980000000       0.878783829618183        1.01662259886172     
   7.23828560000000       0.939019582678948        1.36698684728646     
   7.25189140000000        1.00464346873748        1.44945561952661     
   7.26549720000000        1.17880567155342        1.71817966284635     
   7.27910300000000        1.03649715959319        2.05046514374831     
   7.29270880000000        1.00903143482326        2.23748694912561     
   7.30631460000000       0.727425820113386        2.50857166986113     
   7.31992040000000       0.326783802830186        2.39587494614710     
   7.33352620000000       0.493785345227144        2.12000056280169     
   7.34713200000000       0.690748051577649        2.75264932639277     
   7.36073780000000      -0.174852657538866        3.09155735425474     
   7.37434360000000       -1.19934947626377        2.45492411996441     
   7.38794940000000      -0.941964593099932        1.31597626284267     
   7.40155520000000      -0.283047683738756       0.895952940202104     
   7.41516100000000       0.385147761499670       0.873522627266274     
   7.42876680000000        1.03229680145673        1.29255810307459     
   7.44237260000000        1.02095489129305        2.48297906984478     
   7.45597840000000      -0.387330797543777        2.33053358966639     
   7.46958420000000      -0.264794483296765        1.50424603039283     
   7.48319000000000       8.261457170027908E-002   1.21217325867886     
   7.49679580000000       0.503540818760510        1.15300755027340     
   7.51040160000000        1.04178392095824        1.36674948216012     
   7.52400740000000        1.23497256382666        2.22766763946662     
   7.53761320000000       0.319236955368035        2.69429151783705     
   7.55121900000000      -5.257358744364371E-002   2.04862274473717     
   7.56482480000000       0.263760626422973        1.87061644787748     
   7.57843060000000       0.315245302005086        1.91359751138553     
   7.59203640000000       0.355181788202639        2.39783571528648     
   7.60564220000000      -0.387324822675813        1.99969465955725     
   7.61924800000000      -0.126119874416182        1.53286365199678     
   7.63285380000000       0.273121066530025        1.38984193014332     
   7.64645960000000       0.658962312516289        1.66564007705449     
   7.66006540000000       0.667815065334528        1.90320868942015     
   7.67367120000000       0.734074382137527        2.40957739060468     
   7.68727700000000       0.158327993991589        2.73167605760798     
   7.70088280000000      -0.493426303144613        2.48664393248550     
   7.71448860000000      -0.533959326484182        1.85132261374353     
   7.72809440000000      -0.333458233029494        1.45888403547081     
   7.74170020000000       0.238876017984814        1.26378828955694     
   7.75530600000000       0.974025997640293        1.69973174931986     
   7.76891180000000       0.770201137394722        3.25819752883141     
   7.78251760000000       -1.02460262952699        2.70956441575828     
   7.79612340000000      -0.644018284854352        1.78817292954312     
   7.80972920000000      -0.235633039274689        2.09051331316201     
   7.82333500000000      -0.788116656737537        2.13160540070146     
   7.83694080000000      -0.912581337687961        1.80487205344050     
   7.85054660000000      -0.913064088657355        1.35804853404327     
   7.86415240000000      -0.645927638275921        1.24169144207306     
   7.87775820000000      -0.663702002548068        1.14963553461501     
   7.89136400000000      -0.553587145671419       0.868881804703543     
   7.90496980000000      -0.210273466817673       0.650956311840148     
   7.91857560000000       0.192683204617381       0.686668537560571     
   7.93218140000000       0.567594740032467       0.955034336102038     
   7.94578720000000       0.581770910379930        1.44917249850398     
   7.95939300000000       0.135224997212676        1.64788936832858     
   7.97299880000000       0.131435076215203        1.21996443498276     
   7.98660460000000       0.469199523506152        1.41518569934667     
   8.00021040000000       0.384189107528833        1.50378303483779     
   8.01381620000000       0.494930998366820        1.78503741654426     
   8.02742200000000       0.285195020020047        1.93339955347877     
   8.04102780000000       0.172261330682970        2.10020340198594     
   8.05463360000000      -0.344027125519852        2.54512516383069     
   8.06823940000000       -1.12256805898919        1.74435943827678     
   8.08184520000000      -0.825846072330278        1.12222626986613     
   8.09545100000000      -0.532498968363029       0.936127073516685     
   8.10905680000000      -0.328935761749938       0.827706344168316     
   8.12266260000000      -3.084597796892519E-002  0.717304394789587     
   8.13626840000000       0.277204162247571       0.911016066329721     
   8.14987420000000       0.158344424017226        1.12890022060038     
   8.16348000000000       0.226889769268650       0.884874434463610     
   8.17708580000000       0.591886248074995       0.995095880797707     
   8.19069160000000       0.720702425517566        1.28521185818486     
   8.20429740000000       0.767958092622173        1.56611680325166     
   8.21790320000000       0.870923483280459        2.09601156319830     
   8.23150900000000      -0.196950959735961        2.76497844238083     
   8.24511480000000      -0.911169858340815        1.78230666341805     
   8.25872060000000      -0.675626074354048        1.27539985617414     
   8.27232640000000      -0.473223282551488       0.963639333439440     
   8.28593220000000      -6.565955985009309E-002  0.759693668420878     
   8.29953800000000       0.353570413615390       0.980864840296160     
   8.31314380000000       0.361546781920129        1.26254527443556     
   8.32674960000000       0.405188711779312        1.59391501217547     
   8.34035540000000      -0.128495250870021        1.65985270529169     
   8.35396120000000      -0.135524038305530        1.41687880347239     
   8.36756700000000      -0.181692789425639        1.30390980316975     
   8.38117280000000      -8.414943006477804E-002   1.19526636406247     
   8.39477860000000      -3.660910759825065E-002   1.05541943289317     
   8.40838440000000       0.285971313456245        1.08296572812159     
   8.42199020000000       0.317158600963141        1.21077922573177     
   8.43559600000000       0.670472943684354        1.49266231350844     
   8.44920180000000       1.930388739515632E-002   2.17421238977094     
   8.46280760000000      -0.335877739460265        1.54234986633604     
   8.47641340000000      -0.191669569804352        1.46189883800533     
   8.49001920000000      -0.186392613531280        1.21983328865338     
   8.50362500000000       0.244523686458879        1.24210008435783     
   8.51723080000000       0.329042545895917        1.72691380209364     
   8.53083660000000       4.624827518049079E-002   2.14702335661550     
   8.54444240000000      -0.544832143112804        2.26829556567509     
   8.55804820000000       -1.30358930187642        1.80863292866633     
   8.57165400000000       -1.10166962271423        1.03280945562033     
   8.58525980000000      -0.817037829332638       0.915277222845268     
   8.59886560000000      -0.641458314253998       0.713043877910922     
   8.61247140000000      -0.314030877488781       0.812699531520689     
   8.62607720000000      -0.501454348093946        1.01668129259600     
   8.63968300000000      -0.525929300164385       0.785299063780641     
   8.65328880000000      -0.485630745841625       0.745574638984889     
   8.66689460000000      -0.457914296135951       0.629448727193427     
   8.68050040000000      -0.350065472636296       0.447563122849190     
   8.69410620000000      -0.102856703404914       0.405063813811790     
   8.70771200000000       4.733245172502787E-002  0.533716064814862     
   8.72131780000000       4.389380950196131E-002  0.586246780325167     
   8.73492360000000       0.150460204072474       0.491214353652283     
   8.74852940000000       0.395399944599589       0.588912074178627     
   8.76213520000000       0.487650552873852       0.828552907288049     
   8.77574100000000       0.515464725811399        1.02665215127169     
   8.78934680000000       0.531241673619917        1.34257269573989     
   8.80295260000000       2.103211495379631E-002   1.87226755977768     
   8.81655840000000      -0.669323910665079        1.45832957589925     
   8.83016420000000      -0.800424135105874       0.884862126286080     
   8.84377000000000      -0.520075303042003       0.488047547293731     
   8.85737580000000      -0.213296592135037       0.387685755654910     
   8.87098160000000       1.026797587114747E-002  0.418715052795626     
   8.88458740000000       0.167119021275302       0.509555570197406     
   8.89819320000000       0.271932720048495       0.624767434610078     
   8.91179900000000       0.191924922898777       0.769631413645700     
   8.92540480000000       0.280574387369659       0.703736894986817     
   8.93901060000000       0.310912339149658       0.910407462826741     
   8.95261640000000       0.253628209227594       0.840667495452260     
   8.96622220000000       0.474540773884086        1.07586393106520     
   8.97982800000000       8.239357595555941E-002   1.56980511198821     
   8.99343380000000      -0.439402288763341        1.18951691250687     
   9.00703960000000      -0.336280108275783       0.786169536843358     
   9.02064540000000      -0.100611859042518       0.835067480212742     
   9.03425120000000      -0.252512761844228        1.04751971021869     
   9.04785700000000      -0.552119709051959       0.743301300243064     
   9.06146280000000      -0.411030072095053       0.508783619310577     
   9.07506860000000      -0.318443623507475       0.375154947622556     
   9.08867440000000      -0.167121776210887       0.287731797341409     
   9.10228020000000      -3.145577894950358E-002  0.316249119891892     
   9.11588600000000      -2.582753245719638E-002  0.304526018828005     
   9.12949180000000       6.642807791814842E-002  0.248048074567999     
   9.14309760000000       0.158595123031019       0.229590519275957     
   9.15670340000000       0.276576380635076       0.213770436027242     
   9.17030920000000       0.422774247668344       0.270181370776964     
   9.18391500000000       0.514649273383755       0.378032848189422     
   9.19752080000000       0.554922253101021       0.592574828626508     
   9.21112660000000       0.368518767905619       0.657226786285858     
   9.22473240000000       0.294723584257273       0.553505007290382     
   9.23833820000000       0.389661839953441       0.565717150839373     
   9.25194400000000       0.304111476720222       0.551161457526822     
   9.26554980000000       0.326357778354092       0.519987893012284     
   9.27915560000000       0.309005951040003       0.399325638415771     
   9.29276140000000       0.484883015954294       0.286726760374293     
   9.30636720000000       0.698598883091411       0.312284548088101     
   9.31997300000000       0.894034391075745       0.398040278449214     
   9.33357880000000        1.16822037654494       0.622076543940124     
   9.34718460000000        1.23211743217800        1.08540490216186     
   9.36079040000000        1.25492464931682        1.63044036071261     
   9.37439620000000       9.255270442654362E-002   2.46218715780880     
   9.38800200000000      -0.703243424881211        1.31508675797259     
   9.40160780000000      -0.434899903904211       0.820610249987449     
   9.41521360000000      -0.321816006072615       0.616461611617763     
   9.42881940000000      -0.140450715770424       0.400758313798152     
   9.44242520000000       5.295931189475578E-002  0.325933267622503     
   9.45603100000000       0.256132616373588       0.283822779143161     
   9.46963680000000       0.498760390200180       0.348408022707802     
   9.48324260000000       0.725377890542308       0.643818980740895     
   9.49684840000000       0.352855730901134        1.17025844456658     
   9.51045420000000      -8.636611581514742E-002  0.689157475796888     
   9.52406000000000       0.148909860723796       0.405725005957599     
   9.53766580000000       0.380470156208954       0.418424953584335     
   9.55127160000000       0.481676756551750       0.501649148642397     
   9.56487740000000       0.666321015077409       0.624319853537165     
   9.57848320000000       0.539576966927854        1.13517113613077     
   9.59208900000000      -2.600720493636777E-002  0.913110482055242     
   9.60569480000000       2.585404224107513E-002  0.566668257744156     
   9.61930060000000       0.241864452509950       0.497380507080441     
   9.63290640000000       0.230103972770777       0.578740602289872     
   9.64651220000000       0.227627683835050       0.517920711851205     
   9.66011800000000       0.282748967882334       0.435351606575257     
   9.67372380000000       0.390750269439935       0.413079075869659     
   9.68732960000000       0.487589609575689       0.558041403547097     
   9.70093540000000       0.328196567930093       0.527071313055304     
   9.71454120000000       0.476588305327840       0.469919857720041     
   9.72814700000000       0.434191570904995       0.591257385405829     
   9.74175280000000       0.475142699750190       0.509187926669948     
   9.75535860000000       0.492008782278153       0.601456430130609     
   9.76896440000000       0.446927244436086       0.608876727283855     
   9.78257020000000       0.482418851262230       0.622250160349393     
   9.79617600000000       0.399707037270948       0.645249004700950     
   9.80978180000000       0.320023070631129       0.585846457302248     
   9.82338760000000       0.355534950751890       0.469794897520384     
   9.83699340000000       0.440645013083819       0.385931452584512     
   9.85059920000000       0.599429209105337       0.427579955638502     
   9.86420500000000       0.523026709452667       0.570202554471548     
   9.87781080000000       0.464366403230214       0.389732817716184     
   9.89141660000000       0.652044861560336       0.282432521976127     
   9.90502240000000       0.885452630583194       0.320711614563560     
   9.91862820000000        1.12236309655731       0.548277393770301     
   9.93223400000000       0.971711297006703        1.02305521529167     
   9.94583980000000       0.629361856451190       0.757238562825465     
   9.95944560000000       0.953544397207809       0.615949020396167     
   9.97305140000000        1.37735264053051       0.973422046883193     
   9.98665720000000        1.18044952020166        2.10335479633280     
   10.0002630000000      -0.426146985596658        1.97704671886958     
   10.0138688000000      -0.582213486840423       0.904180035515742     
   10.0274746000000      -0.244045320534916       0.450415407975319     
   10.0410804000000       4.574742643743823E-002  0.287864260747127     
   10.0546862000000       0.273198845509170       0.223981076441869     
   10.0682920000000       0.471762652486712       0.203559807344633     
   10.0818978000000       0.664518431849837       0.212726753883806     
   10.0955036000000       0.873903015882588       0.252490703134208     
   10.1091094000000        1.12659778599502       0.357812082972221     
   10.1227152000000        1.39425944011478       0.636156367431803     
   10.1363210000000        1.40843506520536        1.04232190321562     
   10.1499268000000        1.48299663821974        1.19034103709880     
   10.1635326000000        1.93127321213157        1.98070657488631     
   10.1771384000000       0.589363140121418        3.64583427417571     
   10.1907442000000       -1.23186112041835        2.38860143204392     
   10.2043500000000       -1.01749860754753        1.43610520548731     
   10.2179558000000       -1.05948208055260       0.974069007062383     
   10.2315616000000      -0.788700544724320       0.546153324881294     
   10.2451674000000      -0.538602376800755       0.343188564516198     
   10.2587732000000      -0.304861841503035       0.242078110890371     
   10.2723790000000      -0.104727871731924       0.205831488567216     
   10.2859848000000       8.217971663418266E-002  0.215041119727105     
   10.2995906000000       0.275017548996183       0.294672610716216     
   10.3131964000000       0.448212132748582       0.550008313233315     
   10.3268022000000       0.120628803237075       0.995942454581450     
   10.3404080000000      -0.310946665390065       0.666388478159440     
   10.3540138000000      -0.274656501280593       0.334997673700499     
   10.3676196000000      -0.122549383679462       0.182795036154124     
   10.3812254000000       1.455443357251451E-003  0.123245574145444     
   10.3948312000000       0.100166292918334       9.459672242266867E-002
   10.4084370000000       0.182748419443460       7.966395681185434E-002
   10.4220428000000       0.255629608083708       7.155765217429830E-002
   10.4356486000000       0.323052276902243       6.775070286789169E-002
   10.4492544000000       0.387288151613052       6.749570068731568E-002
   10.4628602000000       0.450670607131425       6.834666679231594E-002
   10.4764660000000       0.518008214198144       7.215681528938343E-002
   10.4900718000000       0.590747172980736       8.086082806236607E-002
   10.5036776000000       0.673390036471583       9.669069743807016E-002
   10.5172834000000       0.770660520034903       0.128625848596811     
   10.5308892000000       0.887395527001840       0.186934720682751     
   10.5444950000000        1.02345986518758       0.330947389661344     
   10.5581008000000        1.04344364148895       0.546722391725519     
   10.5717066000000       0.983255258491652       0.819910434829784     
   10.5853124000000       0.763120257986425       0.831469344182001     
   10.5989182000000       0.649637473010272        1.00033926589544     
   10.6125240000000       0.404678033510190       0.766054708697646     
   10.6261298000000       0.636346767688448       0.707837481072307     
   10.6397356000000       0.635385841868987        1.20584809733118     
   10.6533414000000      -0.164590147044387        1.04066207993259     
   10.6669472000000      -8.497222437674190E-002  0.530032910932589     
   10.6805530000000       0.111544935391824       0.400277866589513     
   10.6941588000000       0.152364028550836       0.419615853085717     
   10.7077646000000       0.184121723289656       0.299637204649241     
   10.7213704000000       0.280287451544254       0.275586791513164     
   10.7349762000000       0.313555503998567       0.235584828208333     
   10.7485820000000       0.393583767558803       0.208798587952690     
   10.7621878000000       0.484745209788693       0.185506015991193     
   10.7757936000000       0.616168605264308       0.214327086109859     
   10.7893994000000       0.769493151995198       0.353873941458227     
   10.8030052000000       0.735000627621151       0.771629125147004     
   10.8166110000000       0.140567707543558       0.710626035354129     
   10.8302168000000       0.150201121657735       0.334673385315154     
   10.8438226000000       0.287148922275440       0.230768006949491     
   10.8574284000000       0.333275515262177       0.189812134966074     
   10.8710342000000       0.408260757337905       0.127095269988502     
   10.8846400000000       0.495674395131829       0.100638168589763     
   10.8982458000000       0.582033846426938       9.919942792913744E-002
   10.9118516000000       0.662714838872106       0.116187256299246     
   10.9254574000000       0.759195423103565       0.149483533453843     
   10.9390632000000       0.873405210468852       0.266910660962342     
   10.9526690000000       0.802020467592219       0.530773845495664     
   10.9662748000000       0.570115488344358       0.480437558063378     
   10.9798806000000       0.535354981942033       0.384960663914469     
   10.9934864000000       0.495414884553993       0.298685640717591     
   11.0070922000000       0.570456394149368       0.184208342813961     
   11.0206980000000       0.687371096977619       0.163990425924772     
   11.0343038000000       0.799508033725665       0.229404308499275     
   11.0479096000000       0.749676448029001       0.404550888996633     
   11.0615154000000       0.614025322545241       0.274756677082322     
   11.0751212000000       0.722000073842573       0.186310856655545     
   11.0887270000000       0.843063688389566       0.235967090965806     
   11.1023328000000       0.801376284747374       0.401513092787591     
   11.1159386000000       0.652924592324091       0.284034258716218     
   11.1295444000000       0.735711368387580       0.180441032227982     
   11.1431502000000       0.819234185056844       0.167816469668743     
   11.1567560000000       0.858290330930617       0.160508730776161     
   11.1703618000000       0.937045335293183       0.143341165329332     
   11.1839676000000        1.01326056054403       0.153887412441279     
   11.1975734000000        1.10463996463477       0.174870065572882     
   11.2111792000000        1.22422273437287       0.237963283067626     
   11.2247850000000        1.28168574183617       0.443117219518943     
   11.2383908000000        1.09784817305840       0.470886463569695     
   11.2519966000000        1.15015416905922       0.416633124566172     
   11.2656024000000        1.17270599186954       0.379281337478181     
   11.2792082000000        1.31913009547977       0.349086920272863     
   11.2928140000000        1.56374438050020       0.444277504978508     
   11.3064198000000        1.76448222059207       0.881327266117876     
   11.3200256000000        1.17996790186865        1.34391118251749     
   11.3336314000000       0.868855604794071       0.868727957707342     
   11.3472372000000        1.09142658308988       0.738395990958684     
   11.3608430000000        1.02424374228190       0.711078542930595     
   11.3744488000000        1.23040796455678       0.524814045567585     
   11.3880546000000        1.52906000201243       0.586496338467725     
   11.4016604000000        1.78199564381618       0.695470823576986     
   11.4152662000000        2.23377411931602        1.03807887001141     
   11.4288720000000        2.40917142186052        2.02101218228664     
   11.4424778000000        1.15681922047482        2.47034738974612     
   11.4560836000000        1.40679930960988        1.76249649333790     
   11.4696894000000        2.32989246817496        2.66271049944958     
   11.4832952000000       0.777503076463503        5.44148788689676     
   11.4969010000000       -2.51025511911760        3.33718259284718     
   11.5105068000000       -2.02924349613254        1.41289513002190     
   11.5241126000000       -1.35209437581596       0.759819515611667     
   11.5377184000000      -0.862861711530442       0.555176159952821     
   11.5513242000000      -0.602181845422445       0.574524230608740     
   11.5649300000000      -0.533920183267719       0.474269412935181     
   11.5785358000000      -0.389292746297563       0.380556546853125     
   11.5921416000000      -0.263669840093551       0.349028402272815     
   11.6057474000000      -0.154189258943471       0.282947782757805     
   11.6193532000000      -2.339587076112548E-002  0.324716134476350     
   11.6329590000000      -4.196530653560804E-002  0.324666810884270     
   11.6465648000000       3.728194712659083E-002  0.267201921273106     
   11.6601706000000       0.118495769776402       0.250437016528379     
   11.6737764000000       0.215684943752959       0.296207724244456     
   11.6873822000000       0.232868138398731       0.364056581823696     
   11.7009880000000       0.136963585525348       0.428846711080576     
   11.7145938000000       0.114025702437011       0.275880858986287     
   11.7281996000000       0.207584195865815       0.232960963215122     
   11.7418054000000       0.263071807816776       0.234930633773730     
   11.7554112000000       0.317669987268078       0.217070804697787     
   11.7690170000000       0.409751208477049       0.289481664627849     
   11.7826228000000       0.294031266200513       0.368963541996042     
   11.7962286000000       0.282428600228481       0.236910532386668     
   11.8098344000000       0.392678009202150       0.196447341368245     
   11.8234402000000       0.473680839057240       0.273091149467054     
   11.8370460000000       0.452190200316551       0.309672798094835     
   11.8506518000000       0.436308427146293       0.357820548240395     
   11.8642576000000       0.429846640901774       0.311138765525231     
   11.8778634000000       0.482371763096177       0.366726294431519     
   11.8914692000000       0.444328206795287       0.418830829722551     
   11.9050750000000       0.287176354715668       0.469654641381332     
   11.9186808000000       0.243395511790923       0.261691146115240     
   11.9322866000000       0.354090129039663       0.184742439359711     
   11.9458924000000       0.458335726332279       0.210500830208951     
   11.9594982000000       0.434955859323538       0.341343577336163     
   11.9731040000000       0.315469430607955       0.250442184763541     
   11.9867098000000       0.343611073059232       0.158155622167123     
   12.0003156000000       0.410904518002868       9.909737586455315E-002
   12.0139214000000       0.484546757332216       8.474376729937531E-002
   12.0275272000000       0.549654039804633       0.104442048634561     
   12.0411330000000       0.566686922824646       0.160761966637094     
   12.0547388000000       0.523532980833058       0.147580219846973     
   12.0683446000000       0.547453435699818       8.913294802636998E-002
   12.0819504000000       0.603472708818066       6.427578685252977E-002
   12.0955562000000       0.658214662410220       5.922153708421550E-002
   12.1091620000000       0.709869474960846       6.390961334681977E-002
   12.1227678000000       0.764884647073608       7.492846811518626E-002
   12.1363736000000       0.816421467139251       0.112160824433037     
   12.1499794000000       0.818206843066114       0.139403848418569     
   12.1635852000000       0.858072018890237       0.111386592667793     
   12.1771910000000       0.943504112671323       0.115768953640765     
   12.1907968000000        1.04261166196274       0.151307268275528     
   12.2044026000000        1.14712043686007       0.230940705537462     
   12.2180084000000        1.25568460674786       0.326535676457110     
   12.2316142000000        1.47500509260787       0.538203159172130     
   12.2452200000000        1.55264402817441        1.25772380197690     
   12.2588258000000       0.331191539314214        1.65777282030492     
   12.2724316000000       2.752424140786358E-002  0.757353219322405     
   12.2860374000000       0.276634269562930       0.446649421176719     
   12.2996432000000       0.432551614415875       0.356938324015695     
   12.3132490000000       0.606717407522255       0.352384215614552     
   12.3268548000000       0.680443645659537       0.498830294673785     
   12.3404606000000       0.579977948775722       0.645503698598836     
   12.3540664000000       0.357816005992046       0.568305899332196     
   12.3676722000000       0.327397932494355       0.341080495687106     
   12.3812780000000       0.458715416073700       0.214904895611238     
   12.3948838000000       0.592368828048106       0.201032615644729     
   12.4084896000000       0.702920164377608       0.232671831163206     
   12.4220954000000       0.814885902828229       0.340157102202165     
   12.4357012000000       0.783767552348698       0.564209255586177     
   12.4493070000000       0.556420209604154       0.699292807065523     
   12.4629128000000       0.275370246329621       0.449504475481205     
   12.4765186000000       0.387388303865785       0.232484927548546     
   12.4901244000000       0.495693503790840       0.198781284004412     
   12.5037302000000       0.532052982100058       0.157799033881919     
   12.5173360000000       0.618214053045568       0.121694789612600     
   12.5309418000000       0.699644922491502       0.122898540641043     
   12.5445476000000       0.787332292696189       0.148567975281499     
   12.5581534000000       0.870848625885324       0.220859174786751     
   12.5717592000000       0.868039339428679       0.383439171837875     
   12.5853650000000       0.709517148553063       0.390462087052231     
   12.5989708000000       0.751406628123805       0.335071215654392     
   12.6125766000000       0.654720767858733       0.383428486391660     
   12.6261824000000       0.651841876316466       0.215602623844628     
   12.6397882000000       0.773498925079168       0.156337073132381     
   12.6533940000000       0.899116276649638       0.171594217362373     
   12.6669998000000        1.00918932116784       0.237232139290465     
   12.6806056000000        1.15531352392345       0.375113300204667     
   12.6942114000000        1.14578513281186       0.726692931421496     
   12.7078172000000       0.836463781078425       0.896787452415206     
   12.7214230000000       0.493225586282160       0.921309185952416     
   12.7350288000000       0.213231116574235       0.583665778920008     
   12.7486346000000       0.318742502628937       0.278143565680092     
   12.7622404000000       0.469483470360147       0.167319334574833     
   12.7758462000000       0.592220208612256       0.135496788272381     
   12.7894520000000       0.689339144342612       0.152609025587438     
   12.8030578000000       0.709436590086657       0.213958935090954     
   12.8166636000000       0.688187160889478       0.168824367212848     
   12.8302694000000       0.749690775456107       0.121668278852068     
   12.8438752000000       0.816997487311607       0.112375912247510     
   12.8574810000000       0.887613458175387       0.111230997114233     
   12.8710868000000       0.971201254087333       0.145683577029112     
   12.8846926000000       0.996828322587232       0.213321770077977     
   12.8982984000000        1.02742008168955       0.209072615977266     
   12.9119042000000        1.13506422983620       0.250171141299257     
   12.9255100000000        1.24435111672631       0.436194813397945     
   12.9391158000000        1.03552119005891       0.768149176073388     
   12.9527216000000       0.644926004545052       0.535508512798661     
   12.9663274000000       0.738305440217530       0.265573000535764     
   12.9799332000000       0.892800892150360       0.185741693179086     
   12.9935390000000        1.02859369852342       0.197466992891574     
   13.0071448000000        1.08910436376526       0.238118576035123     
   13.0207506000000        1.19166448941601       0.228589127963006     
   13.0343564000000        1.34514307758755       0.300873147314811     
   13.0479622000000        1.41231507538429       0.515972150100470     
   13.0615680000000        1.31513472043808       0.496330495059268     
   13.0751738000000        1.56140192737563       0.487593185075579     
   13.0887796000000        1.84315676122636       0.808749883968541     
   13.1023854000000        1.93439407962919        1.27359478568790     
   13.1159912000000        1.77844313824439        2.45528195331849     
   13.1295970000000      -0.242383097885794        2.35511869036001     
   13.1432028000000      -0.329958192894956        1.15113188890174     
   13.1568086000000      -5.209487855518646E-002  0.772986675489076     
   13.1704144000000       0.139161225355232       0.555353679662095     
   13.1840202000000       0.310547532331108       0.557477882922102     
   13.1976260000000       0.304836467949690       0.489095813456785     
   13.2112318000000       0.399388529241194       0.425673890741028     
   13.2248376000000       0.430941340951851       0.371665617115879     
   13.2384434000000       0.524388863091076       0.283493132676214     
   13.2520492000000       0.673976399192411       0.239141525499468     
   13.2656550000000       0.870357950900781       0.275210952137665     
   13.2792608000000        1.08928865844092       0.473059563623537     
   13.2928666000000        1.02526263524308        1.00089717054247     
   13.3064724000000       0.411487425866416       0.896361907878382     
   13.3200782000000       0.497358401211906       0.661999268788436     
   13.3336840000000       0.393300117628999       0.731603838056844     
   13.3472898000000       0.263237259932522       0.458376908159444     
   13.3608956000000       0.414182381758377       0.278179448254546     
   13.3745014000000       0.573891944941117       0.242287028526158     
   13.3881072000000       0.691129635596025       0.298954052289278     
   13.4017130000000       0.651079894944024       0.356472789035749     
   13.4153188000000       0.681275174982568       0.283026497771002     
   13.4289246000000       0.773791725457771       0.253523035191598     
   13.4425304000000       0.894342693493109       0.253335586287925     
   13.4561362000000        1.08205082755540       0.358656955026432     
   13.4697420000000        1.15078597556738       0.763166542139816     
   13.4833478000000       0.549843172601674       0.886835220689402     
   13.4969536000000       0.472802046873604       0.434434361977739     
   13.5105594000000       0.675242807845811       0.261345960685337     
   13.5241652000000       0.874063687886601       0.230302438367532     
   13.5377710000000        1.07007620961889       0.278080544753470     
   13.5513768000000        1.28784924220776       0.401971655717760     
   13.5649826000000        1.51544275060446       0.739529387140837     
   13.5785884000000        1.40485629464206        1.43190624065685     
   13.5921942000000       0.585352654793070        1.46189828275903     
   13.6058000000000       0.380286305536428        1.33936738479728     
