 #Independent Particle F
 #Numkpts,nspin=         216           1
 #spin=           1
 #Number of BSE conduction states=           3
 #Number of BSE valence          states=           8
 #Total number of val/cond states=           6           6
 #Gaussian broadening= F
 #If not Gaussian broadening then Lorentzian
 #Broadenings=  1.000000000000000E-003  1.000000000000000E-003
 #LDA energies used as N.L. potential correction in BSE program and NOT lmf F
 #direction of q-vector=
 #   1.00000000000000       0.000000000000000E+000  0.000000000000000E+000
 #Energy(eV),Real(eps),Imag(eps)
  0.000000000000000E+000   2.70770751749783       3.912077188512964E-003
  1.360580000000000E-002   2.70771766675658       3.912163852154302E-003
  2.721160000000000E-002   2.70774811559993       3.912423860826164E-003
  4.081740000000000E-002   2.70779886722975       3.912857267783381E-003
  5.442320000000000E-002   2.70786992698372       3.913464161820489E-003
  6.802900000000001E-002   2.70796130233732       3.914244667326918E-003
  8.163480000000001E-002   2.70807300290655       3.915198944364150E-003
  9.524060000000001E-002   2.70820504045136       3.916327188765012E-003
  0.108846400000000        2.70835742887996       3.917629632255844E-003
  0.122452200000000        2.70853018425399       3.919106542600968E-003
  0.136058000000000        2.70872332479413       3.920758223770270E-003
  0.149663800000000        2.70893687088702       3.922585016130157E-003
  0.163269600000000        2.70917084509256       3.924587296657832E-003
  0.176875400000000        2.70942527215225       3.926765479179908E-003
  0.190481200000000        2.70970017899829       3.929120014635392E-003
  0.204087000000000        2.70999559476353       3.931651391363478E-003
  0.217692800000000        2.71031155079217       3.934360135417057E-003
  0.231298600000000        2.71064808065156       3.937246810902388E-003
  0.244904400000000        2.71100522014453       3.940312020345361E-003
  0.258510200000000        2.71138300732294       3.943556405085615E-003
  0.272116000000000        2.71178148250186       3.946980645698726E-003
  0.285721800000000        2.71220068827490       3.950585462447733E-003
  0.299327600000000        2.71264066953018       3.954371615764792E-003
  0.312933400000000        2.71310147346766       3.958339906764087E-003
  0.326539200000000        2.71358314961704       3.962491177787000E-003
  0.340145000000000        2.71408574985688       3.966826312980733E-003
  0.353750800000000        2.71460932843473       3.971346238911828E-003
  0.367356600000000        2.71515394198826       3.976051925215855E-003
  0.380962400000000        2.71571964956741       3.980944385284762E-003
  0.394568200000000        2.71630651265779       3.986024676993980E-003
  0.408174000000000        2.71691459520509       3.991293903470074E-003
  0.421779800000000        2.71754396364069       3.996753213902292E-003
  0.435385600000000        2.71819468690847       4.002403804398516E-003
  0.448991400000000        2.71886683649290       4.008246918889524E-003
  0.462597200000000        2.71956048644835       4.014283850082273E-003
  0.476203000000000        2.72027571342975       4.020515940466578E-003
  0.489808800000000        2.72101259672463       4.026944583376811E-003
  0.503414600000000        2.72177121828654       4.033571224112281E-003
  0.517020400000000        2.72255166277002       4.040397361119743E-003
  0.530626200000000        2.72335401756700       4.047424547241479E-003
  0.544232000000000        2.72417837284485       4.054654391033085E-003
  0.557837800000000        2.72502482158608       4.062088558155678E-003
  0.571443600000000        2.72589345962977       4.069728772846688E-003
  0.585049400000000        2.72678438571472       4.077576819474932E-003
  0.598655200000000        2.72769770152456       4.085634544185643E-003
  0.612261000000000        2.72863351173493       4.093903856641480E-003
  0.625866800000000        2.72959192406239       4.102386731866535E-003
  0.639472600000000        2.73057304931584       4.111085212200962E-003
  0.653078400000000        2.73157700145005       4.120001409374368E-003
  0.666684200000000        2.73260389762152       4.129137506706688E-003
  0.680290000000000        2.73365385824702       4.138495761447762E-003
  0.693895800000000        2.73472700706460       4.148078507264808E-003
  0.707501600000000        2.73582347119753       4.157888156891889E-003
  0.721107400000000        2.73694338122118       4.167927204953739E-003
  0.734713200000000        2.73808687123296       4.178198230979127E-003
  0.748319000000000        2.73925407892573       4.188703902620433E-003
  0.761924800000000        2.74044514566456       4.199446979098426E-003
  0.775530600000000        2.74166021656753       4.210430314891711E-003
  0.789136400000000        2.74289944059022       4.221656863694975E-003
  0.802742200000000        2.74416297061484       4.233129682670718E-003
  0.816348000000000        2.74545096354366       4.244851937024109E-003
  0.829953800000000        2.74676358039766       4.256826904931744E-003
  0.843559600000000        2.74810098642022       4.269057982862536E-003
  0.857165400000000        2.74946335118666       4.281548691329212E-003
  0.870771200000000        2.75085084871996       4.294302681117755E-003
  0.884377000000000        2.75226365761301       4.307323740045880E-003
  0.897982800000000        2.75370196115820       4.320615800309823E-003
  0.911588600000000        2.75516594748472       4.334182946485129E-003
  0.925194400000000        2.75665580970444       4.348029424257793E-003
  0.938800200000000        2.75817174606706       4.362159649971473E-003
  0.952406000000000        2.75971396012527       4.376578221089088E-003
  0.966011800000000        2.76128266091108       4.391289927681514E-003
  0.979617600000000        2.76287806312449       4.406299765071749E-003
  0.993223400000000        2.76450038733516       4.421612947783911E-003
   1.00682920000000        2.76614986019920       4.437234924966189E-003
   1.02043500000000        2.76782671469204       4.453171397486190E-003
   1.03404080000000        2.76953119035959       4.469428336927125E-003
   1.04764660000000        2.77126353358931       4.486012006748883E-003
   1.06125240000000        2.77302399790379       4.502928985923877E-003
   1.07485820000000        2.77481284427946       4.520186195407130E-003
   1.08846400000000        2.77663034149299       4.537790927863211E-003
   1.10206980000000        2.77847676649972       4.555750881144517E-003
   1.11567560000000        2.78035240484704       4.574074196105259E-003
   1.12928140000000        2.78225755112847       4.592769499440334E-003
   1.14288720000000        2.78419250948270       4.611845952366063E-003
   1.15649300000000        2.78615759414495       4.631313306114964E-003
   1.17009880000000        2.78815313005688       4.651181965406220E-003
   1.18370460000000        2.79017945354462       4.671463061281010E-003
   1.19731040000000        2.79223691307411       4.692168534975998E-003
   1.21091620000000        2.79432587009629       4.713311234853712E-003
   1.22452200000000        2.79644669999580       4.734905028838506E-003
   1.23812780000000        2.79859979316021       4.756964935339432E-003
   1.25173360000000        2.80078555618964       4.779507276306087E-003
   1.26533940000000        2.80300441327072       4.802549856899425E-003
   1.27894520000000        2.80525680774385       4.826112177311281E-003
   1.29255100000000        2.80754320389878       4.850215683601639E-003
   1.30615680000000        2.80986408904077       4.874884066128211E-003
   1.31976260000000        2.81221997587961       4.900143616326376E-003
   1.33336840000000        2.81461140530490       4.926023655426226E-003
   1.34697420000000        2.81703894962681       4.952557052366156E-003
   1.36058000000000        2.81950321637987       4.979780852975500E-003
   1.37418580000000        2.82200485281251       5.007737048854897E-003
   1.38779160000000        2.82454455121629       5.036473522834723E-003
   1.40139740000000        2.82712305528998       5.066045219235703E-003
   1.41500320000000        2.82974116778760       5.096515602512870E-003
   1.42860900000000        2.83239975977098       5.127958488854356E-003
   1.44221480000000        2.83509978188199       5.160460364290731E-003
   1.45582060000000        2.83784227817831       5.194123343325440E-003
   1.46942640000000        2.84062840325007       5.229068979227662E-003
   1.48303220000000        2.84345944357455       5.265443218814348E-003
   1.49663800000000        2.84633684439947       5.303422912906712E-003
   1.51024380000000        2.84926224391415       5.343224467662622E-003
   1.52384960000000        2.85223751713898       5.385115481810011E-003
   1.53745540000000        2.85526483293427       5.429430609421115E-003
   1.55106120000000        2.85834672895962       5.476593498300646E-003
   1.56466700000000        2.86148621155658       5.527147617605734E-003
   1.57827280000000        2.86468689079513       5.581800343201907E-003
   1.59187860000000        2.86795316601585       5.641487240383047E-003
   1.60548440000000        2.87129048531142       5.707467851622358E-003
   1.61909020000000        2.87470571564312       5.781471944910748E-003
   1.63269600000000        2.87820768254066       5.865929029305161E-003
   1.64630180000000        2.88180797686269       5.964340007225388E-003
   1.65990760000000        2.88552219511076       6.081901056638761E-003
   1.67351340000000        2.88937190817264       6.226595677624645E-003
   1.68711920000000        2.89338790235892       6.411202627528533E-003
   1.70072500000000        2.89761574177843       6.657210996664054E-003
   1.71433080000000        2.90212577453932       7.003016362276855E-003
   1.72793660000000        2.90703207623882       7.522653403388178E-003
   1.74154240000000        2.91253005513092       8.373614257342574E-003
   1.75514820000000        2.91897166920234       9.937481025081699E-003
   1.76875400000000        2.92697798505044       1.331473228883849E-002
   1.78235980000000        2.93692678694571       2.240164551245877E-002
   1.79596560000000        2.93709489451532       4.818083750764977E-002
   1.80957140000000        2.90150425217668       4.711677622219299E-002
   1.82317720000000        2.90350363136532       2.597206456775279E-002
   1.83678300000000        2.90781720572975       1.981522561731910E-002
   1.85038880000000        2.91406238243813       1.272776675633388E-002
   1.86399460000000        2.92154445075509       9.749526310753862E-003
   1.87760040000000        2.92805119152057       8.484411757254879E-003
   1.89120620000000        2.93388203334205       7.845901683333932E-003
   1.90481200000000        2.93931255055688       7.488182955182237E-003
   1.91841780000000        2.94450393942932       7.276534447563720E-003
   1.93202360000000        2.94955186991761       7.149148247987848E-003
   1.94562940000000        2.95451613891897       7.074195515349197E-003
   1.95923520000000        2.95943605756522       7.033846684993773E-003
   1.97284100000000        2.96433864749174       7.017455954146761E-003
   1.98644680000000        2.96924322402767       7.018340777584498E-003
   2.00005260000000        2.97416408383328       7.032134504723544E-003
   2.01365840000000        2.97911214913602       7.055888738154890E-003
   2.02726420000000        2.98409601150413       7.087558288319255E-003
   2.04087000000000        2.98912261615305       7.125692646343195E-003
   2.05447580000000        2.99419772346935       7.169244293214711E-003
   2.06808160000000        2.99932622819717       7.217445804017062E-003
   2.08168740000000        3.00451238521503       7.269728881086720E-003
   2.09529320000000        3.00975997254011       7.325669722929497E-003
   2.10889900000000        3.01507241125251       7.384951379929700E-003
   2.12250480000000        3.02045285529516       7.447337328819937E-003
   2.13611060000000        3.02590425985553       7.512652615447154E-003
   2.14971640000000        3.03142943429261       7.580770202287847E-003
   2.16332220000000        3.03703108376659       7.651600958693222E-003
   2.17692800000000        3.04271184251661       7.725086242233014E-003
   2.19053380000000        3.04847430090569       7.801192351132102E-003
   2.20413960000000        3.05432102777814       7.879906347254471E-003
   2.21774540000000        3.06025458927331       7.961232896811023E-003
   2.23135120000000        3.06627756495197       8.045191876963691E-003
   2.24495700000000        3.07239256188605       8.131816566564715E-003
   2.25856280000000        3.07860222721238       8.221152288546833E-003
   2.27216860000000        3.08490925954084       8.313255406593936E-003
   2.28577440000000        3.09131641952622       8.408192604052730E-003
   2.29938020000000        3.09782653985267       8.506040391555747E-003
   2.31298600000000        3.10444253483451       8.606884803511978E-003
   2.32659180000000        3.11116740980389       8.710821253880167E-003
   2.34019760000000        3.11800427043063       8.817954529436449E-003
   2.35380340000000        3.12495633210189       8.928398904762736E-003
   2.36740920000000        3.13202692947586       9.042278367918278E-003
   2.38101500000000        3.13921952631523       9.159726949551887E-003
   2.39462080000000        3.14653772570068       9.280889151349326E-003
   2.40822660000000        3.15398528072180       9.405920472363260E-003
   2.42183240000000        3.16156610574298       9.534988034111666E-003
   2.43543820000000        3.16928428834369       9.668271307461104E-003
   2.44904400000000        3.17714410203630       9.805962946326850E-003
   2.46264980000000        3.18515001987169       9.948269735221789E-003
   2.47625560000000        3.19330672904922       1.009541365971245E-002
   2.48986140000000        3.20161914665926       1.024763311099075E-002
   2.50346720000000        3.21009243669807       1.040518423809062E-002
   2.51707300000000        3.21873202850938       1.056834246384567E-002
   2.53067880000000        3.22754363682472       1.073740418357488E-002
   2.54428460000000        3.23653328359513       1.091268866877393E-002
   2.55789040000000        3.24570732183008       1.109454020189203E-002
   2.57149620000000        3.25507246168841       1.128333047268593E-002
   2.58510200000000        3.26463579909826       1.147946127181256E-002
   2.59870780000000        3.27440484722099       1.168336752342090E-002
   2.61231360000000        3.28438757111997       1.189552070571679E-002
   2.62591940000000        3.29459242604626       1.211643271707692E-002
   2.63952520000000        3.30502839981677       1.234666025557518E-002
   2.65313100000000        3.31570505983219       1.258680979214997E-002
   2.66673680000000        3.32663260536924       1.283754323258085E-002
   2.68034260000000        3.33782192588445       1.309958438156237E-002
   2.69394840000000        3.34928466618901       1.337372634426247E-002
   2.70755420000000        3.36103329950081       1.366084002782583E-002
   2.72116000000000        3.37308120955614       1.396188393862764E-002
   2.73476580000000        3.38544278317614       1.427791551237797E-002
   2.74837160000000        3.39813351494117       1.461010426559922E-002
   2.76197740000000        3.41117012594079       1.495974712142738E-002
   2.77558320000000        3.42457069895244       1.532828634392272E-002
   2.78918900000000        3.43835483287791       1.571733061817795E-002
   2.80279480000000        3.45254381985520       1.612867994533324E-002
   2.81640060000000        3.46716084919937       1.656435519140279E-002
   2.83000640000000        3.48223124325176       1.702663334932043E-002
   2.84361220000000        3.49778273138523       1.751808986246610E-002
   2.85721800000000        3.51384576990923       1.804164973982673E-002
   2.87082380000000        3.53045391753920       1.860064970293984E-002
   2.88442960000000        3.54764427859153       1.919891429312945E-002
   2.89803540000000        3.56545802933795       1.984084980748932E-002
   2.91164120000000        3.58394104729226       2.053156123165949E-002
   2.92524700000000        3.60314466901536       2.127699915871419E-002
   2.93885280000000        3.62312660991902       2.208414627360530E-002
   2.95245860000000        3.64395209040454       2.296125672536767E-002
   2.96606440000000        3.66569522783243       2.391816721253323E-002
   2.97967020000000        3.68844077532438       2.496670685440508E-002
   2.99327600000000        3.71228631945636       2.612124554049662E-002
   3.00688180000000        3.73734509462193       2.739944020849703E-002
   3.02048760000000        3.76374964060921       2.882327022766008E-002
   3.03409340000000        3.79165663581198       3.042050545595098E-002
   3.04769920000000        3.82125340580597       3.222683979154553E-002
   3.06130500000000        3.85276687913031       3.428908046909814E-002
   3.07491080000000        3.88647621901115       3.667007211125016E-002
   3.08851660000000        3.92273115459699       3.945658815843757E-002
   3.10212240000000        3.96197947335237       4.277253865395955E-002
   3.11572820000000        4.00480985324857       4.680222928854905E-002
   3.12933400000000        4.05202159364192       5.183386346173382E-002
   3.14293980000000        4.10474399178416       5.834699893908515E-002
   3.15654560000000        4.16465243319654       6.720453681537167E-002
   3.17015140000000        4.23438201831893       8.012277715942301E-002
   3.18375720000000        4.31834438176727       0.100992400760134     
   3.19736300000000        4.42412901360303       0.140298251749615     
   3.21096880000000        4.56067598837644       0.233058896903151     
   3.22457460000000        4.65926322809252       0.499212139189765     
   3.23818040000000        4.29432882369583       0.668784242873575     
   3.25178620000000        4.27725258308418       0.363608914649688     
   3.26539200000000        4.48587372003364       0.293865553513138     
   3.27899780000000        4.66263710430971       0.402304540064495     
   3.29260360000000        4.61664857332911       0.460049289711067     
   3.30620940000000        4.78299877430478       0.341781418554581     
   3.31981520000000        5.07424360815998       0.353414957961289     
   3.33342100000000        5.43622232485908       0.455539458987602     
   3.34702680000000        5.92586213824159       0.681609855963804     
   3.36063260000000        6.64453986579895        1.19699239712903     
   3.37423840000000        7.65584798516014        2.61229633336516     
   3.38784420000000        7.13782423166282        6.70323177122953     
   3.40145000000000       0.592473741884862        6.58270360003788     
   3.41505580000000       0.189537415880845        2.56149650898749     
   3.42866160000000        1.19784188716224        1.18442770769243     
   3.44226740000000        1.90928847537501       0.676128895461134     
   3.45587320000000        2.39504024051521       0.446313775254162     
   3.46947900000000        2.74896784591355       0.327383032878477     
   3.48308480000000        3.02563946355511       0.260436896289288     
   3.49669060000000        3.25610846396977       0.221493400322353     
   3.51029640000000        3.45933762207846       0.199659959187369     
   3.52390220000000        3.64815937480350       0.189800514425239     
   3.53750800000000        3.83248264296376       0.189808229479113     
   3.55111380000000        4.02131998091771       0.199673632210980     
   3.56471960000000        4.22449596547905       0.221587754426061     
   3.57832540000000        4.45465055030455       0.261338031654180     
   3.59193120000000        4.72940589708453       0.332841061071544     
   3.60553700000000        5.06795414122888       0.466526396735112     
   3.61914280000000        5.50136771895176       0.689523397628750     
   3.63274860000000        6.17508160574150        1.18418850768774     
   3.64635440000000        7.02337136313828        2.65702778518869     
   3.65996020000000        5.40507352718306        6.17207799729842     
   3.67356600000000        1.11812393373512        4.14441027628956     
   3.68717180000000        1.62795690864426        1.76271707576646     
   3.70077760000000        2.53957121683800        1.07036332346054     
   3.71438340000000        3.25483956042029        1.07818990973598     
   3.72798920000000        3.27963959921430        1.59569535530964     
   3.74159500000000        2.96490036018954        1.09571035099965     
   3.75520080000000        3.46354650969675       0.775609200516030     
   3.76880660000000        4.03993412898802       0.900472027879388     
   3.78241240000000        4.38907911446250        1.60020727237398     
   3.79601820000000        3.74106063718680        1.86194876003383     
   3.80962400000000        4.20629669589270        1.68720643189553     
   3.82322980000000        4.54551328140382        3.15120390049217     
   3.83683560000000        1.74224115597995        3.73821227907868     
   3.85044140000000        1.31208327141397        1.58817201683247     
   3.86404720000000        1.95486093432940       0.780982984885760     
   3.87765300000000        2.46258033840670       0.497367544937175     
   3.89125880000000        2.85256747268953       0.384747019218765     
   3.90486460000000        3.18761622338997       0.356058808021663     
   3.91847040000000        3.49769540566026       0.412478974570377     
   3.93207620000000        3.72601839566435       0.567912900459192     
   3.94568200000000        3.87961652371041       0.638579627719761     
   3.95928780000000        4.28328504024701       0.825801738614934     
   3.97289360000000        4.57715156989948        1.71215766731098     
   3.98649940000000        3.18621980517059        2.45615835829005     
   4.00010520000000        2.58281921500944        1.42312280513858     
   4.01371100000000        2.81557784660105       0.781383556500576     
   4.02731680000000        3.20289823295962       0.505850063722497     
   4.04092260000000        3.58017796919068       0.456961188626310     
   4.05452840000000        3.94079115779346       0.553670855205124     
   4.06813420000000        4.29034430696883       0.952724320266900     
   4.08174000000000        3.83069010776156        1.76819027609970     
   4.09534580000000        3.07915349999858        1.09475411575044     
   4.10895160000000        3.39244722329696       0.577986072925903     
   4.12255740000000        3.77621134237080       0.455077034353257     
   4.13616320000000        4.12443940098265       0.549286150953776     
   4.14976900000000        4.21906147140947       0.812469579757753     
   4.16337480000000        4.25575127282654       0.838876469053113     
   4.17698060000000        4.28471768942967       0.990325567155161     
   4.19058640000000        4.29947631923982       0.809934165784670     
   4.20419220000000        4.68134419319169       0.891242022174455     
   4.21779800000000        4.84601453146496        1.22011332417955     
   4.23140380000000        4.73541719007962        1.71592684426032     
   4.24500960000000        4.48727637201434        1.61531320506219     
   4.25861540000000        4.58357247132679        1.78612015189393     
   4.27222120000000        4.00907463440331        2.07130423813863     
   4.28582700000000        3.91058526152166        1.52235462142587     
   4.29943280000000        3.98316423348883        1.21237679888772     
   4.31303860000000        4.51518450548048        1.03743986598162     
   4.32664440000000        4.94837347610912        1.51574844437325     
   4.34025020000000        4.60195990381964        1.88715527507255     
   4.35385600000000        4.35705717717573        1.93149739262958     
   4.36746180000000        4.27793305173004        1.48488367304212     
   4.38106760000000        4.72288464088596        1.34891393487070     
   4.39467340000000        5.06408809931147        1.77347602520439     
   4.40827920000000        4.84215941627518        1.98414205808682     
   4.42188500000000        4.95232069342375        1.86211219257526     
   4.43549080000000        5.16870557963143        2.10742238762642     
   4.44909660000000        5.01578599351812        2.25710950991644     
   4.46270240000000        5.16629535001694        2.19154136645315     
   4.47630820000000        5.72270705036074        2.22088636920776     
   4.48991400000000        6.34374499943014        3.25509524942523     
   4.50351980000000        5.71496870489797        4.31502417907068     
   4.51712560000000        5.01824533084765        5.05063300642043     
   4.53073140000000        3.81754110092491        5.65041063746651     
   4.54433720000000        1.58024218558253        4.43884099426109     
   4.55794300000000        2.28733689170483        2.69156331784054     
   4.57154880000000        2.95051454277039        2.62887138713398     
   4.58515460000000        3.07784030067385        2.66621512670789     
   4.59876040000000        2.86638891811867        2.34324193898540     
   4.61236620000000        3.31584954822726        1.87850405676061     
   4.62597200000000        3.81930644665682        1.88039058363842     
   4.63957780000000        4.16454718223542        2.08966100710650     
   4.65318360000000        4.22109044021797        2.31746626154525     
   4.66678940000000        4.51328981332110        2.26139291281358     
   4.68039520000000        4.75304278964375        2.40399799208286     
   4.69400100000000        5.34670080284520        3.02967917776087     
   4.70760680000000        4.46599215772235        3.32676819889220     
   4.72121260000000        5.31364101563997        2.65192142746816     
   4.73481840000000        6.84583369347250        3.74424065850054     
   4.74842420000000        6.84804546517719        6.41690798933704     
   4.76203000000000        5.00700392229194        9.29556854755942     
   4.77563580000000      -0.776455303166279        8.15382946867012     
   4.78924160000000      -0.589092259564582        4.14508211658494     
   4.80284740000000       0.826030414968682        2.88040092258995     
   4.81645320000000        2.17786669596742        3.06007036470114     
   4.83005900000000        1.76641856844649        4.01320984568036     
   4.84366480000000        1.11358832609418        3.25301089302410     
   4.85727060000000        1.42155930961976        2.69856087030987     
   4.87087640000000        1.55412922616255        2.11601472372776     
   4.88448220000000        2.42371378034773        1.74393255224622     
   4.89808800000000        3.01646359419153        1.99384127605585     
   4.91169380000000        3.65839557777154        2.04343354854910     
   4.92529960000000        4.69741614575520        2.88788561606075     
   4.93890540000000        4.46324531007071        4.80651351306046     
   4.95251120000000        2.79340216686105        6.10394897887492     
   4.96611700000000       0.829490183378530        4.46837714283663     
   4.97972280000000        1.63914954543024        3.29733097249799     
   4.99332860000000        2.39241885638635        3.69636095816928     
   5.00693440000000        2.33892864043804        4.34602770517330     
   5.02054020000000        1.27389722416009        5.09433984730551     
   5.03414600000000      -0.180864881032950        4.32770413779234     
   5.04775180000000       2.814037250671431E-002   3.03469726182874     
   5.06135760000000       0.336451496803814        2.86774404659571     
   5.07496340000000       6.196058569676199E-003   2.33089676559192     
   5.08856920000000       0.426012248389108        1.55597466462084     
   5.10217500000000        1.20061113931252        1.34066827302758     
   5.11578080000000        1.62775371997220        1.82338368522208     
   5.12938660000000        1.13569101071302        1.70880215903657     
   5.14299240000000        1.59893133001043        1.26536246415107     
   5.15659820000000        1.95575186593052        1.36269214263227     
   5.17020400000000        2.39332785424407        1.40638011371868     
   5.18380980000000        2.69544773341278        2.11481438952788     
   5.19741560000000        1.80721024693997        2.52333290256668     
   5.21102140000000        1.56853772219886        1.63853054798259     
   5.22462720000000        2.18153053218952        1.33406686406706     
   5.23823300000000        2.60455496570990        1.68740307333156     
   5.25183880000000        2.41911565136101        1.67780705865332     
   5.26544460000000        2.96298997607235        1.56194716939354     
   5.27905040000000        3.50258429915572        2.46056835226962     
   5.29265620000000        2.34544768906371        3.01329964716869     
   5.30626200000000        2.35314569238379        2.47960021146089     
   5.31986780000000        2.15694657803132        2.52362603612877     
   5.33347360000000        2.50897266525483        2.24868120064790     
   5.34707940000000        2.78759955478682        2.61033769291900     
   5.36068520000000        2.74941057672601        3.89109794072305     
   5.37429100000000       0.422550007484783        3.56885015703308     
   5.38789680000000       0.699184363429352        1.88359747371433     
   5.40150260000000        1.56146704885087        1.60745223932701     
   5.41510840000000        1.85200995780933        1.95674560766685     
   5.42871420000000        1.73412078199049        2.33512106218685     
   5.44232000000000        1.04963332192993        1.94692867909840     
   5.45592580000000        1.39519622138879        1.39889447593297     
   5.46953160000000        1.54475523750270        1.52598982062477     
   5.48313740000000        1.45972897300320        1.07455711362827     
   5.49674320000000        1.96397301495897       0.815344478973068     
   5.51034900000000        2.40971458221494        1.06749323937676     
   5.52395480000000        2.25814845219415        1.31166706596280     
   5.53756060000000        2.34109862294236        1.26594101883871     
   5.55116640000000        2.23500074562287        1.39860520639128     
   5.56477220000000        1.89451343133635        1.12004913314588     
   5.57837800000000        2.16159486553457       0.621436617329209     
   5.59198380000000        2.56449468220021       0.478257061865688     
   5.60558960000000        2.89632851928500       0.489855441641512     
   5.61919540000000        3.11638869760890       0.573424763807803     
   5.63280120000000        3.28502201781940       0.566177750645739     
   5.64640700000000        3.52619994996116       0.481934821043164     
   5.66001280000000        3.91808175930846       0.479994387116111     
   5.67361860000000        4.36878426510545       0.614034273381219     
   5.68722440000000        4.88458026287065       0.954223835265497     
   5.70083020000000        5.17895690312231        1.85015985769913     
   5.71443600000000        4.27135128958146        2.27685900162813     
   5.72804180000000        4.22446920869037        1.81562177569073     
   5.74164760000000        4.58949241542010        1.56767036726490     
   5.75525340000000        5.18582393679756        1.71370423168016     
   5.76885920000000        5.57045369195005        1.99510128016337     
   5.78246500000000        6.57839855207166        2.54652854677826     
   5.79607080000000        7.11840822448748        4.32860137408371     
   5.80967660000000        6.39681752176183        6.32067027797028     
   5.82328240000000        4.35775348400603        8.34647220226452     
   5.83688820000000       6.690662542753556E-002   7.67927444007025     
   5.85049400000000      -0.645811296917043        4.17518134386924     
   5.86409980000000       0.244841427905605        2.61030854748995     
   5.87770560000000        1.02968133318689        1.95931441709080     
   5.89131140000000        1.65485678098540        1.58892409280535     
   5.90491720000000        2.15745206145668        1.32339288106685     
   5.91852300000000        2.66475283980529        1.12244562438132     
   5.93212880000000        3.20062016025002        1.00822729213508     
   5.94573460000000        3.78653170857432       0.942468409183536     
   5.95934040000000        4.52285973922719        1.02598299711740     
   5.97294620000000        5.39234132783557        1.50649284514373     
   5.98655200000000        5.83076121673917        2.88577849586971     
   6.00015780000000        4.37359885130477        3.23613050611739     
   6.01376360000000        4.95915087875001        2.48862336562195     
   6.02736940000000        5.25675299897061        3.48790971852183     
   6.04097520000000        4.38290277387649        3.17917057500327     
   6.05458100000000        4.85482219291118        2.20392906766737     
   6.06818680000000        6.20684074043775        2.14705229775349     
   6.08179260000000        7.12744660591027        3.25663725117255     
   6.09539840000000        6.71940930596449        3.48279427555569     
   6.10900420000000        8.12013719907941        2.99261145435663     
   6.12261000000000        10.6073508492259        4.00361686808615     
   6.13621580000000        13.1800172353541        7.74700713895369     
   6.14982160000000        11.2441018148430        14.3113384404226     
   6.16342740000000        6.37657688902571        14.4221198921718     
   6.17703320000000        3.17149345633233        17.8422804596273     
   6.19063900000000       -1.85833142428048        12.4552226368568     
   6.20424480000000       0.755554367057174        11.5107123338583     
   6.21785060000000       -1.75247280742638        13.2161331825974     
   6.23145640000000       -4.38714758993108        12.4546263642963     
   6.24506220000000       -7.15911384530440        8.44199938530148     
   6.25866800000000       -5.03579039938987        4.71856919339983     
   6.27227380000000       -2.54880012353407        4.24169452631973     
   6.28587960000000       -1.16425043601915        4.72788221800858     
   6.29948540000000      -6.130018764274348E-002   6.99132920104351     
   6.31309120000000       -4.17337044589168        8.18738559447243     
   6.32669700000000       -5.20625549198276        4.59683406471606     
   6.34030280000000       -3.66691579082974        2.92653352798317     
   6.35390860000000       -2.37474309802796        2.72999590913474     
   6.36751440000000       -2.22758238856603        2.89895417114395     
   6.38112020000000       -1.59158994973067        2.07561686783480     
   6.39472600000000      -0.233448338695421        2.01310445119383     
   6.40833180000000        1.14243433884880        3.20573885493383     
   6.42193760000000      -6.754127055572590E-002   5.52979858550507     
   6.43554340000000       -1.14542023840126        3.92942904503754     
   6.44914920000000       0.371937321919315        4.37891503852051     
   6.46275500000000       -1.36288236072901        6.97420857352753     
   6.47636080000000       -3.78253100383658        4.79017080128324     
   6.48996660000000       -2.97098359064575        3.21061451138957     
   6.50357240000000       -2.93485425183553        3.44816441925462     
   6.51717820000000       -3.24433381120392        2.14591032304589     
   6.53078400000000       -2.35755273638239        1.37767498587161     
   6.54438980000000       -1.50887733042176        1.30268698226100     
   6.55799560000000       -1.06646268876976        1.39975315179264     
   6.57160140000000      -0.370434614787509        1.67654315151319     
   6.58520720000000      -0.409408963355889        2.64619166745861     
   6.59881300000000       -1.64843799286913        2.79682292205150     
   6.61241880000000       -1.72725388523173        1.47960737290137     
   6.62602460000000      -0.976273092390867       0.988329872907027     
   6.63963040000000      -0.263358506711805        1.01047482624370     
   6.65323620000000       0.211213208938810        1.31623877215272     
   6.66684200000000       0.762277960531108        1.65852477803869     
   6.68044780000000       0.943575393818284        3.16559605743053     
   6.69405360000000       -1.12175413368414        3.18838961417889     
   6.70765940000000       -1.08531626279702        2.05525883190914     
   6.72126520000000      -0.658768751722441        1.62089157673762     
   6.73487100000000      -0.238510782325593        1.70919143348111     
   6.74847680000000      -0.144302414747761        1.91742893181031     
   6.76208260000000      -0.275944909034199        1.76227943605237     
   6.77568840000000       6.735284807367115E-002   1.89176714003276     
   6.78929420000000      -3.012651014632417E-002   2.03323443236573     
   6.80290000000000      -0.346009936673276        2.37449332894957     
   6.81650580000000      -0.679276668291110        1.56670025210229     
   6.83011160000000      -7.420511848606437E-002   1.24983973201666     
   6.84371740000000       0.404034088637530        1.50486458914015     
   6.85732320000000       0.377950523279312        1.92221874869771     
   6.87092900000000       0.273918150429666        1.77068016420589     
   6.88453480000000       0.614476490991808        1.92089728464555     
   6.89814060000000       0.639742901238973        2.55463004674229     
   6.91174640000000      -0.383028277005296        2.95710912772965     
   6.92535220000000      -0.848875688142564        1.89377171269048     
   6.93895800000000      -0.361122652510593        1.26822683522475     
   6.95256380000000       0.262877598376645        1.17773071543817     
   6.96616960000000       0.826110690338482        1.33450218789465     
   6.97977540000000        1.50161441222436        2.15000431427999     
   6.99338120000000       0.467594344891015        3.64031558164760     
   7.00698700000000      -0.709193047568278        2.67274723434765     
   7.02059280000000      -0.561983605397558        2.05165484833862     
   7.03419860000000      -0.404761136400030        1.81764327897557     
   7.04780440000000       1.329245901594189E-002   1.78408311088590     
   7.06141020000000      -0.131994835148229        2.27750523654658     
   7.07501600000000      -0.570107191496397        1.84638130635406     
   7.08862180000000      -0.420287092139749        1.70370495427778     
   7.10222760000000      -0.457369196413876        1.29390215350883     
   7.11583340000000       6.346804649813553E-002   1.19518360286425     
   7.12943920000000       0.151698628099342        1.47300023056967     
   7.14304500000000       0.161532113081988        1.51403074192052     
   7.15665080000000       0.171844129298840        1.70752674709945     
   7.17025660000000      -0.374532413720608        1.57359760958585     
   7.18386240000000      -0.155756835004838       0.984237469866571     
   7.19746820000000       0.219780033167301       0.873561528851179     
   7.21107400000000       0.566842723575140       0.830862028100391     
   7.22467980000000       0.960701045536189        1.01666486343330     
   7.23828560000000        1.02098821629149        1.36702923747377     
   7.25189140000000        1.08666369947001        1.44949813599160     
   7.26549720000000        1.26087767953724        1.71822230625546     
   7.27910300000000        1.11862112566927        2.05050791477293     
   7.29270880000000        1.09120754054818        2.23752984844060     
   7.30631460000000       0.809654247762465        2.50861469814679     
   7.31992040000000       0.409064735404090        2.39591810408740     
   7.33352620000000       0.576118966454706        2.12004385108613     
   7.34713200000000       0.773134545921763        2.75269274571479     
   7.36073780000000      -9.241310487673515E-002   3.09160090531133     
   7.37434360000000       -1.11685667933650        2.45496780345914     
   7.38794940000000      -0.859418365214147        1.31602007948320     
   7.40155520000000      -0.200447837446431       0.895996890700379     
   7.41516100000000       0.467801414405290       0.873566712339412     
   7.42876680000000        1.11500444994604        1.29260232344459     
   7.44237260000000        1.10371672510424        2.48302342623852     
   7.45597840000000      -0.304514587895620        2.33057808281326     
   7.46958420000000      -0.181923706518771        1.50429066103201     
   7.48319000000000       0.165540107684104        1.21221802755157     
   7.49679580000000       0.586521306817577        1.15305245812574     
   7.51040160000000        1.12481955475081        1.36679452974395     
   7.52400740000000        1.31806353781776        2.22771282753887     
   7.53761320000000       0.402383464825988        2.69433684716010     
   7.55121900000000       3.062865356231381E-002   2.04866821607770     
   7.56482480000000       0.347018795874220        1.87066206200895     
   7.57843060000000       0.398559597621220        1.91364326908583     
   7.59203640000000       0.438552408531421        2.39788161733859     
   7.60564220000000      -0.303897678250144        1.99974070674895     
   7.61924800000000      -4.263600567247749E-002   1.53290984512416     
   7.63285380000000       0.356661860659400        1.38988827000498     
   7.64645960000000       0.742560233950657        1.66568656445633     
   7.66006540000000       0.751470316850326        1.90325532517297     
   7.67367120000000       0.817787167374679        2.40962417552538     
   7.68727700000000       0.242098517458365        2.73172299252025     
   7.70088280000000      -0.409597836065292        2.48669101821666     
   7.71448860000000      -0.450072709525895        1.85136985112730     
   7.72809440000000      -0.249513259039490        1.45893142534776     
   7.74170020000000       0.322879557053435        1.26383583277273     
   7.75530600000000        1.05808831073453        1.69977944672654     
   7.76891180000000       0.854322434368579        3.25824538128718     
   7.78251760000000      -0.940422137908185        2.70961242412882     
   7.79612340000000      -0.559778386905660        1.78822109469784     
   7.80972920000000      -0.151333522384468        2.09056163597749     
   7.82333500000000      -0.703757307362085        2.13165388206151     
   7.83694080000000      -0.828161941345621        1.80492069423432     
   7.85054660000000      -0.828584429919026        1.35809733516628     
   7.86415240000000      -0.561387500761174        1.24174040442851     
   7.87775820000000      -0.579101168917104        1.14968465911094     
   7.89136400000000      -0.468925397617234       0.868931092256214     
   7.90496980000000      -0.125550585061311       0.651005763372046     
   7.91857560000000       0.277467440335437       0.686718154000634     
   7.93218140000000       0.652440550959192       0.955084118386150     
   7.94578720000000       0.666678518756771        1.44922244757503     
   7.95939300000000       0.220194626282752        1.64793948513705     
   7.97299880000000       0.216466950229179        1.22001472048501     
   7.98660460000000       0.554293867733446        1.41523615450602     
   8.00021040000000       0.469346148261045        1.50383366062673     
   8.01381620000000       0.580150962926588        1.78508821394027     
   8.02742200000000       0.370478136770008        1.93345052346726     
   8.04102780000000       0.257607829031897        2.10025454556023     
   8.05463360000000      -0.258617015108052        2.54517648199178     
   8.06823940000000       -1.03709410499239        1.74441093203393     
   8.08184520000000      -0.740308042152825        1.12227794023293     
   8.09545100000000      -0.446896628331435       0.936178921517140     
   8.10905680000000      -0.243268877106110       0.827758370834135     
   8.12266260000000       5.488568713959252E-002  0.717356601159578     
   8.13626840000000       0.363000844775624       0.911068453451030     
   8.14987420000000       0.244206362029973        1.12895278952780     
   8.16348000000000       0.312817201950128       0.884927186260414     
   8.17708580000000       0.677879415736749       0.995148816534910     
   8.19069160000000       0.806761569607136        1.28526497894188     
   8.20429740000000       0.854083455731627        1.56617011011698     
   8.21790320000000       0.957115309154427        2.09606505726842     
   8.23150900000000      -0.110692426191112        2.76503212476162     
   8.24511480000000      -0.824844371048627        1.78236053522180     
   8.25872060000000      -0.589233386056208        1.27545391852256     
   8.27232640000000      -0.386763144801674       0.963693587463729     
   8.28593220000000       2.086827699614247E-002  0.759748115261203     
   8.29953800000000       0.440166200409098       0.980919481101593     
   8.31314380000000       0.448210770729166        1.26260011036338     
   8.32674960000000       0.491921155898401        1.59397004439284     
   8.34035540000000      -4.169409691084258E-002   1.65990793497571     
   8.35396120000000      -4.865391873251967E-002   1.41693423180913     
   8.36756700000000      -9.475344720915158E-002   1.30396543135387     
   8.38117280000000       2.859393089915341E-003   1.19532219329875     
   8.39477860000000       5.046945606376863E-002   1.05547546439632     
   8.40838440000000       0.373119878479157        1.08302196311567     
   8.42199020000000       0.404377429495758        1.21083566545035     
   8.43559600000000       0.757762299181872        1.49271895919455     
   8.44920180000000       0.106664034629778        2.17426924268437     
   8.46280760000000      -0.248446534401116        1.54240692773809     
   8.47641340000000      -0.104167039484484        1.46195610916919     
   8.49001920000000      -9.881848917179248E-002   1.21989077086498     
   8.50362500000000       0.332169674995741        1.24215777891248     
   8.51723080000000       0.416760670117063        1.72697171029745     
   8.53083660000000       0.134038807974908        2.14708147978703     
   8.54444240000000      -0.456968927471893        2.26835390514484     
   8.55804820000000       -1.21565312770833        1.80869148577026     
   8.57165400000000       -1.01366021292353        1.03286823170864     
   8.58525980000000      -0.728954905399240       0.915336219279889     
   8.59886560000000      -0.553301596221053       0.713103096065400     
   8.61247140000000      -0.225800083950772       0.812758972779617     
   8.62607720000000      -0.413149196184464        1.01674095835504     
   8.63968300000000      -0.437549505542905       0.785358955447771     
   8.65328880000000      -0.397176022683563       0.745634757980691     
   8.66689460000000      -0.369384357119409       0.629509074949475     
   8.68050040000000      -0.261460028928907       0.447623700809708     
   8.69410620000000      -1.417546465194341E-002  0.405124623433286     
   8.70771200000000       0.136089777413400       0.533777107566147     
   8.72131780000000       0.132727515564540       0.586308057687786     
   8.73492360000000       0.239370585508536       0.491275867121026     
   8.74852940000000       0.484387297982707       0.588973825260782     
   8.76213520000000       0.576715176365703       0.828614897503742     
   8.77574100000000       0.604606919175063        1.02671438215485     
   8.78934680000000       0.620461738232527        1.34263516883747     
   8.80295260000000       0.110330353822124        1.87233027664953     
   8.81655840000000      -0.579947192891646        1.45839253812079     
   8.83016420000000      -0.710968632121954       0.884925335444544     
   8.84377000000000      -0.430540706870437       0.488111004991832     
   8.85737580000000      -0.123682593113662       0.387749463508917     
   8.87098160000000       9.996168910493719E-002  0.418779012436213     
   8.88458740000000       0.256892761798819       0.509619783269858     
   8.89819320000000       0.361786802669353       0.624831902774042     
   8.91179900000000       0.281859664169713       0.769696138576545     
   8.92540480000000       0.370590105603031       0.703801878374431     
   8.93901060000000       0.401009354433979       0.910472706375938     
   8.95261640000000       0.343806843444519       0.840733000883329     
   8.96622220000000       0.564801350721072        1.07592970011543     
   8.97982800000000       0.172736420923559        1.56987114640911     
   8.99343380000000      -0.348976848311942        1.18958321406649     
   9.00703960000000      -0.245771743133730       0.786236107326447     
   9.02064540000000      -1.002023812914721E-002  0.835134321419666     
   9.03425120000000      -0.161837552188232        1.04758682396678     
   9.04785700000000      -0.461360575776004       0.743368688366889     
   9.06146280000000      -0.320186678396965       0.508851283661197     
   9.07506860000000      -0.227515630643499       0.375222890068560     
   9.08867440000000      -7.610884347759805E-002  0.287800019768716     
   9.10228020000000       5.964243633407917E-002  0.316317624204187     
   9.11588600000000       6.535631005321196E-002  0.304594806947104     
   9.12949180000000       0.157697894345911       0.248117148433557     
   9.14309760000000       0.249951262099518       0.229659880846119     
   9.15670340000000       0.368019193119364       0.213840087278793     
   9.17030920000000       0.514304086414082       0.270251313705599     
   9.18391500000000       0.606266493326690       0.378103084810018     
   9.19752080000000       0.646627211286482       0.592645360973125     
   9.21112660000000       0.460311823508507       0.657297616412551     
   9.22473240000000       0.386605098602019       0.553576137270103     
   9.23833820000000       0.481632176534947       0.565788582766329     
   9.25194400000000       0.396171001223693       0.551233193515031     
   9.26554980000000       0.418506858676413       0.520059935196644     
   9.27915560000000       0.401244957310686       0.399397988952197     
   9.29276140000000       0.577212320557138       0.286799421439647     
   9.30636720000000       0.791018860686291       0.312357521880909     
   9.31997300000000       0.986545418620387       0.398113567189934     
   9.33357880000000        1.26082283331739       0.622150149871018     
   9.34718460000000        1.32481169979946        1.08547882754752     
   9.36079040000000        1.34771111177465        1.63051460784090     
   9.37439620000000       0.185431748096193        2.46226172899041     
   9.38800200000000      -0.610271411210550        1.31516165554078     
   9.40160780000000      -0.341834529006930       0.820685476299955     
   9.41521360000000      -0.228656876262503       0.616537169056372     
   9.42881940000000      -4.719743487635752E-002  0.400834204768505     
   9.44242520000000       0.146307142554597       0.326009494554911     
   9.45603100000000       0.349575398016429       0.283899344493115     
   9.46963680000000       0.592298526604033       0.348484928956119     
   9.48324260000000       0.819011788072177       0.643896230394017     
   9.49684840000000       0.446585798535295        1.17033604015726     
   9.51045420000000       7.460533541029712E-003  0.689235419884171     
   9.52406000000000       0.242833506086886       0.405803301127219     
   9.53766580000000       0.474491214558218       0.418503602449382     
   9.55127160000000       0.575795647588382       0.501728153843775     
   9.56487740000000       0.760538161252617       0.624399217743701     
   9.57848320000000       0.633892793470807        1.13525086203909     
   9.59208900000000       6.840773001546974E-002  0.913190572389442     
   9.60569480000000       0.120368516476639       0.566748715262687     
   9.61930060000000       0.336478899771215       0.497461334566734     
   9.63290640000000       0.324818829698699       0.578821802558813     
   9.64651220000000       0.322443389998433       0.518002287748556     
   9.66011800000000       0.377665965809210       0.435433560977488     
   9.67372380000000       0.485769004649890       0.413161411684605     
   9.68732960000000       0.582710530611786       0.558124123714775     
   9.70093540000000       0.423420126390947       0.527154420548615     
   9.71454120000000       0.571914955900981       0.470003355544272     
   9.72814700000000       0.529621771400703       0.591341276599182     
   9.74175280000000       0.570676911136669       0.509272214305741     
   9.75535860000000       0.587647468713509       0.601541117316482     
   9.76896440000000       0.542670873305566       0.608961817161945     
   9.78257020000000       0.578267893213180       0.622335656097545     
   9.79617600000000       0.495661966249948       0.645334909532943     
   9.80978180000000       0.416084363919568       0.585932774469033     
   9.82338760000000       0.451703089004332       0.469881630309883     
   9.83699340000000       0.536920480365395       0.386018604322543     
   9.85059920000000       0.695812492930761       0.427667529689376     
   9.86420500000000       0.619518300825200       0.570290554238648     
   9.87781080000000       0.560966796681510       0.389821246642673     
   9.89141660000000       0.748754555190906       0.282521383545505     
   9.90502240000000       0.982272126103563       0.320800912300340     
   9.91862820000000        1.21929289932961       0.548367131240920     
   9.93223400000000        1.06875191608607        1.02314539610391     
   9.94583980000000       0.726513804634413       0.757329190629813     
   9.95944560000000        1.05080819106904       0.616040098890107     
   9.97305140000000        1.47472880047009       0.973513579806569     
   9.98665720000000        1.27793857048938        2.10344678747063     
   10.0002630000000      -0.328544516768712        1.97713917204881     
   10.0138688000000      -0.484497067318376       0.904272954618408     
   10.0274746000000      -0.146214414155365       0.450508796926466     
   10.0410804000000       0.143693359899388       0.287958123520240     
   10.0546862000000       0.371260350387812       0.224075417059925     
   10.0682920000000       0.569940277275737       0.203654629880745     
   10.0818978000000       0.762812729253332       0.212822062462046     
   10.0955036000000       0.972314542866869       0.252586501930492     
   10.1091094000000        1.22512710384137       0.357908376215193     
   10.1227152000000        1.49290711447322       0.636253159403770     
   10.1363210000000        1.50720166614916        1.04241919825364     
   10.1499268000000        1.58188274030092        1.19043883959598     
   10.1635326000000        2.03027939443677        1.98080488929242     
   10.1771384000000       0.688489986328132        3.64593310499482     
   10.1907442000000       -1.13261302197212        2.38870078384122     
   10.2043500000000      -0.918128663821124        1.43620508289057     
   10.2179558000000      -0.959989693731351       0.974169414757261     
   10.2315616000000      -0.689085112159713       0.546254267615543     
   10.2451674000000      -0.438863290947208       0.343290047100741     
   10.2587732000000      -0.204998489853932       0.242180138200499     
   10.2723790000000      -4.739636754396814E-003  0.205934065543758     
   10.2859848000000       0.182293457565857       0.215144251377614     
   10.2995906000000       0.375257423668437       0.294776302116240     
   10.3131964000000       0.548578774177602       0.550112569527702     
   10.3268022000000       0.221122849739340       0.996047280985352     
   10.3404080000000      -0.210324570125683       0.666493879960745     
   10.3540138000000      -0.173905708121000       0.335103656260050     
   10.3676196000000      -2.166923797109854E-002  0.182901604907263     
   10.3812254000000       0.102465601863692       0.123352734604177     
   10.3948312000000       0.201307130145342       9.470448017676170E-002
   10.4084370000000       0.284020607065948       7.977231753041637E-002
   10.4220428000000       0.357033823609590       7.166662160738414E-002
   10.4356486000000       0.424589203754717       6.786028684814253E-002
   10.4492544000000       0.488958479214491       6.760590513163682E-002
   10.4628602000000       0.552475030988998       6.845749770359880E-002
   10.4764660000000       0.619947435991179       7.226827875827989E-002
   10.4900718000000       0.692821900649852       8.097293026910694E-002
   10.5036776000000       0.775600984309725       9.680344465433441E-002
   10.5172834000000       0.873008408780213       0.128739247187641     
   10.5308892000000       0.989881083932541       0.187048777108527     
   10.5444950000000        1.12608382421881       0.331062110479875     
   10.5581008000000        1.14620674327145       0.546837783594147     
   10.5717066000000        1.08615825051326       0.820026504507020     
   10.5853124000000       0.866163894674993       0.831586098530673     
   10.5989182000000       0.752822515839199        1.00045671188436     
   10.6125240000000       0.508005251105487       0.766172853403939     
   10.6261298000000       0.739816935940515       0.707956331683587     
   10.6397356000000       0.738999744043654        1.20596766114900     
   10.6533414000000      -6.083172018980010E-002   1.04078236437399     
   10.6669472000000       1.893152552322752E-002  0.530153923533792     
   10.6805530000000       0.215594814431559       0.400399615007310     
   10.6941588000000       0.256560850677209       0.419738345100699     
   10.7077646000000       0.288466310428078       0.299760448169123     
   10.7213704000000       0.384780633726685       0.275710794575709     
   10.7349762000000       0.418198119495983       0.235709598984079     
   10.7485820000000       0.498376663015967       0.208924134748248     
   10.7621878000000       0.589689240362446       0.185632347252455     
   10.7757936000000       0.721264634765155       0.214454210425429     
   10.7893994000000       0.874742053032108       0.354001867562920     
   10.8030052000000       0.840403281749843       0.771757861925375     
   10.8166110000000       0.246125005419318       0.710755591843722     
   10.8302168000000       0.255913963190527       0.334803770711650     
   10.8438226000000       0.393018216789851       0.230899230609269     
   10.8574284000000       0.439302181661339       0.189944206411003     
   10.8710342000000       0.514445724271334       0.127228198909861     
   10.8846400000000       0.602018601167805       0.100771964852841     
   10.8982458000000       0.688538240229075       9.933410157768043E-002
   10.9118516000000       0.769380379380729       0.116322817560136     
   10.9254574000000       0.866023079721723       0.149619992742036     
   10.9390632000000       0.980395963253312       0.267048028885740     
   10.9526690000000       0.909175307449789       0.530912132860454     
   10.9662748000000       0.677435417232971       0.480576775879471     
   10.9798806000000       0.642841013077942       0.385100823400856     
   10.9934864000000       0.603068042624506       0.298826753308268     
   11.0070922000000       0.678277715531262       0.184350420164162     
   11.0206980000000       0.795361629961833       0.164133479917041     
   11.0343038000000       0.907668838748443       0.229548351249990     
   11.0479096000000       0.858008597909641       0.404695932862864     
   11.0615154000000       0.722529902730306       0.274902734668778     
   11.0751212000000       0.830678182658233       0.186457940821624     
   11.0887270000000       0.951916437300574       0.236115214833526     
   11.1023328000000       0.910404798624238       0.401662269749689     
   11.1159386000000       0.762130009716844       0.284184502444175     
   11.1295444000000       0.845094841810960       0.180592356679797     
   11.1431502000000       0.928796881281671       0.167968889099116     
   11.1567560000000       0.968033431284982       0.160662259745366     
   11.1703618000000        1.04697003597335       0.143495818712720     
   11.1839676000000        1.12336807293532       0.154043205439680     
   11.1975734000000        1.21493151564260       0.175027013723187     
   11.2111792000000        1.33469956676466       0.238121402254005     
   11.2247850000000        1.39234911459355       0.443276525984244     
   11.2383908000000        1.20869936174621       0.471046973924544     
   11.2519966000000        1.26119446619950       0.416794855810473     
   11.2656024000000        1.28393670733161       0.379444307005172     
   11.2792082000000        1.43055255688661       0.349251145887175     
   11.2928140000000        1.67535993364605       0.444443004910129     
   11.3064198000000        1.87629222987580       0.881494059037742     
   11.3200256000000        1.29197375074297        1.34407928755274     
   11.3336314000000       0.981058696232212       0.868897394460254     
   11.3472372000000        1.20382834006657       0.738566779522831     
   11.3608430000000        1.13684560827650       0.711250703909770     
   11.3744488000000        1.34321140407364       0.524987600096407     
   11.3880546000000        1.64206650112158       0.586671308231996     
   11.4016604000000        1.89520671071620       0.695647230835790     
   11.4152662000000        2.34719128491900        1.03825673762057     
   11.4288720000000        2.52279624040202        2.02119153372293     
   11.4424778000000        1.27065327014713        2.47052824913710     
   11.4560836000000        1.52084419322166        1.76267888548161     
   11.4696894000000        2.44414981384632        2.66289444985135     
   11.4832952000000       0.891974538339000        5.44167342179627     
   11.4969010000000       -2.39556786010430        3.33736973925104     
   11.5105068000000       -1.91433873148693        1.41308391574789     
   11.5241126000000       -1.23697036865336       0.760009969315434     
   11.5377184000000      -0.747516695713555       0.555368311172254     
   11.5513242000000      -0.486614024658582       0.574718109807213     
   11.5649300000000      -0.418127730161431       0.474465051547657     
   11.5785358000000      -0.273273801355527       0.380753977335134     
   11.5921416000000      -0.147422510677854       0.349227658153578     
   11.6057474000000      -3.771161817091628E-002  0.283148898697501     
   11.6193532000000       9.331404365728035E-002  0.324919146327006     
   11.6329590000000       7.497888044689482E-002  0.324871755756621     
   11.6465648000000       0.154462443513707       0.267408837607282     
   11.6601706000000       0.235914651697899       0.250645944172741     
   11.6737764000000       0.333344328075016       0.296418704539188     
   11.6873822000000       0.350770184259363       0.364269657692567     
   11.7009880000000       0.255110495965307       0.429061927131175     
   11.7145938000000       0.232419726133521       0.276098261618381     
   11.7281996000000       0.326227628982783       0.233180600740947     
   11.7418054000000       0.381966995977046       0.235152556549255     
   11.7554112000000       0.436819327664752       0.217295065267040     
   11.7690170000000       0.529157152135547       0.289708317882821     
   11.7826228000000       0.413696320407827       0.369192645354320     
   11.7962286000000       0.402355331146867       0.237142145985557     
   11.8098344000000       0.512869044693241       0.196681528285365     
   11.8234402000000       0.594138871731463       0.273327975965260     
   11.8370460000000       0.572917990843098       0.309912333896483     
   11.8506518000000       0.557308807852592       0.358062866836901     
   11.8642576000000       0.551122519700300       0.311383944527723     
   11.8778634000000       0.603926127781633       0.366974415968088     
   11.8914692000000       0.566164129764855       0.419081980892898     
   11.9050750000000       0.409296998171195       0.469908914777895     
   11.9186808000000       0.365804133495536       0.261948640423515     
   11.9322866000000       0.476790088717290       0.185003260054785     
   11.9458924000000       0.581330492810326       0.210765090368343     
   11.9594982000000       0.558249018547949       0.341611398593819     
   11.9731040000000       0.439064694682200       0.250713698437869     
   11.9867098000000       0.467512290502920       0.158430970604724     
   12.0003156000000       0.535115685460741       9.937671405782240E-002
   12.0139214000000       0.609072033037826       8.502726484702412E-002
   12.0275272000000       0.674497759179145       0.104729892147838     
   12.0411330000000       0.691853616704768       0.161054362727527     
   12.0547388000000       0.649027396977501       0.147877398888820     
   12.0683446000000       0.673280564443455       8.943516897262302E-002
   12.0819504000000       0.729637814062531       6.458334352002920E-002
   12.0955562000000       0.784723319616787       5.953476654805485E-002
   12.1091620000000       0.836727618552142       6.422890747221699E-002
   12.1227678000000       0.892098630841606       7.525428995911128E-002
   12.1363736000000       0.943998143264173       0.112493732602023     
   12.1499794000000       0.946153668907544       0.139744535256697     
   12.1635852000000       0.986397207375689       0.111735948354671     
   12.1771910000000        1.07221685533804       0.116128183432619     
   12.1907968000000        1.17172248132453       0.151678131439336     
   12.2044026000000        1.27664178264539       0.231326073362974     
   12.2180084000000        1.38563190181597       0.326941079969635     
   12.2316142000000        1.60539808563439       0.538642083399048     
   12.2452200000000        1.68349874470695        1.25823855940029     
   12.2588258000000       0.462406301161772        1.65842038751131     
   12.2724316000000       0.159089725691310       0.757921339196822     
   12.2860374000000       0.408716520989448       0.447173252488359     
   12.2996432000000       0.565181835918522       0.357471957287960     
   12.3132490000000       0.739924277649388       0.352951743115703     
   12.3268548000000       0.814270511030430       0.499452392407845     
   12.3404606000000       0.714488339353007       0.646208339818680     
   12.3540664000000       0.493104180119766       0.569139618846585     
   12.3676722000000       0.463609831752779       0.342131539575144     
   12.3812780000000       0.596089792235125       0.216364832607717     
   12.3948838000000       0.731306651889048       0.203396322994627     
   12.4084896000000       0.843885899343855       0.237523326422259     
   12.4220954000000       0.954789638292713       0.351933788442900     
   12.4357012000000       0.913618664928796       0.574615574033661     
   12.4493070000000       0.686537743772699       0.703565158083842     
   12.4629128000000       0.407529035275133       0.451731747576386     
   12.4765186000000       0.521116604632088       0.233971848644214     
   12.4901244000000       0.630658000125499       0.199982487229192     
   12.5037302000000       0.668019047254364       0.159003050307451     
   12.5173360000000       0.754727745381108       0.122903458094526     
   12.5309418000000       0.836875571943035       0.123812946619002     
   12.5445476000000       0.925379744324789       0.149358178728449     
   12.5581534000000        1.00967852015579       0.221600964015567     
   12.5717592000000        1.00762943950749       0.384162355013831     
   12.5853650000000       0.849860427038325       0.391182748480523     
   12.5989708000000       0.892507490905111       0.335800679560703     
   12.6125766000000       0.796593224626372       0.384176700681640     
   12.6261824000000       0.794509406426865       0.216380164054486     
   12.6397882000000       0.916995894771466       0.157157166911189     
   12.6533940000000        1.04349134807934       0.172475884483930     
   12.6669998000000        1.15451214684668       0.238206508598880     
   12.6806056000000        1.30168747218350       0.376238957035376     
   12.6942114000000        1.29336896914790       0.728101310378010     
   12.7078172000000       0.985458568055394       0.898840766752771     
   12.7214230000000       0.643380443130455       0.924688274145761     
   12.7350288000000       0.364483008862536       0.589105887515298     
   12.7486346000000       0.466701935463350       0.286767152042066     
   12.7622404000000       0.615468653263536       0.171987025341981     
   12.7758462000000       0.740274941560944       0.138331668485095     
   12.7894520000000       0.839549684750465       0.155343831736455     
   12.8030578000000       0.861240693184162       0.218171942794592     
   12.8166636000000       0.838213211779552       0.173947572095086     
   12.8302694000000       0.900154725215961       0.124479879231019     
   12.8438752000000       0.969244649457973       0.114308239260574     
   12.8574810000000        1.04154355627726       0.112884396937504     
   12.8710868000000        1.12672911173761       0.147254047969161     
   12.8846926000000        1.15394042539090       0.214894298843056     
   12.8982984000000        1.18615212911653       0.210696254225279     
   12.9119042000000        1.29548860770578       0.251882606686941     
   12.9255100000000        1.40657267536001       0.438028109094982     
   12.9391158000000        1.19967817682651       0.770140957348947     
   12.9527216000000       0.811194953632135       0.537702445680841     
   12.9663274000000       0.906910133534867       0.268024699342283     
   12.9799332000000        1.06402657465702       0.188525619936168     
   12.9935390000000        1.20280905856882       0.200687304757053     
   13.0071448000000        1.26679597102053       0.241927580366276     
   13.0207506000000        1.37349248730973       0.233220981953337     
   13.0343564000000        1.53203524662281       0.306710375376484     
   13.0479622000000        1.60563407299649       0.523689967755771     
   13.0615680000000        1.51699067449443       0.507250151521823     
   13.0751738000000        1.77523924127975       0.504694900761528     
   13.0887796000000        2.07447029828474       0.840213899253136     
   13.1023854000000        2.18442560140228        1.34668473770821     
   13.1159912000000        1.96917073868821        2.59838615663431     
   13.1295970000000      -0.108827139417187        2.43723682953821     
   13.1432028000000      -0.167804277612108        1.20639961828039     
   13.1568086000000       0.140566083289851       0.854499722719866     
   13.1704144000000       0.281964716635590       0.708879831637931     
   13.1840202000000       0.376736776675517       0.643631143639727     
   13.1976260000000       0.390169890811865       0.526846166193204     
   13.2112318000000       0.505745903286319       0.448931522327043     
   13.2248376000000       0.551667198427130       0.394597703141782     
   13.2384434000000       0.642597795627373       0.309308748406709     
   13.2520492000000       0.794045224328461       0.253181476733334     
   13.2656550000000       0.998380905091726       0.283776141901293     
   13.2792608000000        1.22397488650866       0.479383580493313     
   13.2928666000000        1.16544442339233        1.00608803612042     
   13.3064724000000       0.556431965244584       0.900908860169653     
   13.3200782000000       0.646616037492644       0.666169137328652     
   13.3336840000000       0.546606925270969       0.735567586450998     
   13.3472898000000       0.420463087752172       0.462260195312148     
   13.3608956000000       0.575304598494099       0.282087383581152     
   13.3745014000000       0.738984870948986       0.246319251919328     
   13.3881072000000       0.860365511130634       0.303216709302591     
   13.4017130000000       0.824740708302643       0.361091195526471     
   13.4153188000000       0.859777516138195       0.288162149346763     
   13.4289246000000       0.957730392462243       0.259400534893385     
   13.4425304000000        1.08456479277750       0.260290476661778     
   13.4561362000000        1.27978390460492       0.367229499018740     
   13.4697420000000        1.35786852988618       0.774306007575130     
   13.4833478000000       0.769157382735153       0.902405785260799     
   13.4969536000000       0.709074108160910       0.458693385523943     
   13.5105594000000       0.935781501740485       0.306233763260570     
   13.5241652000000        1.15593223994972       0.334993622687773     
   13.5377710000000        1.26801973409650       0.449871581151798     
   13.5513768000000        1.45350534397163       0.522996144026848     
   13.5649826000000        1.66335455316529       0.876838976674809     
   13.5785884000000        1.52275822361473        1.51804995026186     
   13.5921942000000       0.739842806581672        1.52417786499823     
   13.6058000000000       0.575569275221503        1.42936804563793     
