 #Independent Particle F
 #Numkpts,nspin=         216           1
 #spin=           1
 #Number of BSE conduction states=           3
 #Number of BSE valence          states=           8
 #Total number of val/cond states=           6           6
 #Gaussian broadening= F
 #If not Gaussian broadening then Lorentzian
 #Broadenings=  1.000000000000000E-003  1.000000000000000E-003
 #LDA energies used as N.L. potential correction in BSE program and NOT lmf F
 #direction of q-vector=
 #  0.000000000000000E+000  0.000000000000000E+000   1.00000000000000     
 #Energy(eV),Real(eps),Imag(eps)
  0.000000000000000E+000   2.09167274165742       2.046680253410251E-003
  1.360580000000000E-002   2.09167727055120       2.046715365977320E-003
  2.721160000000000E-002   2.09169085766475       2.046820711955369E-003
  4.081740000000000E-002   2.09171350429490       2.046996316184810E-003
  5.442320000000000E-002   2.09174521260394       2.047242220099818E-003
  6.802900000000001E-002   2.09178598562063       2.047558481778441E-003
  8.163480000000001E-002   2.09183582724214       2.047945176013228E-003
  9.524060000000001E-002   2.09189474223601       2.048402394402336E-003
  0.108846400000000        2.09196273624300       2.048930245461545E-003
  0.122452200000000        2.09203981578020       2.049528854757559E-003
  0.136058000000000        2.09212598824474       2.050198365062969E-003
  0.149663800000000        2.09222126191801       2.050938936533703E-003
  0.163269600000000        2.09232564597040       2.051750746909095E-003
  0.176875400000000        2.09243915046658       2.052633991735780E-003
  0.190481200000000        2.09256178637134       2.053588884615954E-003
  0.204087000000000        2.09269356555599       2.054615657480846E-003
  0.217692800000000        2.09283450080530       2.055714560890739E-003
  0.231298600000000        2.09298460582510       2.056885864362120E-003
  0.244904400000000        2.09314389525049       2.058129856723512E-003
  0.258510200000000        2.09331238465458       2.059446846501624E-003
  0.272116000000000        2.09349009055804       2.060837162338397E-003
  0.285721800000000        2.09367703043924       2.062301153441582E-003
  0.299327600000000        2.09387322274509       2.063839190069775E-003
  0.312933400000000        2.09407868690260       2.065451664054516E-003
  0.326539200000000        2.09429344333136       2.067138989361044E-003
  0.340145000000000        2.09451751345652       2.068901602690230E-003
  0.353750800000000        2.09475091972293       2.070739964124218E-003
  0.367356600000000        2.09499368560992       2.072654557818476E-003
  0.380962400000000        2.09524583564700       2.074645892743244E-003
  0.394568200000000        2.09550739543075       2.076714503477408E-003
  0.408174000000000        2.09577839164242       2.078860951058876E-003
  0.421779800000000        2.09605885206674       2.081085823894739E-003
  0.435385600000000        2.09634880561182       2.083389738735826E-003
  0.448991400000000        2.09664828233025       2.085773341720074E-003
  0.462597200000000        2.09695731344139       2.088237309489837E-003
  0.476203000000000        2.09727593135497       2.090782350388558E-003
  0.489808800000000        2.09760416969620       2.093409205742916E-003
  0.503414600000000        2.09794206333218       2.096118651236911E-003
  0.517020400000000        2.09828964839998       2.098911498385273E-003
  0.530626200000000        2.09864696233638       2.101788596113754E-003
  0.544232000000000        2.09901404390938       2.104750832455350E-003
  0.557837800000000        2.09939093325151       2.107799136371815E-003
  0.571443600000000        2.09977767189537       2.110934479710715E-003
  0.585049400000000        2.10017430281103       2.114157879309786E-003
  0.598655200000000        2.10058087044597       2.117470399261013E-003
  0.612261000000000        2.10099742076739       2.120873153348626E-003
  0.625866800000000        2.10142400130718       2.124367307675900E-003
  0.639472600000000        2.10186066120966       2.127954083498274E-003
  0.653078400000000        2.10230745128252       2.131634760280968E-003
  0.666684200000000        2.10276442405084       2.135410679002290E-003
  0.680290000000000        2.10323163381483       2.139283245725245E-003
  0.693895800000000        2.10370913671127       2.143253935463015E-003
  0.707501600000000        2.10419699077907       2.147324296366653E-003
  0.721107400000000        2.10469525602934       2.151495954266301E-003
  0.734713200000000        2.10520399452019       2.155770617600814E-003
  0.748319000000000        2.10572327043684       2.160150082775029E-003
  0.761924800000000        2.10625315017730       2.164636239987834E-003
  0.775530600000000        2.10679370244432       2.169231079580078E-003
  0.789136400000000        2.10734499834388       2.173936698955983E-003
  0.802742200000000        2.10790711149111       2.178755310139962E-003
  0.816348000000000        2.10848011812419       2.183689248036627E-003
  0.829953800000000        2.10906409722675       2.188740979470866E-003
  0.843559600000000        2.10965913066002       2.193913113095117E-003
  0.857165400000000        2.11026530330527       2.199208410260973E-003
  0.870771200000000        2.11088270321769       2.204629796965627E-003
  0.884377000000000        2.11151142179288       2.210180376998180E-003
  0.897982800000000        2.11215155394718       2.215863446426768E-003
  0.911588600000000        2.11280319831310       2.221682509587789E-003
  0.925194400000000        2.11346645745175       2.227641296759527E-003
  0.938800200000000        2.11414143808378       2.233743783728590E-003
  0.952406000000000        2.11482825134087       2.239994213486911E-003
  0.966011800000000        2.11552701304015       2.246397120331875E-003
  0.979617600000000        2.11623784398391       2.252957356680984E-003
  0.993223400000000        2.11696087028765       2.259680122960200E-003
   1.00682920000000        2.11769622373956       2.266571000978920E-003
   1.02043500000000        2.11844404219525       2.273635991267636E-003
   1.03404080000000        2.11920447001189       2.280881554930778E-003
   1.04764660000000        2.11997765852649       2.288314660653055E-003
   1.06125240000000        2.12076376658392       2.295942837604223E-003
   1.07485820000000        2.12156296112084       2.303774235108005E-003
   1.08846400000000        2.12237541781281       2.311817690088958E-003
   1.10206980000000        2.12320132179286       2.320082803484119E-003
   1.11567560000000        2.12404086845097       2.328580027015892E-003
   1.12928140000000        2.12489426432580       2.337320761970816E-003
   1.14288720000000        2.12576172810112       2.346317471930624E-003
   1.15649300000000        2.12664349172241       2.355583811763754E-003
   1.17009880000000        2.12753980165036       2.365134775625317E-003
   1.18370460000000        2.12845092027243       2.374986867247858E-003
   1.19731040000000        2.12937712749577       2.385158296457368E-003
   1.21091620000000        2.13031872255028       2.395669206649213E-003
   1.22452200000000        2.13127602603464       2.406541938943433E-003
   1.23812780000000        2.13224938224540       2.417801339957358E-003
   1.25173360000000        2.13323916183579       2.429475121644964E-003
   1.26533940000000        2.13424576486101       2.441594283545508E-003
   1.27894520000000        2.13526962427748       2.454193610151205E-003
   1.29255100000000        2.13631120997745       2.467312259098153E-003
   1.30615680000000        2.13737103345813       2.480994459679768E-003
   1.31976260000000        2.13844965324524       2.495290346023866E-003
   1.33336840000000        2.13954768121804       2.510256955497112E-003
   1.34697420000000        2.14066579001669       2.525959430935468E-003
   1.36058000000000        2.14180472175516       2.542472475761320E-003
   1.37418580000000        2.14296529831735       2.559882124756432E-003
   1.38779160000000        2.14414843358408       2.578287911365767E-003
   1.40139740000000        2.14535514802801       2.597805536516254E-003
   1.41500320000000        2.14658658623115       2.618570176305907E-003
   1.42860900000000        2.14784403803314       2.640740609791492E-003
   1.44221480000000        2.14912896422142       2.664504408133548E-003
   1.45582060000000        2.15044302794605       2.690084509355361E-003
   1.46942640000000        2.15178813340739       2.717747619000427E-003
   1.48303220000000        2.15316647386308       2.747815041105061E-003
   1.49663800000000        2.15458059168593       2.780676779069667E-003
   1.51024380000000        2.15603345416113       2.816810087603066E-003
   1.52384960000000        2.15752855005877       2.856804160528798E-003
   1.53745540000000        2.15907001394975       2.901393393779008E-003
   1.55106120000000        2.16066278803739       2.951502813395098E-003
   1.56466700000000        2.16231283542063       3.008311046554638E-003
   1.57827280000000        2.16402742493329       3.073339052181484E-003
   1.59187860000000        2.16581551725301       3.148577439439399E-003
   1.60548440000000        2.16768829693210       3.236672890750641E-003
   1.61909020000000        2.16965991899473       3.341207397573126E-003
   1.63269600000000        2.17174857825436       3.467127395089561E-003
   1.64630180000000        2.17397807649605       3.621422857078407E-003
   1.65990760000000        2.17638018002369       3.814238786618352E-003
   1.67351340000000        2.17899827328371       4.060767236966629E-003
   1.68711920000000        2.18189321766023       4.384620600177348E-003
   1.70072500000000        2.18515312238267       4.824188819103691E-003
   1.71433080000000        2.18891038775491       5.445458267875096E-003
   1.72793660000000        2.19337295333554       6.370130319465915E-003
   1.74154240000000        2.19888448835159       7.844278627978414E-003
   1.75514820000000        2.20604281423013       1.043103550116921E-002
   1.76875400000000        2.21589257357708       1.565782031532799E-002
   1.78235980000000        2.22946553135002       2.863362287627148E-002
   1.79596560000000        2.23432502175661       6.388277505574355E-002
   1.80957140000000        2.20034086441523       7.645717448555799E-002
   1.82317720000000        2.20349169328050       9.134808060016814E-002
   1.83678300000000        2.13306950138464       0.111206540407108     
   1.85038880000000        2.11449516253006       4.835028943955134E-002
   1.86399460000000        2.13179595171599       2.306392337693922E-002
   1.87760040000000        2.14510835759835       1.392171043401903E-002
   1.89120620000000        2.15444298034206       9.809756417986468E-003
   1.90481200000000        2.16139699060818       7.637709712086067E-003
   1.91841780000000        2.16690695425961       6.357933888803981E-003
   1.93202360000000        2.17149471509585       5.543818182855840E-003
   1.94562940000000        2.17546480484292       4.996223384136297E-003
   1.95923520000000        2.17900479588345       4.612203915387487E-003
   1.97284100000000        2.18223594840051       4.334204365772784E-003
   1.98644680000000        2.18523995998179       4.127995375689978E-003
   2.00005260000000        2.18807383683471       3.972178885118718E-003
   2.01365840000000        2.19077856403262       3.852817313694985E-003
   2.02726420000000        2.19338437769689       3.760514876894611E-003
   2.04087000000000        2.19591409098269       3.688749964691934E-003
   2.05447580000000        2.19838526079114       3.632881019393813E-003
   2.06808160000000        2.20081163959678       3.589531938168430E-003
   2.08168740000000        2.20320417272129       3.556199925184125E-003
   2.09529320000000        2.20557169862676       3.530998268891642E-003
   2.10889900000000        2.20792145042818       3.512483455050916E-003
   2.12250480000000        2.21025942144231       3.499536416175899E-003
   2.13611060000000        2.21259063591066       3.491279366488438E-003
   2.14971640000000        2.21491935241401       3.487016531712428E-003
   2.16332220000000        2.21724921874187       3.486191234986036E-003
   2.17692800000000        2.21958339123743       3.488354375471181E-003
   2.19053380000000        2.22192462779803       3.493140969519030E-003
   2.20413960000000        2.22427536109996       3.500252481256172E-003
   2.21774540000000        2.22663775681091       3.509443366283396E-003
   2.23135120000000        2.22901376028839       3.520510719414410E-003
   2.24495700000000        2.23140513436226       3.533286235607571E-003
   2.25856280000000        2.23381349015259       3.547629913127576E-003
   2.27216860000000        2.23624031240243       3.563425081959451E-003
   2.28577440000000        2.23868698045866       3.580574449677966E-003
   2.29938020000000        2.24115478577532       3.598996935292196E-003
   2.31298600000000        2.24364494662144       3.618625118379079E-003
   2.32659180000000        2.24615862052761       3.639403172420291E-003
   2.34019760000000        2.24869691489465       3.661285182024967E-003
   2.35380340000000        2.25126089610124       3.684233766682205E-003
   2.36740920000000        2.25385159738053       3.708218950968272E-003
   2.38101500000000        2.25647002568421       3.733217234245018E-003
   2.39462080000000        2.25911716771106       3.759210822912708E-003
   2.40822660000000        2.26179399524551       3.786186996002048E-003
   2.42183240000000        2.26450146992542       3.814137580880974E-003
   2.43543820000000        2.26724054753805       3.843058520533048E-003
   2.44904400000000        2.27001218192773       3.872949517544114E-003
   2.46264980000000        2.27281732858389       3.903813742850557E-003
   2.47625560000000        2.27565694796921       3.935657599627135E-003
   2.48986140000000        2.27853200863835       3.968490534562091E-003
   2.50346720000000        2.28144349019066       4.002324890280647E-003
   2.51707300000000        2.28439238609553       4.037175793914948E-003
   2.53067880000000        2.28737970642356       4.073061077842100E-003
   2.54428460000000        2.29040648051440       4.110001229465311E-003
   2.55789040000000        2.29347375960844       4.148019367639093E-003
   2.57149620000000        2.29658261946807       4.187141243966795E-003
   2.58510200000000        2.29973416301232       4.227395267751239E-003
   2.59870780000000        2.30292952298834       4.268812553882379E-003
   2.61231360000000        2.30616986470201       4.311426993413236E-003
   2.62591940000000        2.30945638883033       4.355275347028961E-003
   2.63952520000000        2.31279033433888       4.400397362066709E-003
   2.65313100000000        2.31617298152787       4.446835914212985E-003
   2.66673680000000        2.31960565523250       4.494637175511676E-003
   2.68034260000000        2.32308972820423       4.543850810873420E-003
   2.69394840000000        2.32662662470322       4.594530205915446E-003
   2.70755420000000        2.33021782433419       4.646732729705877E-003
   2.72116000000000        2.33386486616271       4.700520036873237E-003
   2.73476580000000        2.33756935315354       4.755958414618451E-003
   2.74837160000000        2.34133295697860       4.813119181489829E-003
   2.76197740000000        2.34515742324996       4.872079146437569E-003
   2.77558320000000        2.34904457724235       4.932921138743528E-003
   2.78918900000000        2.35299633018153       4.995734622092251E-003
   2.80279480000000        2.35701468618930       5.060616409474526E-003
   2.81640060000000        2.36110174999442       5.127671500098662E-003
   2.83000640000000        2.36525973554225       5.197014065376200E-003
   2.84361220000000        2.36949097566570       5.268768618901919E-003
   2.85721800000000        2.37379793301927       5.343071415911828E-003
   2.87082380000000        2.37818321252839       5.420072142090388E-003
   2.88442960000000        2.38264957567361       5.499935971410718E-003
   2.89803540000000        2.38719995701864       5.582846100337218E-003
   2.91164120000000        2.39183748351225       5.669006904795725E-003
   2.92524700000000        2.39656549725998       5.758647922330702E-003
   2.93885280000000        2.40138758269142       5.852028943387599E-003
   2.95245860000000        2.40630759937291       5.949446616207087E-003
   2.96606440000000        2.41132972217866       6.051243151187651E-003
   2.97967020000000        2.41645849120691       6.157817988623870E-003
   2.99327600000000        2.42169887482477       6.269643728700171E-003
   3.00688180000000        2.42705635073048       6.387288318351337E-003
   3.02048760000000        2.43253701224104       6.511446629777092E-003
   3.03409340000000        2.43814771067167       6.642986484703888E-003
   3.04769920000000        2.44389625058719       6.783017507002363E-003
   3.06130500000000        2.44979166453783       6.932997153901539E-003
   3.07491080000000        2.45584461073714       7.094899383705369E-003
   3.08851660000000        2.46206796699606       7.271492990782177E-003
   3.10212240000000        2.46847774914976       7.466820627676544E-003
   3.11572820000000        2.47509458750638       7.687064433321004E-003
   3.12933400000000        2.48194620594775       7.942202883771267E-003
   3.14293980000000        2.48907179179197       8.249408525408623E-003
   3.15654560000000        2.49653011637165       8.640628863029957E-003
   3.17015140000000        2.50441542721566       9.181378680349784E-003
   3.18375720000000        2.51288936682317       1.002400680049729E-002
   3.19736300000000        2.52223624139596       1.158681279116994E-002
   3.21096880000000        2.53278826430167       1.528290194039178E-002
   3.22457460000000        2.54173694714664       2.600502535058214E-002
   3.23818040000000        2.53133105437363       3.297137134372188E-002
   3.25178620000000        2.53459288601937       1.968036920649994E-002
   3.26539200000000        2.54685959075837       1.537072981464509E-002
   3.27899780000000        2.55805578928770       1.636036830422701E-002
   3.29260360000000        2.56427715624659       1.677610460680050E-002
   3.30620940000000        2.57408907355378       1.368865409878657E-002
   3.31981520000000        2.58557883175745       1.279894634531591E-002
   3.33342100000000        2.59722010576158       1.284590885736663E-002
   3.34702680000000        2.60921603410603       1.339815474299677E-002
   3.36063260000000        2.62188041537670       1.460478958591994E-002
   3.37423840000000        2.63542949914553       1.748619855685195E-002
   3.38784420000000        2.64679288347572       2.513244270888744E-002
   3.40145000000000        2.64824047823361       2.563912092521922E-002
   3.41505580000000        2.66096521119442       1.977109977659594E-002
   3.42866160000000        2.67582199579478       1.912503681052675E-002
   3.44226740000000        2.69046120216954       1.818548485403347E-002
   3.45587320000000        2.70689238268401       1.801157107964836E-002
   3.46947900000000        2.72408638864396       1.861002114680552E-002
   3.48308480000000        2.74216791597912       1.959516756601909E-002
   3.49669060000000        2.76139784303878       2.088633523104542E-002
   3.51029640000000        2.78206175537393       2.250985822619839E-002
   3.52390220000000        2.80450746512378       2.456319136161198E-002
   3.53750800000000        2.82920410551463       2.724468598000871E-002
   3.55111380000000        2.85684115960491       3.096531328425434E-002
   3.56471960000000        2.88850509613175       3.670065828959151E-002
   3.57832540000000        2.92581048246927       4.728789615889176E-002
   3.59193120000000        2.96771244863584       7.201312859493490E-002
   3.60553700000000        2.98972015813513       0.121698451054448     
   3.61914280000000        2.95622236594614       0.125077303274447     
   3.63274860000000        2.99871461308821       8.657024159404836E-002
   3.64635440000000        3.06717563371399       8.711080556347024E-002
   3.65996020000000        3.12913840339524       0.113264640047947     
   3.67356600000000        3.18742330489111       0.120197335689463     
   3.68717180000000        3.28847106207551       0.134807084846461     
   3.70077760000000        3.42633191327917       0.178872261108653     
   3.71438340000000        3.61571527232221       0.276534530732591     
   3.72798920000000        3.87514856000052       0.504196968773828     
   3.74159500000000        4.17338203227434        1.10393943581640     
   3.75520080000000        3.40604626855955        2.33032988909649     
   3.76880660000000        2.21114438977576        1.51926348625441     
   3.78241240000000        2.33738348608899        1.01873772797850     
   3.79601820000000        2.43703840986560       0.775665395421891     
   3.80962400000000        2.75354798165997       0.789044768405257     
   3.82322980000000        2.56610958932112        1.32450623551572     
   3.83683560000000        1.93650887233727       0.912166697239105     
   3.85044140000000        2.05257232837904       0.445574865802835     
   3.86404720000000        2.28167015918017       0.272528957647615     
   3.87765300000000        2.44309693906434       0.243174881194344     
   3.89125880000000        2.52717331837117       0.195478332022040     
   3.90486460000000        2.65750994356657       0.152856756548751     
   3.91847040000000        2.78946880294309       0.149585110954394     
   3.93207620000000        2.91675703511346       0.165269050974131     
   3.94568200000000        3.05518087977367       0.192811962574915     
   3.95928780000000        3.23688706732983       0.246588642288684     
   3.97289360000000        3.47420673951044       0.387344951251326     
   3.98649940000000        3.75028325800682       0.700544642054968     
   4.00010520000000        3.98172469844824        1.51146766263492     
   4.01371100000000        2.58362921072899        2.51345180443888     
   4.02731680000000        1.81419506421576        1.25581548536645     
   4.04092260000000        2.20791965120647       0.786963534629063     
   4.05452840000000        2.46961880371575       0.856952201290224     
   4.06813420000000        2.17506461326894        1.02309529630172     
   4.08174000000000        2.08165185284394       0.666446201832084     
   4.09534580000000        2.15122115895897       0.431600741173481     
   4.10895160000000        2.33847806770148       0.272555450628288     
   4.12255740000000        2.53566883099103       0.223702805730902     
   4.13616320000000        2.72736686564602       0.247513183708853     
   4.14976900000000        2.88993461937354       0.387997046468538     
   4.16337480000000        2.81207605600782       0.577536619029300     
   4.17698060000000        2.72023333433479       0.458791800497824     
   4.19058640000000        2.85351806340321       0.345452524858300     
   4.20419220000000        3.05944280695745       0.352868049404361     
   4.21779800000000        3.29665965900425       0.431659319962464     
   4.23140380000000        3.60388348455143       0.701950281063508     
   4.24500960000000        3.74343715603871        1.39229566502256     
   4.25861540000000        2.90459619485725        1.97126052709288     
   4.27222120000000        2.61113400930102        1.48229315731054     
   4.28582700000000        2.45885717713508        1.93118076696098     
   4.29943280000000        1.53338883014006        1.33527342548684     
   4.31303860000000        1.78119289165138       0.634717154235427     
   4.32664440000000        2.13204594456772       0.419323774035848     
   4.34025020000000        2.39178599441607       0.400604349631638     
   4.35385600000000        2.54955430497176       0.427418003402275     
   4.36746180000000        2.65738063077079       0.464547642263789     
   4.38106760000000        2.83145472066000       0.438333041262400     
   4.39467340000000        3.08199296163059       0.596557183396994     
   4.40827920000000        3.23582770187298       0.898675890892620     
   4.42188500000000        3.18659650552102        1.46265139058142     
   4.43549080000000        2.48289090505886        1.57881226391643     
   4.44909660000000        2.42093385380070        1.37579833444677     
   4.46270240000000        1.98691857654895        1.44744683724274     
   4.47630820000000        1.86893094929790       0.880862094913125     
   4.48991400000000        2.05482039171856       0.661135514955981     
   4.50351980000000        2.21572292951698       0.590792034978163     
   4.51712560000000        2.30474315517646       0.535203626643299     
   4.53073140000000        2.42471250048360       0.506149729517441     
   4.54433720000000        2.58344233182662       0.575475435479129     
   4.55794300000000        2.49968178415493       0.647119550844258     
   4.57154880000000        2.58638686879858       0.538723849601523     
   4.58515460000000        2.76393855749454       0.622112924722185     
   4.59876040000000        2.84584840060502       0.772793812601095     
   4.61236620000000        2.72353770857382        1.09776283300473     
   4.62597200000000        2.38300142504751       0.993305344296827     
   4.63957780000000        2.41618988695464       0.776669276780748     
   4.65318360000000        2.54036330229250       0.852021732065227     
   4.66678940000000        2.29174102554199       0.880229097740352     
   4.68039520000000        2.29201373032760       0.580429218631038     
   4.69400100000000        2.49293108739262       0.496997471474458     
   4.70760680000000        2.55710642642679       0.481734078668996     
   4.72121260000000        2.73494314086409       0.419440450663972     
   4.73481840000000        2.97020571863711       0.550635930790257     
   4.74842420000000        2.99067448200740       0.823258742443676     
   4.76203000000000        2.82155907337827        1.01290536196375     
   4.77563580000000        2.55809958940251       0.894416837013984     
   4.78924160000000        2.60561697156747       0.656311047333469     
   4.80284740000000        2.80590481923906       0.547322923242728     
   4.81645320000000        3.03959829626535       0.625307894707372     
   4.83005900000000        3.20979651309583       0.784092841686749     
   4.84366480000000        3.32462194636762        1.23891540863670     
   4.85727060000000        2.69047620972211        1.49835827929112     
   4.87087640000000        2.38879152468537        1.00425578001837     
   4.88448220000000        2.67613842724608       0.651942125365387     
   4.89808800000000        2.97516386746478       0.647463611533755     
   4.91169380000000        3.28600083682064       0.710553012619708     
   4.92529960000000        3.60834255812008        1.09593209800148     
   4.93890540000000        3.22850948080554        1.64576866021503     
   4.95251120000000        3.06692260427875        1.36513035212459     
   4.96611700000000        3.15209446977724        1.35298085525251     
   4.97972280000000        3.45699873731949        1.39400107648564     
   4.99332860000000        3.80798335428319        1.84985945564398     
   5.00693440000000        3.90004092889808        3.04503416991728     
   5.02054020000000        1.93037088175736        3.57090866669302     
   5.03414600000000        1.66127540144031        2.58185815926247     
   5.04775180000000        1.23692793972880        2.60592352606958     
   5.06135760000000       0.828183707750733        1.67975972339317     
   5.07496340000000        1.20820886943925        1.18419475455608     
   5.08856920000000        1.43551371257061       0.963791121723954     
   5.10217500000000        1.68321008298028       0.988782442125339     
   5.11578080000000        1.55873968995612       0.796415720837308     
   5.12938660000000        1.85891824960619       0.522862236957315     
   5.14299240000000        2.21607858217417       0.530137825810762     
   5.15659820000000        2.40501431773953       0.676267132011196     
   5.17020400000000        2.63234844447643       0.787692813500817     
   5.18380980000000        2.72970430139578        1.24902994594306     
   5.19741560000000        2.18279936136178        1.48903894682313     
   5.21102140000000        1.98742272161417       0.989973223954469     
   5.22462720000000        2.24460091934299       0.751702057928180     
   5.23823300000000        2.55137262957507       0.667222093731251     
   5.25183880000000        2.95883407364747       0.780140596122959     
   5.26544460000000        3.37425377475399        1.14436697633728     
   5.27905040000000        3.59060777357921        2.21815834398886     
   5.29265620000000        2.22630633703096        2.75029176324391     
   5.30626200000000        1.86163538440168        2.29566791586387     
   5.31986780000000        1.38466763294951        2.06969723135584     
   5.33347360000000        1.47791533275867        1.61500005654815     
   5.34707940000000        1.36146422493088        1.45215186927087     
   5.36068520000000        1.58663622621023        1.37446651308824     
   5.37429100000000        1.22383281507252        1.34809838877865     
   5.38789680000000        1.24082629258515       0.810845544306584     
   5.40150260000000        1.63969369170514       0.594019076822458     
   5.41510840000000        1.95546669687181       0.719850010479827     
   5.42871420000000        1.97794666012625       0.969395541093451     
   5.44232000000000        1.80750839180018       0.898696526017349     
   5.45592580000000        1.96876809034904       0.836970940836438     
   5.46953160000000        1.87522935057716       0.996547596241531     
   5.48313740000000        1.83868827945915       0.713019860348107     
   5.49674320000000        2.19712645170995       0.679172491073817     
   5.51034900000000        2.43126550233802        1.19092619547614     
   5.52395480000000        1.66537001411285        1.47931198198069     
   5.53756060000000        1.49545432905342        1.01783189604125     
   5.55116640000000        1.45397296079036       0.747028039848692     
   5.56477220000000        1.56075905154295       0.475155349945292     
   5.57837800000000        1.79201484937388       0.309390539944050     
   5.59198380000000        2.02821849552800       0.284971513113293     
   5.60558960000000        2.21081732859368       0.390945172978334     
   5.61919540000000        2.19506738030026       0.476115858189699     
   5.63280120000000        2.22030902128387       0.496278517780551     
   5.64640700000000        2.19842017076982       0.372657554102472     
   5.66001280000000        2.39129469048491       0.278867621667239     
   5.67361860000000        2.60740678600699       0.315411623064314     
   5.68722440000000        2.80356581883568       0.467370534385154     
   5.70083020000000        2.76264260277907       0.695834730266577     
   5.71443600000000        2.77272039007411       0.656863893546926     
   5.72804180000000        2.85788400884535       0.811206800698530     
   5.74164760000000        2.77198405157057       0.863007867125664     
   5.75525340000000        2.80509148091197       0.728908656567456     
   5.76885920000000        3.05115379715193       0.683503320826174     
   5.78246500000000        3.48670681848208       0.803824462759831     
   5.79607080000000        3.94521457856252        1.40954892930514     
   5.80967660000000        3.89441912979708        2.55997080425060     
   5.82328240000000        2.35568485384157        3.48919565703104     
   5.83688820000000        1.16789006688486        2.10029056192761     
   5.85049400000000        1.78035931994759        1.34198432075650     
   5.86409980000000        2.21187117712888        1.55634920976826     
   5.87770560000000        2.21331779568344        1.85508423522836     
   5.89131140000000        1.59184172163432        2.45965335922870     
   5.90491720000000       0.779942091075718        1.59363427384387     
   5.91852300000000       0.962861289047673       0.885611018557105     
   5.93212880000000        1.33987560788618       0.531487851244373     
   5.94573460000000        1.68043014371095       0.422671740682165     
   5.95934040000000        1.93762154689220       0.425720532220206     
   5.97294620000000        2.13275717607721       0.508162798774257     
   5.98655200000000        2.14997500893640       0.513975723780202     
   6.00015780000000        2.31994861082969       0.421948542460675     
   6.01376360000000        2.60102508413490       0.418222084298727     
   6.02736940000000        2.91510317576482       0.606528230766996     
   6.04097520000000        2.97708833235944       0.999120753589610     
   6.05458100000000        2.95276084298425       0.961135219511894     
   6.06818680000000        3.41787001104985        1.19552196703683     
   6.08179260000000        3.63300239258712        2.27362432624337     
   6.09539840000000        2.32492506598620        3.42117612084541     
   6.10900420000000       0.690840135528576        2.15969494199710     
   6.12261000000000        1.14558188748939        1.03395293868388     
   6.13621580000000        1.73837908568986       0.784399724667976     
   6.14982160000000        2.09797507522190       0.925851217946581     
   6.16342740000000        2.11844546129038       0.998192578585786     
   6.17703320000000        2.44337864986215       0.931215274686983     
   6.19063900000000        2.87926116097931        1.39760733175463     
   6.20424480000000        2.61977529405350        2.27361007518129     
   6.21785060000000        1.55594025113332        2.73773051887339     
   6.23145640000000       0.617052293239047        1.71083311617852     
   6.24506220000000       0.981288223074582       0.923252767294865     
   6.25866800000000        1.47518994433908       0.782668793786875     
   6.27227380000000        1.57347813869396        1.06458037540645     
   6.28587960000000        1.36526658843501       0.873903229208649     
   6.29948540000000        1.58624852820650       0.736267030477151     
   6.31309120000000        1.54785849175859       0.844268727556517     
   6.32669700000000        1.47137255347378       0.661918357830514     
   6.34030280000000        1.57024053026284       0.523823536860616     
   6.35390860000000        1.64603297505345       0.439266490089130     
   6.36751440000000        1.71528151106811       0.375165450581212     
   6.38112020000000        1.82464016197523       0.263274446676554     
   6.39472600000000        1.99140904443628       0.214996286723531     
   6.40833180000000        2.15734172725911       0.253964764942132     
   6.42193760000000        2.19906115722516       0.363451035560782     
   6.43554340000000        2.22856945880458       0.317899939141713     
   6.44914920000000        2.36811502813949       0.363051264186954     
   6.46275500000000        2.29025694978868       0.551875156943643     
   6.47636080000000        2.16643017833656       0.356548366969576     
   6.48996660000000        2.30506362544716       0.224017031125555     
   6.50357240000000        2.44122357341517       0.208300245854302     
   6.51717820000000        2.54599443924306       0.200650216011271     
   6.53078400000000        2.64601851667764       0.200638267206295     
   6.54438980000000        2.78038798725311       0.206796130987182     
   6.55799560000000        2.91430006396263       0.254778085915227     
   6.57160140000000        3.05985859607709       0.382954718564169     
   6.58520720000000        2.97355105142376       0.549098969419330     
   6.59881300000000        2.96176930514210       0.424116608693992     
   6.61241880000000        3.12464080772521       0.380488462466975     
   6.62602460000000        3.34305220934425       0.420299499519059     
   6.63963040000000        3.55441409619551       0.673265629585672     
   6.65323620000000        3.34573486270811       0.919533793498564     
   6.66684200000000        3.39831675789619       0.681124582634993     
   6.68044780000000        3.77818726110708       0.806188479962819     
   6.69405360000000        3.85408143191920        1.23199235376432     
   6.70765940000000        3.92589664587843        1.28478226655511     
   6.72126520000000        4.36423319630140        2.09016974280319     
   6.73487100000000        2.91755072163086        3.25631121271891     
   6.74847680000000        2.09658560311826        2.03853749120572     
   6.76208260000000        2.18705262140739        1.65026305998916     
   6.77568840000000        2.29241920168471        1.36323221792566     
   6.78929420000000        2.26232040979214        1.12027111518450     
   6.80290000000000        2.50440729007349       0.852267980796976     
   6.81650580000000        2.81139587730262       0.753851455924425     
   6.83011160000000        3.02911389061509       0.836803991125998     
   6.84371740000000        3.18364145706114       0.954838600525008     
   6.85732320000000        3.28400703151470        1.03286500761489     
   6.87092900000000        3.35482350425854        1.22497463032475     
   6.88453480000000        3.12727270531409        1.33070228629121     
   6.89814060000000        3.16056964195695        1.07551945885883     
   6.91174640000000        3.39886510189648        1.00556539550277     
   6.92535220000000        3.69761221778711        1.08440939650516     
   6.93895800000000        3.82700364913011        1.52371931969747     
   6.95256380000000        3.30030919135210        1.58632935769904     
   6.96616960000000        3.50479446399266        1.10081780908560     
   6.97977540000000        3.97826925920019        1.18148608621094     
   6.99338120000000        4.09930864235303        1.35170150542692     
   7.00698700000000        4.60565028869594        1.40513610322620     
   7.02059280000000        5.26778322130014        2.25410514684086     
   7.03419860000000        4.25990918929272        3.89414025312409     
   7.04780440000000        2.93054501028983        2.97461175235857     
   7.06141020000000        3.13398295064126        2.33189870200961     
   7.07501600000000        3.08134776244952        2.13203218485681     
   7.08862180000000        3.51752029035490        1.49706152313341     
   7.10222760000000        4.37507751964769        1.47974733089516     
   7.11583340000000        5.01945170512213        1.98584448348648     
   7.12943920000000        5.56582021487783        2.50914765258164     
   7.14304500000000        6.50551297564826        3.57783038139150     
   7.15665080000000        6.39215767126302        7.02821924549785     
   7.17025660000000       0.984711667711059        7.50631494323441     
   7.18386240000000       0.304133522191594        3.95600774125523     
   7.19746820000000        1.62024909073905        2.41392814401564     
   7.21107400000000        3.01265270828408        2.34285552425372     
   7.22467980000000        3.84650602249617        3.37609658399755     
   7.23828560000000        2.59058580410528        4.18452394802254     
   7.25189140000000        2.65352095127107        2.85417504408045     
   7.26549720000000        3.74538145509565        2.67915268241315     
   7.27910300000000        5.07877091519061        3.38778140253872     
   7.29270880000000        5.78751613592429        5.46963093561370     
   7.30631460000000        4.38524462985900        8.48578587187771     
   7.31992040000000       0.299062108472072        7.40790048302027     
   7.33352620000000        1.11167619505663        5.45682843787340     
   7.34713200000000        1.26188754325311        7.13046663528094     
   7.36073780000000       -1.13932299171019        5.74102589831949     
   7.37434360000000      -0.146396274967696        4.44047956564069     
   7.38794940000000       0.523082838563656        5.88323833864033     
   7.40155520000000       -2.66023906753830        5.45934312093417     
   7.41516100000000       -2.14604059503142        2.79338197763869     
   7.42876680000000      -0.679708682774366        2.19159570504511     
   7.44237260000000       0.243883986723452        2.98273601435858     
   7.45597840000000       -1.06189288029455        3.56954157431759     
   7.46958420000000       -1.17463086444178        1.99808747321318     
   7.48319000000000      -0.246916478389172        1.38886637857654     
   7.49679580000000       0.650995718024517        1.38172460093139     
   7.51040160000000        1.61646599789898        1.86135236120570     
   7.52400740000000        2.00586509985382        3.51349122677860     
   7.53761320000000      -0.103643766083979        4.37329202994942     
   7.55121900000000      -0.829875742788012        3.19604126676596     
   7.56482480000000      -0.735229265542118        2.26551031162320     
   7.57843060000000      -0.341837529448626        1.78008565827922     
   7.59203640000000       0.233748286806762        1.73338629128504     
   7.60564220000000       0.537678352442405        1.84459526376962     
   7.61924800000000       0.498422481558310        2.38801073056228     
   7.63285380000000       4.328563399539098E-002   2.02513397007086     
   7.64645960000000       0.454144112837277        1.65215079063516     
   7.66006540000000       0.955818637498138        1.96790361072576     
   7.67367120000000       0.752626809667649        2.68371826754619     
   7.68727700000000      -0.350002772478211        2.45181903651357     
   7.70088280000000      -0.229538876053881        1.46238904690359     
   7.71448860000000       0.378566446208639       0.998959448673718     
   7.72809440000000        1.08539410458719       0.960304177114170     
   7.74170020000000        1.81249414924810        1.21493018990883     
   7.75530600000000        2.65890557425028        2.08894346675346     
   7.76891180000000        2.34116733099005        4.49981030127717     
   7.78251760000000      -0.798764341682547        3.99130567709208     
   7.79612340000000      -0.504011243350391        2.41251270886133     
   7.80972920000000      -0.255701129792204        2.26939856519321     
   7.82333500000000      -0.218226879972635        2.06124953340210     
   7.83694080000000      -0.290521261136260        1.90423087853294     
   7.85054660000000      -0.255198705091841        1.52743276105470     
   7.86415240000000      -0.111108729084459        1.14217467218405     
   7.87775820000000       0.326017978359368       0.851636648533054     
   7.89136400000000       0.861266380712719       0.840771863504393     
   7.90496980000000        1.36347727463852        1.20825137836002     
   7.91857560000000        1.11100999596460        1.74125938558418     
   7.93218140000000        1.12056540454520        1.48912581563734     
   7.94578720000000        1.48764221009150        1.79709210748769     
   7.95939300000000       0.879608291379904        2.19564481723391     
   7.97299880000000       0.981402239678445        1.54931531130430     
   7.98660460000000        1.57366507482855        1.87252047438621     
   8.00021040000000        1.21456078997019        2.39872870187956     
   8.01381620000000       0.778417929182057        2.33835875008762     
   8.02742200000000       0.801953351635327        1.83470836504181     
   8.04102780000000        1.18958492251077        1.64842243744378     
   8.05463360000000        1.73782905784300        1.73050654761403     
   8.06823940000000        2.35781410295993        2.47585897625448     
   8.08184520000000        1.77197896150640        3.44958934565729     
   8.09545100000000        1.07182799008445        3.69733150711785     
   8.10905680000000        1.06654995362793        3.15884535322951     
   8.12266260000000        1.34362533221194        4.34038892093344     
   8.13626840000000       0.144740734965351        4.77927131795098     
   8.14987420000000       -1.90396093967492        5.07919634732482     
   8.16348000000000       -2.56341108537100        2.60875325898492     
   8.17708580000000       -1.62513102766064        1.76967356591141     
   8.19069160000000       -1.25948634258960        1.66676212598975     
   8.20429740000000       -1.12425420701324        1.45065641570884     
   8.21790320000000      -0.857002137686196        1.12005807123191     
   8.23150900000000      -0.409221884350001        1.00265878325694     
   8.24511480000000      -6.986489407741603E-002   1.30511403611081     
   8.25872060000000      -0.376906962444960        1.45166848955052     
   8.27232640000000      -0.375974667220890        1.03451138589566     
   8.28593220000000       0.126644774419137       0.902896350085060     
   8.29953800000000       0.474798406963833        1.43009395036043     
   8.31314380000000      -0.217044285518791        1.60571688798638     
   8.32674960000000      -0.128408895070745        1.06128809186198     
   8.34035540000000       0.287668500422319        1.03337284017979     
   8.35396120000000       0.298695699779106        1.25193398816417     
   8.36756700000000       0.374035035965527        1.03323149337650     
   8.38117280000000       0.849812487181020        1.03927780013170     
   8.39477860000000        1.42360711189487        1.53718633810198     
   8.40838440000000        1.50063368723028        2.95453066312740     
   8.42199020000000      -0.834172011866896        3.57915958402819     
   8.43559600000000       -1.25016530357435        1.75223792197690     
   8.44920180000000      -0.555892029193836        1.25435471456943     
   8.46280760000000      -0.314176718359633        1.52129818273423     
   8.47641340000000      -0.592871436335898        1.26171924566697     
   8.49001920000000      -0.312961933276144       0.953130950367501     
   8.50362500000000       1.759401224843637E-002  0.991667044377803     
   8.51723080000000       0.154534904420385        1.02485284946383     
   8.53083660000000       0.489090543507472        1.18160656070640     
   8.54444240000000       0.749298865236948        1.86544195173691     
   8.55804820000000      -0.279664792812611        2.79683427731019     
   8.57165400000000       -1.44523509708063        1.66598207979131     
   8.58525980000000       -1.04740257497205       0.803300985975332     
   8.59886560000000      -0.588372798595426       0.529879376650000     
   8.61247140000000      -0.209335497844663       0.500805313493283     
   8.62607720000000       5.121053476418214E-002  0.587021700613096     
   8.63968300000000       0.279152906492952       0.797323554724599     
   8.65328880000000       0.156032409647309        1.00572511211179     
   8.66689460000000       0.197681310085696        1.11076659902363     
   8.68050040000000      -2.047670682250846E-002   1.05045553341505     
   8.69410620000000       0.278409506827753        1.11814111774633     
   8.70771200000000      -0.207001739147944        1.67734672347149     
   8.72131780000000      -0.668545411198360        1.03897723091970     
   8.73492360000000      -0.468356705609966       0.638187694818907     
   8.74852940000000      -0.202138728298501       0.519461823964276     
   8.76213520000000       1.209605595630880E-003  0.516433742600244     
   8.77574100000000       0.185231671567634       0.567457499391198     
   8.78934680000000       0.360482768252445       0.770382941800550     
   8.80295260000000       0.387160985674570        1.18562925294873     
   8.81655840000000      -0.421524811319210        1.44146036804003     
   8.83016420000000      -0.648710266909373       0.695510479543254     
   8.84377000000000      -0.382372264805196       0.385118728834711     
   8.85737580000000      -0.160365943538768       0.295224047827414     
   8.87098160000000       1.015536085424706E-005  0.274315352871581     
   8.88458740000000       0.139819953583160       0.276160352052240     
   8.89819320000000       0.287967557600636       0.352223295900095     
   8.91179900000000       0.290574940003251       0.465811767273821     
   8.92540480000000       0.326242031584210       0.552568726713059     
   8.93901060000000       0.124575030189520       0.575997102784885     
   8.95261640000000       0.168795173265422       0.365032214027599     
   8.96622220000000       0.346508678298578       0.358938528958443     
   8.97982800000000       0.354886727431355       0.454160769453984     
   8.99343380000000       0.436574660940443       0.377291891421144     
   9.00703960000000       0.662802146391918       0.507635202324190     
   9.02064540000000       0.637667452685208        1.01220624416686     
   9.03425120000000      -9.664256980612174E-002   1.03767658414418     
   9.04785700000000      -0.191252475282981       0.511064791533750     
   9.06146280000000      -2.777298226869007E-003  0.282186791163221     
   9.07506860000000       0.171085279919492       0.231589893133002     
   9.08867440000000       0.247462903185898       0.287714359380675     
   9.10228020000000       0.230900000542089       0.232635067779873     
   9.11588600000000       0.300151447560763       0.185857906742235     
   9.12949180000000       0.360097077267457       0.155919814583453     
   9.14309760000000       0.426341404521609       0.122688574475644     
   9.15670340000000       0.515724579806451       0.107908101294060     
   9.17030920000000       0.609994391672941       0.120572668530871     
   9.18391500000000       0.703915684233875       0.161365449863798     
   9.19752080000000       0.795907418675594       0.253883487033231     
   9.21112660000000       0.829235671951006       0.434617626178763     
   9.22473240000000       0.568080992876383       0.586343588560282     
   9.23833820000000       0.478865939540518       0.338883655452750     
   9.25194400000000       0.583191725639634       0.295338363345984     
   9.26554980000000       0.576929141431521       0.299585591380158     
   9.27915560000000       0.568681753037554       0.216994901347876     
   9.29276140000000       0.664215254249556       0.145296717693787     
   9.30636720000000       0.770132865509056       0.143069080630183     
   9.31997300000000       0.848397432121459       0.160272775135475     
   9.33357880000000       0.964788366728070       0.182771415086145     
   9.34718460000000        1.11550482733181       0.296971344126017     
   9.36079040000000        1.18690038504215       0.628929041881828     
   9.37439620000000       0.681657706629212       0.859541011332537     
   9.38800200000000       0.535246565435014       0.454550878382046     
   9.40160780000000       0.673636929966118       0.348942687635280     
   9.41521360000000       0.680721565680117       0.294764450963854     
   9.42881940000000       0.786052810108052       0.206264808977859     
   9.44242520000000       0.918570110006387       0.190322542841422     
   9.45603100000000        1.07600328150249       0.235385278769247     
   9.46963680000000        1.24434222055694       0.434068950740561     
   9.48324260000000        1.02920091100541       0.867065945759099     
   9.49684840000000       0.605442538942284       0.571973427163194     
   9.51045420000000       0.725644889892413       0.291547013103055     
   9.52406000000000       0.909531069575770       0.212547439498087     
   9.53766580000000        1.08334991235411       0.225421009710619     
   9.55127160000000        1.23722780920294       0.312954982602611     
   9.56487740000000        1.33504100658549       0.472831964871057     
   9.57848320000000        1.38567318408093       0.581144670257751     
   9.59208900000000        1.52941449441546       0.783102551104797     
   9.60569480000000        1.38626739967345        1.36453206856789     
   9.61930060000000       0.908129866056777        1.29550175895399     
   9.63290640000000       0.619252094383237        1.30380103184243     
   9.64651220000000       0.561537877214876        1.17466876422728     
   9.66011800000000       0.177316169586646        1.11882037655712     
   9.67372380000000       9.402531965506944E-002  0.673306447668707     
   9.68732960000000       0.266557209353374       0.531474507896171     
   9.70093540000000       0.240582940560754       0.425498653234049     
   9.71454120000000       0.345128684805715       0.240197738077853     
   9.72814700000000       0.494397084191357       0.172299233042715     
   9.74175280000000       0.614746988126180       0.158566702611488     
   9.75535860000000       0.727402385154093       0.184149981828107     
   9.76896440000000       0.778999897651574       0.289909128885527     
   9.78257020000000       0.648952013766128       0.309266518651165     
   9.79617600000000       0.667070296820809       0.170519303789495     
   9.80978180000000       0.754234154143620       0.115190045574943     
   9.82338760000000       0.833997223161724       9.868100751616195E-002
   9.83699340000000       0.898105869249380       9.713469292658151E-002
   9.85059920000000       0.963092382056938       9.127860470550793E-002
   9.86420500000000        1.02987315740991       9.560754448579124E-002
   9.87781080000000        1.10577876642802       9.827125144473142E-002
   9.89141660000000        1.20156545025558       0.115822762247221     
   9.90502240000000        1.32072157673481       0.161539404608539     
   9.91862820000000        1.46795602999127       0.276760023584820     
   9.93223400000000        1.57454461825981       0.515030939420947     
   9.94583980000000        1.54996859758493        1.00559559111373     
   9.95944560000000       0.700479742494691        1.07212432558816     
   9.97305140000000       0.675156750608130       0.499168268135801     
   9.98665720000000       0.892855611391569       0.358670966689628     
   10.0002630000000        1.00686988557886       0.382407323339901     
   10.0138688000000        1.11354351308593       0.358012342160576     
   10.0274746000000        1.32530706362972       0.524359456890020     
   10.0410804000000        1.13570342418204        1.07474392986857     
   10.0546862000000       0.463156148953625       0.737462890441256     
   10.0682920000000       0.583758743055558       0.324403482516822     
   10.0818978000000       0.762783519209662       0.193279990255536     
   10.0955036000000       0.905912388378041       0.150709403329701     
   10.1091094000000        1.03375805556357       0.155522312820462     
   10.1227152000000        1.13714160615782       0.230891487226713     
   10.1363210000000        1.10693436336229       0.309555259117747     
   10.1499268000000        1.06958490509612       0.305720681610912     
   10.1635326000000        1.08708215224872       0.199248251773824     
   10.1771384000000        1.20243701902803       0.162821445233346     
   10.1907442000000        1.32017229183487       0.182473950202470     
   10.2043500000000        1.42450083639280       0.272017482287655     
   10.2179558000000        1.45833809255374       0.320192268602832     
   10.2315616000000        1.65067169334747       0.420309417027291     
   10.2451674000000        1.79190019059781       0.918322787261611     
   10.2587732000000       0.895640883519534        1.36471461977546     
   10.2723790000000       0.562771842003410       0.603952682169321     
   10.2859848000000       0.772367507375748       0.283201481086135     
   10.2995906000000       0.948542847874200       0.173951208534410     
   10.3131964000000        1.08175523014886       0.130980850783580     
   10.3268022000000        1.18645959609601       0.117426463307444     
   10.3404080000000        1.26866193999102       0.109472345250647     
   10.3540138000000        1.34928336508507       9.718102794973683E-002
   10.3676196000000        1.43713244101300       9.216346631823878E-002
   10.3812254000000        1.52752016074236       9.493122415185866E-002
   10.3948312000000        1.62364753042504       0.103967608556273     
   10.4084370000000        1.73086801559116       0.122038622118608     
   10.4220428000000        1.85658384397388       0.159859481350183     
   10.4356486000000        2.00145225017247       0.257256241250994     
   10.4492544000000        2.01651280863290       0.483870858843353     
   10.4628602000000        1.87019910468029       0.388165292877967     
   10.4764660000000        2.04063118872929       0.265012091321636     
   10.4900718000000        2.26561802497329       0.256621984556346     
   10.5036776000000        2.52098752714815       0.301807308473870     
   10.5172834000000        2.82100095835179       0.405285226445794     
   10.5308892000000        3.17872116019086       0.552038951145866     
   10.5444950000000        3.70909776803698       0.829716175844638     
   10.5581008000000        4.37703620467249        1.43656329517943     
   10.5717066000000        5.11213724225359        2.58350255260787     
   10.5853124000000        5.61874645770982        5.02830776886013     
   10.5989182000000        2.71083863789353        9.52533078649718     
   10.6125240000000       -3.44413985107332        6.40392813609322     
   10.6261298000000       -2.71398769912348        2.88453868860495     
   10.6397356000000       -1.58130092467532        2.27954883868720     
   10.6533414000000       -1.95643050282019        1.99867461841503     
   10.6669472000000       -1.63799758639848        1.00463822987710     
   10.6805530000000       -1.07982024157032       0.601486720793209     
   10.6941588000000      -0.632261272545516       0.459521197749634     
   10.7077646000000      -0.267743964896988       0.483249626627466     
   10.7213704000000      -0.142146637752750       0.744712050082511     
   10.7349762000000      -0.404171453570747       0.590677678788157     
   10.7485820000000      -0.236384607656253       0.317601745918397     
   10.7621878000000      -3.042628354520960E-002  0.219025437198433     
   10.7757936000000       0.145299623996709       0.182789882821666     
   10.7893994000000       0.297583930795882       0.175479284196421     
   10.8030052000000       0.447750536034088       0.181862048070560     
   10.8166110000000       0.604115136849740       0.227574967966518     
   10.8302168000000       0.768475705348453       0.323188581026932     
   10.8438226000000       0.871248112665075       0.535180167063605     
   10.8574284000000       0.983316242707889       0.790694681123588     
   10.8710342000000       0.556972373639188        1.49132609189517     
   10.8846400000000      -0.268001861107946       0.897871621155124     
   10.8982458000000      -9.462829394424843E-002  0.390854207068167     
   10.9118516000000       0.103899960482628       0.226558750154126     
   10.9254574000000       0.250296466698133       0.150914318081205     
   10.9390632000000       0.369317934153675       0.116988407417327     
   10.9526690000000       0.468505140416246       0.106913843831454     
   10.9662748000000       0.549528059812570       0.118002549093892     
   10.9798806000000       0.609580602567217       0.135670824348412     
   10.9934864000000       0.637160611030063       0.176817833271500     
   11.0070922000000       0.623595355263577       0.144400501782214     
   11.0206980000000       0.676970804576188       0.106712880906415     
   11.0343038000000       0.739085397004795       8.564643018557952E-002
   11.0479096000000       0.808925945851289       8.066247129132981E-002
   11.0615154000000       0.883143707460442       8.724288883766806E-002
   11.0751212000000       0.969114981036757       0.112307599941412     
   11.0887270000000        1.06416072310832       0.185123000868791     
   11.1023328000000        1.07445737537372       0.310241646900252     
   11.1159386000000        1.12122714245811       0.369498870099728     
   11.1295444000000        1.03152164161854       0.640351719837547     
   11.1431502000000       0.791582637548238       0.510875393207938     
   11.1567560000000       0.807538288304048       0.510207275824376     
   11.1703618000000       0.624714205768039       0.407369757228211     
   11.1839676000000       0.702192874522441       0.224248412334594     
   11.1975734000000       0.800373670708074       0.177233082326282     
   11.2111792000000       0.892383053114044       0.144183249473793     
   11.2247850000000       0.997981325660887       0.154628069092191     
   11.2383908000000        1.10828727474461       0.193169044581004     
   11.2519966000000        1.26235617640373       0.314278583629542     
   11.2656024000000        1.34916712085733       0.715876709792689     
   11.2792082000000       0.642887358370783        1.01919680870982     
   11.2928140000000       0.421651417898961       0.448045057396303     
   11.3064198000000       0.574440146413612       0.224482978987372     
   11.3200256000000       0.687042410185043       0.145959709278658     
   11.3336314000000       0.776960425159136       0.105230815778904     
   11.3472372000000       0.854462990059894       9.379212801413345E-002
   11.3608430000000       0.912607510097194       9.451447861933561E-002
   11.3744488000000       0.976400294491506       0.111488718726678     
   11.3880546000000        1.00328320693732       0.187028644208167     
   11.4016604000000       0.910279181161730       0.173986310298463     
   11.4152662000000       0.940686526085634       9.255306671730217E-002
   11.4288720000000       0.992204325465726       6.379933184561409E-002
   11.4424778000000        1.03975331815073       5.024316427541743E-002
   11.4560836000000        1.08400075012922       4.458066514523900E-002
   11.4696894000000        1.12586435617194       4.311485100267930E-002
   11.4832952000000        1.16576616035031       4.467805525380587E-002
   11.4969010000000        1.20550564930800       4.563327741893252E-002
   11.5105068000000        1.24933356349287       4.934746485519411E-002
   11.5241126000000        1.29592198454526       5.821631071393631E-002
   11.5377184000000        1.34514005624892       7.737849424508578E-002
   11.5513242000000        1.37409231401341       9.896356505748803E-002
   11.5649300000000        1.42602989861281       9.744889571050409E-002
   11.5785358000000        1.50306883681805       0.115942957776226     
   11.5921416000000        1.60933662154985       0.167084781417260     
   11.6057474000000        1.74703783126254       0.316063699842960     
   11.6193532000000        1.70781449776832       0.731063864787151     
   11.6329590000000        1.15161886016139       0.670053224225723     
   11.6465648000000        1.20177898249068       0.352800479014279     
   11.6601706000000        1.33902706236226       0.315860076259135     
   11.6737764000000        1.36232272386282       0.328526490035960     
   11.6873822000000        1.39727585984051       0.305535257959895     
   11.7009880000000        1.49454767392189       0.290585212780838     
   11.7145938000000        1.59451309085066       0.405071295893479     
   11.7281996000000        1.48056806379076       0.461679751391802     
   11.7418054000000        1.57232397929084       0.419241718370102     
   11.7554112000000        1.62516508541820       0.576539210033113     
   11.7690170000000        1.41092536165917       0.567775877105191     
   11.7826228000000        1.54901289192362       0.412983529437804     
   11.7962286000000        1.73501488139382       0.513767372264731     
   11.8098344000000        1.82863389392647       0.693095707578584     
   11.8234402000000        1.84156690804335        1.18840526718633     
   11.8370460000000        1.05777576710381        1.20613011539995     
   11.8506518000000        1.00819140147883       0.780922867372400     
   11.8642576000000        1.08812315830870       0.582035411870473     
   11.8778634000000        1.23068936709925       0.476277663521014     
   11.8914692000000        1.33504272542654       0.463577389399156     
   11.9050750000000        1.44162264997709       0.421443163324998     
   11.9186808000000        1.61826527222643       0.397965085225208     
   11.9322866000000        1.90214935122400       0.477469579208598     
   11.9458924000000        2.26195943502184       0.795177833732917     
   11.9594982000000        2.45709079523153        1.69027213612110     
   11.9731040000000        1.14189096804336        2.77673062206661     
   11.9867098000000       3.037239964557026E-002   1.47086625284013     
   12.0003156000000       0.454855691666767       0.761388675146088     
   12.0139214000000       0.883590307606298       0.734191602893357     
   12.0275272000000       0.808378312597668        1.06010224950954     
   12.0411330000000       0.616690128490061       0.845950132371926     
   12.0547388000000       0.479138013010243       0.758024438373299     
   12.0683446000000       0.507447717963328       0.400477065930957     
   12.0819504000000       0.719016922433668       0.245401753160923     
   12.0955562000000       0.908624072438730       0.205501020541865     
   12.1091620000000        1.08630133367934       0.237216322602846     
   12.1227678000000        1.23947117070256       0.407807167913118     
   12.1363736000000        1.00618538274314       0.675459021563842     
   12.1499794000000       0.821081193043231       0.380933904462035     
   12.1635852000000       0.953124132837706       0.211063304414896     
   12.1771910000000        1.09418712815573       0.167788275340058     
   12.1907968000000        1.21353571640886       0.173210167367189     
   12.2044026000000        1.32122918756340       0.221216784157624     
   12.2180084000000        1.38301104090837       0.311420797399825     
   12.2316142000000        1.37644588335715       0.406500405106773     
   12.2452200000000        1.30985158478580       0.461923019587244     
   12.2588258000000        1.22781862137008       0.427395239581615     
   12.2724316000000        1.23658591670056       0.279280455627843     
   12.2860374000000        1.37862603156147       0.225087107104935     
   12.2996432000000        1.49390604267596       0.290665930726766     
   12.3132490000000        1.51516332923379       0.331953650626030     
   12.3268548000000        1.57122984907417       0.384554973761638     
   12.3404606000000        1.58453815163308       0.443606118385529     
   12.3540664000000        1.51522621956328       0.443458616395064     
   12.3676722000000        1.61515539607822       0.328761203552258     
   12.3812780000000        1.83209328556991       0.351449296164290     
   12.3948838000000        2.03814765909466       0.580374988854429     
   12.4084896000000        1.96833964191149       0.871180694468830     
   12.4220954000000        1.98213192130510        1.08690469109621     
   12.4357012000000        1.51307740534566        1.44084107356907     
   12.4493070000000        1.21829238570912       0.932407762085950     
   12.4629128000000        1.60900826030471       0.769857236681482     
   12.4765186000000        1.98435339437229        1.29332477759441     
   12.4901244000000        1.03777771413183        2.11843821562685     
   12.5037302000000       0.384921509074012        1.22693201177349     
   12.5173360000000       0.433076144717828       0.782531058015758     
   12.5309418000000       0.639994654094037       0.425022000930994     
   12.5445476000000       0.902052275944485       0.299978583210520     
   12.5581534000000        1.12731310931798       0.318846352605837     
   12.5717592000000        1.20951467101061       0.508606820810393     
   12.5853650000000       0.998342391973088       0.484851739276718     
   12.5989708000000        1.04704240258223       0.277214245914997     
   12.6125766000000        1.15964324032352       0.195208443184111     
   12.6261824000000        1.27692247149235       0.146415333008621     
   12.6397882000000        1.37979018563319       0.128107028552090     
   12.6533940000000        1.48352088247622       0.113790600099515     
   12.6669998000000        1.59099301234210       0.113719167619042     
   12.6806056000000        1.70411740102577       0.126296084650282     
   12.6942114000000        1.83019319026036       0.159801966276667     
   12.7078172000000        1.97318119276691       0.240915535075264     
   12.7214230000000        2.08714277759586       0.467639175986212     
   12.7350288000000        1.77657605443740       0.655803207144152     
   12.7486346000000        1.72398752060243       0.346805525316719     
   12.7622404000000        1.90998403813654       0.231398503193360     
   12.7758462000000        2.09681509066017       0.221498911951944     
   12.7894520000000        2.26688047940657       0.273903769528563     
   12.8030578000000        2.37072921318173       0.346617894513327     
   12.8166636000000        2.49555517122076       0.320918085334804     
   12.8302694000000        2.73850954108934       0.330399379027083     
   12.8438752000000        3.03392931157805       0.411283835324613     
   12.8574810000000        3.39372070361976       0.554210470483468     
   12.8710868000000        3.89396927114297       0.880299845476806     
   12.8846926000000        4.26069741626817        1.60825858303136     
   12.8982984000000        4.38780426493694        2.36579912245964     
   12.9119042000000        4.01037310176154        3.22580212029689     
   12.9255100000000        4.28465434343244        3.73690641634616     
   12.9391158000000        4.25060965039266        6.40417223824891     
   12.9527216000000      -0.988968442834957        7.53058503807187     
   12.9663274000000       -2.16054697417219        3.52536953213987     
   12.9799332000000      -0.964787233241966        1.86862167028335     
   12.9935390000000       0.238161843153117        1.54789147638045     
   13.0071448000000        1.08548699183317        2.28062261297643     
   13.0207506000000       2.589526157090638E-002   3.05945969519580     
   13.0343564000000      -2.845877365301153E-002   2.08542182223020     
   13.0479622000000       0.687416562410999        2.60180143278760     
   13.0615680000000      -0.968485210273310        3.51214914780884     
   13.0751738000000       -1.56250302024387        1.73369237369879     
   13.0887796000000      -0.930429991480181        1.11208604886367     
   13.1023854000000      -0.680258376542054       0.950186708112397     
   13.1159912000000      -0.468317512916997       0.785930233456695     
   13.1295970000000      -0.250159211398334       0.609181955007555     
   13.1432028000000      -6.313549991102629E-002  0.567174908358249     
   13.1568086000000       0.157977899347500       0.489483771945980     
   13.1704144000000       0.400169160847669       0.608146349180344     
   13.1840202000000       0.355238666053716       0.885112450876195     
   13.1976260000000       6.388310054662727E-002  0.693792869427151     
   13.2112318000000       0.225250577840746       0.435002126139736     
   13.2248376000000       0.421487296753160       0.405006304484916     
   13.2384434000000       0.441957207449612       0.431810190427319     
   13.2520492000000       0.531768604172349       0.277737259048504     
   13.2656550000000       0.722492928741443       0.214746312103286     
   13.2792608000000       0.913724207003632       0.211438635186943     
   13.2928666000000        1.10567496716953       0.250142992547414     
   13.3064724000000        1.30846499782408       0.330274698169533     
   13.3200782000000        1.48957618182259       0.549905497339734     
   13.3336840000000        1.36810008027499       0.713921611273193     
   13.3472898000000        1.49582958454800       0.543374078977615     
   13.3608956000000        1.88760943772566       0.563537110049607     
   13.3745014000000        2.42875945051618       0.814767198966270     
   13.3881072000000        3.18616268008040        1.55057528078887     
   13.4017130000000        3.63736792255926        3.80694254022286     
   13.4153188000000      -3.683311958492230E-002   5.83435528875984     
   13.4289246000000       -1.91306108398998        3.29199616947154     
   13.4425304000000       -1.88705051211515        1.81599483584814     
   13.4561362000000       -1.38310102761632       0.881177134689681     
   13.4697420000000      -0.873814679077532       0.510203540309520     
   13.4833478000000      -0.518250954412843       0.351762234526004     
   13.4969536000000      -0.254061497763434       0.260464548591488     
   13.5105594000000      -3.517215756353997E-002  0.211505357159181     
   13.5241652000000       0.153849111394070       0.191430635795320     
   13.5377710000000       0.326448382646580       0.199408293814204     
   13.5513768000000       0.485592282877526       0.250557294566696     
   13.5649826000000       0.572954075000584       0.363587721334697     
   13.5785884000000       0.559577099331423       0.372876500028714     
   13.5921942000000       0.666127717518401       0.313808012364555     
   13.6058000000000       0.881768028416893       0.352009499959950     
