 #Independent Particle T
 #Numkpts,nspin=         216           1
 #spin=           1
 #Number of BSE conduction states=           3
 #Number of BSE valence          states=           8
 #Total number of val/cond states=           6           6
 #Gaussian broadening= F
 #If not Gaussian broadening then Lorentzian
 #Broadenings=  1.000000000000000E-003  1.000000000000000E-003
 #LDA energies used as N.L. potential correction in BSE program and NOT lmf F
 #direction of q-vector=
 #  0.707106781186547       0.707106781186547       0.000000000000000E+000
 #Energy(eV),Real(eps),Imag(eps)
  0.000000000000000E+000   26.1872656773359      -1.955129731647366E-002
  1.360580000000000E-002   26.1872858875149      -1.955123666409640E-002
  2.721160000000000E-002   26.1873465185088      -1.955105470230567E-002
  4.081740000000000E-002   26.1874475716871      -1.955075141712611E-002
  5.442320000000000E-002   26.1875890493328      -1.955032678526172E-002
  6.802900000000001E-002   26.1877709546424      -1.954978077408900E-002
  8.163480000000001E-002   26.1879932917266      -1.954911334164930E-002
  9.524060000000001E-002   26.1882560656107      -1.954832443664158E-002
  0.108846400000000        26.1885592822355      -1.954741399840458E-002
  0.122452200000000        26.1889029484579      -1.954638195690592E-002
  0.136058000000000        26.1892870720520      -1.954522823272422E-002
  0.149663800000000        26.1897116617102      -1.954395273702693E-002
  0.163269600000000        26.1901767270447      -1.954255537155201E-002
  0.176875400000000        26.1906822785881      -1.954103602858162E-002
  0.190481200000000        26.1912283277960      -1.953939459091675E-002
  0.204087000000000        26.1918148870476      -1.953763093184671E-002
  0.217692800000000        26.1924419696480      -1.953574491511911E-002
  0.231298600000000        26.1931095898302      -1.953373639490549E-002
  0.244904400000000        26.1938177627568      -1.953160521576541E-002
  0.258510200000000        26.1945665045224      -1.952935121260839E-002
  0.272116000000000        26.1953558321557      -1.952697421065241E-002
  0.285721800000000        26.1961857636222      -1.952447402537903E-002
  0.299327600000000        26.1970563178267      -1.952185046249034E-002
  0.312933400000000        26.1979675146158      -1.951910331785769E-002
  0.326539200000000        26.1989193747812      -1.951623237747211E-002
  0.340145000000000        26.1999119200621      -1.951323741739026E-002
  0.353750800000000        26.2009451731492      -1.951011820367806E-002
  0.367356600000000        26.2020191576871      -1.950687449235183E-002
  0.380962400000000        26.2031338982782      -1.950350602931671E-002
  0.394568200000000        26.2042894204864      -1.950001255030257E-002
  0.408174000000000        26.2054857508404      -1.949639378079759E-002
  0.421779800000000        26.2067229168380      -1.949264943597642E-002
  0.435385600000000        26.2080009469497      -1.948877922063024E-002
  0.448991400000000        26.2093198706237      -1.948478282908942E-002
  0.462597200000000        26.2106797182889      -1.948065994514696E-002
  0.476203000000000        26.2120805213609      -1.947641024197626E-002
  0.489808800000000        26.2135223122454      -1.947203338204575E-002
  0.503414600000000        26.2150051243437      -1.946752901703439E-002
  0.517020400000000        26.2165289920575      -1.946289678773961E-002
  0.530626200000000        26.2180939507940      -1.945813632398451E-002
  0.544232000000000        26.2197000369713      -1.945324724452122E-002
  0.557837800000000        26.2213472880236      -1.944822915693172E-002
  0.571443600000000        26.2230357424072      -1.944308165752417E-002
  0.585049400000000        26.2247654396059      -1.943780433122614E-002
  0.598655200000000        26.2265364201374      -1.943239675147743E-002
  0.612261000000000        26.2283487255592      -1.942685848011351E-002
  0.625866800000000        26.2302023984749      -1.942118906725145E-002
  0.639472600000000        26.2320974825408      -1.941538805116938E-002
  0.653078400000000        26.2340340224727      -1.940945495818088E-002
  0.666684200000000        26.2360120640525      -1.940338930250985E-002
  0.680290000000000        26.2380316541355      -1.939719058615758E-002
  0.693895800000000        26.2400928406577      -1.939085829876819E-002
  0.707501600000000        26.2421956726431      -1.938439191748965E-002
  0.721107400000000        26.2443402002115      -1.937779090683029E-002
  0.734713200000000        26.2465264745860      -1.937105471851191E-002
  0.748319000000000        26.2487545481017      -1.936418279131857E-002
  0.761924800000000        26.2510244742136      -1.935717455093902E-002
  0.775530600000000        26.2533363075048      -1.935002940981077E-002
  0.789136400000000        26.2556901036958      -1.934274676695070E-002
  0.802742200000000        26.2580859196530      -1.933532600779037E-002
  0.816348000000000        26.2605238133980      -1.932776650399935E-002
  0.829953800000000        26.2630038441170      -1.932006761330782E-002
  0.843559600000000        26.2655260721702      -1.931222867932411E-002
  0.857165400000000        26.2680905591019      -1.930424903134469E-002
  0.870771200000000        26.2706973676504      -1.929612798416191E-002
  0.884377000000000        26.2733465617584      -1.928786483786608E-002
  0.897982800000000        26.2760382065834      -1.927945887763939E-002
  0.911588600000000        26.2787723685089      -1.927090937354861E-002
  0.925194400000000        26.2815491151550      -1.926221558032863E-002
  0.938800200000000        26.2843685153900      -1.925337673716339E-002
  0.952406000000000        26.2872306393422      -1.924439206745737E-002
  0.966011800000000        26.2901355584113      -1.923526077860442E-002
  0.979617600000000        26.2930833452809      -1.922598206174880E-002
  0.993223400000000        26.2960740739310      -1.921655509153955E-002
   1.00682920000000        26.2991078196505      -1.920697902587873E-002
   1.02043500000000        26.3021846590503      -1.919725300566503E-002
   1.03404080000000        26.3053046700767      -1.918737615452637E-002
   1.04764660000000        26.3084679320252      -1.917734757854986E-002
   1.06125240000000        26.3116745255540      -1.916716636600148E-002
   1.07485820000000        26.3149245326987      -1.915683158703956E-002
   1.08846400000000        26.3182180368868      -1.914634229342224E-002
   1.10206980000000        26.3215551229526      -1.913569751820351E-002
   1.11567560000000        26.3249358771525      -1.912489627542473E-002
   1.12928140000000        26.3283603871806      -1.911393755979706E-002
   1.14288720000000        26.3318287421848      -1.910282034637365E-002
   1.15649300000000        26.3353410327831      -1.909154359021576E-002
   1.17009880000000        26.3388973510803      -1.908010622604945E-002
   1.18370460000000        26.3424977906853      -1.906850716791102E-002
   1.19731040000000        26.3461424467286      -1.905674530878593E-002
   1.21091620000000        26.3498314158797      -1.904481952023691E-002
   1.22452200000000        26.3535647963661      -1.903272865202157E-002
   1.23812780000000        26.3573426879918      -1.902047153170055E-002
   1.25173360000000        26.3611651921566      -1.900804696423595E-002
   1.26533940000000        26.3650324118752      -1.899545373157716E-002
   1.27894520000000        26.3689444517980      -1.898269059223658E-002
   1.29255100000000        26.3729014182312      -1.896975628085364E-002
   1.30615680000000        26.3769034191578      -1.895664950775014E-002
   1.31976260000000        26.3809505642591      -1.894336895846600E-002
   1.33336840000000        26.3850429649371      -1.892991329329195E-002
   1.34697420000000        26.3891807343361      -1.891628114678238E-002
   1.36058000000000        26.3933639873669      -1.890247112725694E-002
   1.37418580000000        26.3975928407293      -1.888848181629134E-002
   1.38779160000000        26.4018674129365      -1.887431176819021E-002
   1.40139740000000        26.4061878243402      -1.885995950944675E-002
   1.41500320000000        26.4105541971551      -1.884542353818994E-002
   1.42860900000000        26.4149666554854      -1.883070232361285E-002
   1.44221480000000        26.4194253253508      -1.881579430538705E-002
   1.45582060000000        26.4239303347136      -1.880069789306142E-002
   1.46942640000000        26.4284818135064      -1.878541146544162E-002
   1.48303220000000        26.4330798936607      -1.876993336995537E-002
   1.49663800000000        26.4377247091354      -1.875426192199719E-002
   1.51024380000000        26.4424163959468      -1.873839540425647E-002
   1.52384960000000        26.4471550921992      -1.872233206602636E-002
   1.53745540000000        26.4519409381157      -1.870607012249035E-002
   1.55106120000000        26.4567740760699      -1.868960775399464E-002
   1.56466700000000        26.4616546506192      -1.867294310529081E-002
   1.57827280000000        26.4665828085375      -1.865607428476634E-002
   1.59187860000000        26.4715586988500      -1.863899936364532E-002
   1.60548440000000        26.4765824728678      -1.862171637516993E-002
   1.61909020000000        26.4816542842244      -1.860422331375691E-002
   1.63269600000000        26.4867742889117      -1.858651813413134E-002
   1.64630180000000        26.4919426453184      -1.856859875042935E-002
   1.65990760000000        26.4971595142684      -1.855046303528309E-002
   1.67351340000000        26.5024250590602      -1.853210881886975E-002
   1.68711920000000        26.5077394455077      -1.851353388794008E-002
   1.70072500000000        26.5131028419817      -1.849473598481043E-002
   1.71433080000000        26.5185154194525      -1.847571280633262E-002
   1.72793660000000        26.5239773515337      -1.845646200282468E-002
   1.74154240000000        26.5294888145266      -1.843698117697557E-002
   1.75514820000000        26.5350499874666      -1.841726788271290E-002
   1.76875400000000        26.5406610521702      -1.839731962403773E-002
   1.78235980000000        26.5463221932830      -1.837713385382362E-002
   1.79596560000000        26.5520335983293      -1.835670797257664E-002
   1.80957140000000        26.5577954577635      -1.833603932715999E-002
   1.82317720000000        26.5636079650214      -1.831512520947598E-002
   1.83678300000000        26.5694713165739      -1.829396285510872E-002
   1.85038880000000        26.5753857119825      -1.827254944192410E-002
   1.86399460000000        26.5813513539546      -1.825088208862239E-002
   1.87760040000000        26.5873684484022      -1.822895785325023E-002
   1.89120620000000        26.5934372045007      -1.820677373165984E-002
   1.90481200000000        26.5995578347501      -1.818432665592079E-002
   1.91841780000000        26.6057305550372      -1.816161349268256E-002
   1.93202360000000        26.6119555847004      -1.813863104147999E-002
   1.94562940000000        26.6182331465952      -1.811537603298569E-002
   1.95923520000000        26.6245634671618      -1.809184512720494E-002
   1.97284100000000        26.6309467764955      -1.806803491161036E-002
   1.98644680000000        26.6373833084174      -1.804394189921585E-002
   2.00005260000000        26.6438733005482      -1.801956252658358E-002
   2.01365840000000        26.6504169943839      -1.799489315176775E-002
   2.02726420000000        26.6570146353733      -1.796993005218630E-002
   2.04087000000000        26.6636664729977      -1.794466942242042E-002
   2.05447580000000        26.6703727608533      -1.791910737194045E-002
   2.06808160000000        26.6771337567350      -1.789323992275223E-002
   2.08168740000000        26.6839497227242      -1.786706300696268E-002
   2.09529320000000        26.6908209252770      -1.784057246426104E-002
   2.10889900000000        26.6977476353168      -1.781376403931062E-002
   2.12250480000000        26.7047301283286      -1.778663337905165E-002
   2.13611060000000        26.7117686844564      -1.775917602990553E-002
   2.14971640000000        26.7188635886032      -1.773138743488074E-002
   2.16332220000000        26.7260151305344      -1.770326293057577E-002
   2.17692800000000        26.7332236049835      -1.767479774407356E-002
   2.19053380000000        26.7404893117621      -1.764598698972236E-002
   2.20413960000000        26.7478125558719      -1.761682566580102E-002
   2.21774540000000        26.7551936476213      -1.758730865105871E-002
   2.23135120000000        26.7626329027446      -1.755743070113067E-002
   2.24495700000000        26.7701306425255      -1.752718644481694E-002
   2.25856280000000        26.7776871939239      -1.749657038022397E-002
   2.27216860000000        26.7853028897072      -1.746557687076021E-002
   2.28577440000000        26.7929780685853      -1.743420014097814E-002
   2.29938020000000        26.8007130753497      -1.740243427226132E-002
   2.31298600000000        26.8085082610173      -1.737027319834113E-002
   2.32659180000000        26.8163639829792      -1.733771070064202E-002
   2.34019760000000        26.8242806051530      -1.730474040344691E-002
   2.35380340000000        26.8322584981416      -1.727135576886862E-002
   2.36740920000000        26.8402980393956      -1.723755009162704E-002
   2.38101500000000        26.8483996133823      -1.720331649361557E-002
   2.39462080000000        26.8565636117595      -1.716864791825071E-002
   2.40822660000000        26.8647904335554      -1.713353712459310E-002
   2.42183240000000        26.8730804853546      -1.709797668123030E-002
   2.43543820000000        26.8814341814894      -1.706195895990920E-002
   2.44904400000000        26.8898519442393      -1.702547612890467E-002
   2.46264980000000        26.8983342040359      -1.698852014611279E-002
   2.47625560000000        26.9068813996753      -1.695108275185685E-002
   2.48986140000000        26.9154939785377      -1.691315546138736E-002
   2.50346720000000        26.9241723968152      -1.687472955706552E-002
   2.51707300000000        26.9329171197468      -1.683579608021109E-002
   2.53067880000000        26.9417286218626      -1.679634582259835E-002
   2.54428460000000        26.9506073872355      -1.675636931758278E-002
   2.55789040000000        26.9595539097434      -1.671585683084005E-002
   2.57149620000000        26.9685686933398      -1.667479835069388E-002
   2.58510200000000        26.9776522523346      -1.663318357801517E-002
   2.59870780000000        26.9868051116855      -1.659100191566755E-002
   2.61231360000000        26.9960278072999      -1.654824245747612E-002
   2.62591940000000        27.0053208863479      -1.650489397669240E-002
   2.63952520000000        27.0146849075878      -1.646094491392844E-002
   2.65313100000000        27.0241204417028      -1.641638336453585E-002
   2.66673680000000        27.0336280716521      -1.637119706538878E-002
   2.68034260000000        27.0432083930343      -1.632537338104927E-002
   2.69394840000000        27.0528620144652      -1.627889928927332E-002
   2.70755420000000        27.0625895579712      -1.623176136582107E-002
   2.72116000000000        27.0723916593967      -1.618394576853222E-002
   2.73476580000000        27.0822689688302      -1.613543822063088E-002
   2.74837160000000        27.0922221510446      -1.608622399319848E-002
   2.76197740000000        27.1022518859576      -1.603628788678457E-002
   2.77558320000000        27.1123588691105      -1.598561421209429E-002
   2.78918900000000        27.1225438121661      -1.593418676969798E-002
   2.80279480000000        27.1328074434279      -1.588198882870703E-002
   2.81640060000000        27.1431505083811      -1.582900310435255E-002
   2.83000640000000        27.1535737702568      -1.577521173439509E-002
   2.84361220000000        27.1640780106197      -1.572059625430168E-002
   2.85721800000000        27.1746640299823      -1.566513757110249E-002
   2.87082380000000        27.1853326484447      -1.560881593585394E-002
   2.88442960000000        27.1960847063638      -1.555161091461040E-002
   2.89803540000000        27.2069210650513      -1.549350135781566E-002
   2.91164120000000        27.2178426075038      -1.543446536800523E-002
   2.92524700000000        27.2288502391662      -1.537448026571349E-002
   2.93885280000000        27.2399448887288      -1.531352255346144E-002
   2.95245860000000        27.2511275089633      -1.525156787770052E-002
   2.96606440000000        27.2623990775965      -1.518859098857185E-002
   2.97967020000000        27.2737605982254      -1.512456569732916E-002
   2.99327600000000        27.2852131012772      -1.505946483126657E-002
   3.00688180000000        27.2967576450145      -1.499326018597413E-002
   3.02048760000000        27.3083953165896      -1.492592247473249E-002
   3.03409340000000        27.3201272331519      -1.485742127484103E-002
   3.04769920000000        27.3319545430096      -1.478772497065693E-002
   3.06130500000000        27.3438784268499      -1.471680069310401E-002
   3.07491080000000        27.3559000990227      -1.464461425538909E-002
   3.08851660000000        27.3680208088887      -1.457113008464270E-002
   3.10212240000000        27.3802418422395      -1.449631114916831E-002
   3.11572820000000        27.3925645227922      -1.442011888097239E-002
   3.12933400000000        27.4049902137632      -1.434251309319562E-002
   3.14293980000000        27.4175203195280      -1.426345189205450E-002
   3.15654560000000        27.4301562873717      -1.418289158284295E-002
   3.17015140000000        27.4428996093357      -1.410078656952638E-002
   3.18375720000000        27.4557518241695      -1.401708924739133E-002
   3.19736300000000        27.4687145193920      -1.393174988818073E-002
   3.21096880000000        27.4817893334719      -1.384471651707915E-002
   3.22457460000000        27.4949779581358      -1.375593478085547E-002
   3.23818040000000        27.5082821408121      -1.366534780639498E-002
   3.25178620000000        27.5217036872209      -1.357289604878151E-002
   3.26539200000000        27.5352444641220      -1.347851712799561E-002
   3.27899780000000        27.5489064022311      -1.338214565320725E-002
   3.29260360000000        27.5626914993188      -1.328371303352174E-002
   3.30620940000000        27.5766018235050      -1.318314727392496E-002
   3.31981520000000        27.5906395167649      -1.308037275502779E-002
   3.33342100000000        27.6048067986644      -1.297530999506347E-002
   3.34702680000000        27.6191059703409      -1.286787539240463E-002
   3.36063260000000        27.6335394187530      -1.275798094668406E-002
   3.37423840000000        27.6481096212189      -1.264553395636701E-002
   3.38784420000000        27.6628191502695      -1.253043669036989E-002
   3.40145000000000        27.6776706788431      -1.241258603104203E-002
   3.41505580000000        27.6926669858512      -1.229187308547982E-002
   3.42866160000000        27.7078109621500      -1.216818276178750E-002
   3.44226740000000        27.7231056169521      -1.204139330644796E-002
   3.45587320000000        27.7385540847211      -1.191137579848806E-002
   3.46947900000000        27.7541596325945      -1.177799359555434E-002
   3.48308480000000        27.7699256683841      -1.164110172635285E-002
   3.49669060000000        27.7858557492114      -1.150054622316389E-002
   3.51029640000000        27.8019535908403      -1.135616338726231E-002
   3.52390220000000        27.8182230777801      -1.120777897906266E-002
   3.53750800000000        27.8346682742342      -1.105520732362951E-002
   3.55111380000000        27.8512934359876      -1.089825032081263E-002
   3.56471960000000        27.8681030233328      -1.073669634766097E-002
   3.57832540000000        27.8851017151467      -1.057031903886839E-002
   3.59193120000000        27.9022944242499      -1.039887592878146E-002
   3.60553700000000        27.9196863141940      -1.022210693586093E-002
   3.61914280000000        27.9372828176438      -1.003973266736533E-002
   3.63274860000000        27.9550896565468      -9.851452518308636E-003
   3.64635440000000        27.9731128643074      -9.656942534304512E-003
   3.65996020000000        27.9913588102184      -9.455853002585255E-003
   3.67356600000000        28.0098342264390      -9.247805729086475E-003
   3.68717180000000        28.0285462378556      -9.032390951737367E-003
   3.70077760000000        28.0475023952132      -8.809163830714700E-003
   3.71438340000000        28.0667107119717      -8.577640444953528E-003
   3.72798920000000        28.0861797054156      -8.337293210186064E-003
   3.74159500000000        28.1059184426399      -8.087545616503341E-003
   3.75520080000000        28.1259365921432      -7.827766162068317E-003
   3.76880660000000        28.1462444818951      -7.557261333013130E-003
   3.78241240000000        28.1668531649078      -7.275267446293350E-003
   3.79601820000000        28.1877744935412      -6.980941130387715E-003
   3.80962400000000        28.2090212040188      -6.673348165690469E-003
   3.82322980000000        28.2306070129352      -6.351450338801135E-003
   3.83683560000000        28.2525467279156      -6.014089878044499E-003
   3.85044140000000        28.2748563750670      -5.659970925172262E-003
   3.86404720000000        28.2975533464591      -5.287637351642525E-003
   3.87765300000000        28.3206565716409      -4.895446035142379E-003
   3.89125880000000        28.3441867181787      -4.481534456326330E-003
   3.90486460000000        28.3681664274717      -4.043781133218278E-003
   3.91847040000000        28.3926205937542      -3.579756947257658E-003
   3.93207620000000        28.4175766963716      -3.086664780926050E-003
   3.94568200000000        28.4430651983156      -2.561264009323291E-003
   3.95928780000000        28.4691200278981      -1.999775158003451E-003
   3.97289360000000        28.4957791657388      -1.397758291626972E-003
   3.98649940000000        28.5230853665477      -7.499561777113002E-004
   4.00010520000000        28.5510870553688      -5.008957674733789E-005
   4.01371100000000        28.5798394524125       7.094134971578460E-004
   4.02731680000000        28.6094060014256       1.537781072357540E-003
   4.04092260000000        28.6398602070951       2.446392596803657E-003
   4.05452840000000        28.6712880326749       3.449466576015965E-003
   4.06813420000000        28.7037910788527       4.565034340760579E-003
   4.08174000000000        28.7374908741908       5.816350376763826E-003
   4.09534580000000        28.7725347831657       7.233987763790818E-003
   4.10895160000000        28.8091043287462       8.859043855945367E-003
   4.12255740000000        28.8474272242841       1.074821279482276E-002
   4.13616320000000        28.8877952936415       1.298213442658122E-002
   4.14976900000000        28.9305920949045       1.567978975802778E-002
   4.16337480000000        28.9763372330950       1.902474056839487E-002
   4.17698060000000        29.0257607942704       2.331629350127175E-002
   4.19058640000000        29.0799350735997       2.907790719403123E-002
   4.20419220000000        29.1405208715564       3.731211552339081E-002
   4.21779800000000        29.2102470965583       5.018518309501385E-002
   4.23140380000000        29.2937827582998       7.320682547393374E-002
   4.24500960000000        29.3977925143324       0.123704720904572     
   4.25861540000000        29.5026094227834       0.263649677943816     
   4.27222120000000        29.3632368759635       0.439943088312037     
   4.28582700000000        29.3340603502395       0.274835074338758     
   4.29943280000000        29.5211471065408       0.255098170032873     
   4.31303860000000        29.7374875630639       0.430503149767374     
   4.32664440000000        29.6502186868431       0.926873662582462     
   4.34025020000000        29.1433186187708       0.746052506346833     
   4.35385600000000        29.2482296809236       0.570958523368273     
   4.36746180000000        29.2194907560165       0.461365949928905     
   4.38106760000000        29.4256215958257       0.340353024395403     
   4.39467340000000        29.6881986812060       0.462510678441176     
   4.40827920000000        29.6500505609184       0.904076839641417     
   4.42188500000000        29.2090180507410       0.693424301746094     
   4.43549080000000        29.4284870243646       0.417126831845746     
   4.44909660000000        29.7526018126554       0.460355175787373     
   4.46270240000000        30.0100870337770       0.880720847487206     
   4.47630820000000        29.3840043234717        1.36824686141115     
   4.48991400000000        29.1410565332159       0.874871532469396     
   4.50351980000000        29.0666957005445       0.746546132184075     
   4.51712560000000        29.1472795206010       0.388099587219191     
   4.53073140000000        29.3906923717953       0.240133202852143     
   4.54433720000000        29.6097744290828       0.193742248559506     
   4.55794300000000        29.8157739932865       0.189786348041972     
   4.57154880000000        30.0287883898561       0.223627021415669     
   4.58515460000000        30.2486459363396       0.336365294776655     
   4.59876040000000        30.3268836161567       0.525909744702076     
   4.61236620000000        30.3902432824198       0.497332472847647     
   4.62597200000000        30.7139748905575       0.597405048102452     
   4.63957780000000        30.8206165092182        1.11874420391527     
   4.65318360000000        30.3714977639794        1.01649316652374     
   4.66678940000000        30.7433155512463       0.759772769027453     
   4.68039520000000        31.2012520465043        1.05588252583902     
   4.69400100000000        31.1496048439202        1.36766016328994     
   4.70760680000000        31.5935109417487        1.43529221960793     
   4.72121260000000        32.2057812520414        2.34638561064352     
   4.73481840000000        31.3346407778945        3.82137811988866     
   4.74842420000000        30.3570841621231        3.38433480782817     
   4.76203000000000        30.1252174118425        3.91428243596133     
   4.77563580000000        29.0367891460105        3.85334781368301     
   4.78924160000000        28.3005486743347        2.95027090906966     
   4.80284740000000        28.2309860737321        1.94489256796872     
   4.81645320000000        28.9860557597609        1.28544190037146     
   4.83005900000000        29.7190787324623        1.34978458659444     
   4.84366480000000        30.0481221162939        1.91316593735726     
   4.85727060000000        29.7224376769930        1.83661737336338     
   4.87087640000000        30.4511085646851        1.83906190132345     
   4.88448220000000        30.4549551220907        3.08470497632868     
   4.89808800000000        29.3014087489810        2.77778609373834     
   4.91169380000000        29.6144872052301        2.41044958989726     
   4.92529960000000        29.9205510471387        2.31918542027159     
   4.93890540000000        30.3267912205208        2.84917646123563     
   4.95251120000000        30.0548457704532        3.72372670175837     
   4.96611700000000        29.3100258695022        4.14793943923906     
   4.97972280000000        28.4616526342847        3.98803876156028     
   4.99332860000000        27.7203943460663        3.71733219080561     
   5.00693440000000        27.6049872835529        2.95453698965767     
   5.02054020000000        27.4204439137629        2.50764117464937     
   5.03414600000000        27.6583008068962        2.22713405064211     
   5.04775180000000        27.5287621444673        2.14046954097020     
   5.06135760000000        27.3582666307658        1.52075701239681     
   5.07496340000000        27.6438558948584        1.13194156511493     
   5.08856920000000        28.0334106991742       0.810898611207582     
   5.10217500000000        28.3763802028231       0.816015835907384     
   5.11578080000000        28.5562114509233       0.812964400356010     
   5.12938660000000        28.7787953652445       0.724690613164999     
   5.14299240000000        29.0423159332794       0.850678828819840     
   5.15659820000000        29.0478768085528        1.09152376682239     
   5.17020400000000        28.8497284432438       0.908931654394435     
   5.18380980000000        29.0399321762944       0.615844033047184     
   5.19741560000000        29.4229606985260       0.549294839064720     
   5.21102140000000        29.6622770619438       0.765234327243368     
   5.22462720000000        29.6387335392908       0.754789803343240     
   5.23823300000000        29.9159210356201       0.725255618176543     
   5.25183880000000        30.0563627261250       0.818579126575301     
   5.26544460000000        30.2798232874137       0.844617682743076     
   5.27905040000000        30.4555635220205        1.01159756212157     
   5.29265620000000        30.6408927301166       0.977885930304874     
   5.30626200000000        31.1011027812647        1.04612960111724     
   5.31986780000000        31.7473882500413        1.54513534698916     
   5.33347360000000        31.8540902286302        2.64903417432640     
   5.34707940000000        31.6477379743579        3.37377632987596     
   5.36068520000000        30.3987321443897        4.66576221961936     
   5.37429100000000        28.7637564038692        3.48348527871393     
   5.38789680000000        29.2520102676674        2.42366632814210     
   5.40150260000000        30.0270400840616        2.32250165642238     
   5.41510840000000        30.2529090291198        3.09802920772617     
   5.42871420000000        29.7556193343415        3.87381346221129     
   5.44232000000000        28.6005774451622        3.48191850517308     
   5.45592580000000        28.6791386981596        2.61517525981349     
   5.46953160000000        28.9136912592656        2.53938678605072     
   5.48313740000000        29.2298104423057        2.20594422028536     
   5.49674320000000        29.8817233862130        2.90735874653934     
   5.51034900000000        28.5359693397836        3.54023673159847     
   5.52395480000000        28.3635777795173        2.40895954968098     
   5.53756060000000        28.9103182323028        2.53211410093158     
   5.55116640000000        28.6995446202586        2.65124924869601     
   5.56477220000000        28.1303796629003        2.96630986014317     
   5.57837800000000        27.5917324907714        1.89121098358532     
   5.59198380000000        28.0585693094566        1.29920146651797     
   5.60558960000000        28.5132105526349       0.922574178715780     
   5.61919540000000        29.0798685113208       0.915218253507807     
   5.63280120000000        29.2699235422699        1.00558848224929     
   5.64640700000000        29.6996244162252       0.879416252814816     
   5.66001280000000        30.2052893392979        1.14348234147712     
   5.67361860000000        30.6078729695154        1.35750277302435     
   5.68722440000000        31.4522732997387        2.15627164828038     
   5.70083020000000        30.8244096599376        4.36515721832919     
   5.71443600000000        28.8407449206477        3.81735465034279     
   5.72804180000000        28.6458476360551        3.07106143740285     
   5.74164760000000        29.0571013133795        3.07002840365473     
   5.75525340000000        27.7597626562259        4.16564183566200     
   5.76885920000000        26.5749410861403        2.20604749618026     
   5.78246500000000        27.3058422939884        1.08532991671713     
   5.79607080000000        28.0079926729274       0.781870046919400     
   5.80967660000000        28.4279098879839       0.918109777668680     
   5.82328240000000        28.2830000211562       0.844095223151140     
   5.83688820000000        28.5031427537358       0.467883555629092     
   5.85049400000000        28.8345507810999       0.311183343553067     
   5.86409980000000        29.1202273246091       0.246661599976629     
   5.87770560000000        29.3707201487681       0.214674417680520     
   5.89131140000000        29.6030678703995       0.199117311309544     
   5.90491720000000        29.8271501185792       0.195581265893987     
   5.91852300000000        30.0507415873217       0.204681778732319     
   5.93212880000000        30.2746268104870       0.227512763874652     
   5.94573460000000        30.5173063015319       0.259711501815348     
   5.95934040000000        30.7831342731182       0.344169029780087     
   5.97294620000000        31.0188712839319       0.438736224796862     
   5.98655200000000        31.4027402642550       0.564560295935522     
   6.00015780000000        31.9240084534731        1.01966473918736     
   6.01376360000000        32.0121114318630        2.40297252040654     
   6.02736940000000        29.8958315000675        2.58484670806079     
   6.04097520000000        29.8444446560450        1.12835062408269     
   6.05458100000000        30.4078650047972       0.636397556108786     
   6.06818680000000        30.8966412538113       0.472444052524692     
   6.08179260000000        31.3412737932572       0.429394496484939     
   6.09539840000000        31.7784620371522       0.448448544675267     
   6.10900420000000        32.2567722415655       0.510779753596005     
   6.12261000000000        32.8250310109942       0.646350512878051     
   6.13621580000000        33.5449972027608       0.922242425354010     
   6.14982160000000        34.5046452200488        1.54588623155726     
   6.16342740000000        35.4814273876563        3.21406511076679     
   6.17703320000000        34.5748910901198        5.59732535360417     
   6.19063900000000        32.8356629813926        6.26249531823750     
   6.20424480000000        31.2281406414494        6.02348409038579     
   6.21785060000000        30.7424249977550        5.68982356403930     
   6.23145640000000        30.9254186309282        5.17673093029518     
   6.24506220000000        30.1756159797563        6.96198336242266     
   6.25866800000000        27.5522671477522        5.74454966332716     
   6.27227380000000        27.0284707593190        3.68720481231714     
   6.28587960000000        27.8004925108040        2.05645060878356     
   6.29948540000000        28.9592157306200        1.48730810875799     
   6.31309120000000        29.7947386303812        1.43671371831112     
   6.32669700000000        30.6306603939188        1.53467545034840     
   6.34030280000000        31.3317170174444        2.54174645214465     
   6.35390860000000        30.1308821868981        3.12723210890998     
   6.36751440000000        30.0132214708939        2.48684906686339     
   6.38112020000000        30.1019255667883        1.71019488365149     
   6.39472600000000        31.0689353151678        1.29567284635779     
   6.40833180000000        32.1958856394940        1.53566027931169     
   6.42193760000000        33.2765320781370        2.72933600160453     
   6.43554340000000        32.3832433425169        4.48133404079620     
   6.44914920000000        32.0581956877887        4.53993153830497     
   6.46275500000000        30.3573297887620        5.08269990790404     
   6.47636080000000        30.4835394471681        3.20222141707813     
   6.48996660000000        32.2747146900765        3.47640403046000     
   6.50357240000000        32.2310177712211        6.54049512070268     
   6.51717820000000        28.4128319691331        5.47979329911436     
   6.53078400000000        29.4263187704444        3.31695160609264     
   6.54438980000000        30.4138746053795        3.32324851399399     
   6.55799560000000        31.3224543895167        3.74758630549541     
   6.57160140000000        31.0962342340011        4.14148393861488     
   6.58520720000000        32.4878779292591        4.67089899267260     
   6.59881300000000        32.3638315032538        7.27352479405499     
   6.61241880000000        30.1636939493302        9.47193100033215     
   6.62602460000000        25.9178613242693        8.95146917458374     
   6.63963040000000        24.5389114872013        6.18005449643353     
   6.65323620000000        24.8206509675332        3.75914571811018     
   6.66684200000000        25.7430529830887        2.34649617376867     
   6.68044780000000        27.0450291622316        1.92163279121431     
   6.69405360000000        27.6180430544698        2.38954102498305     
   6.70765940000000        27.1780136176244        2.70347134876583     
   6.72126520000000        26.9741707206020        1.61425871492873     
   6.73487100000000        27.7626477843260        1.16983378419245     
   6.74847680000000        28.2358786472140        1.44144501152391     
   6.76208260000000        27.8314575100092        1.48081558598404     
   6.77568840000000        27.9965700665885       0.772943908658482     
   6.78929420000000        28.4746117652781       0.478422014169830     
   6.80290000000000        28.8829805021753       0.360923407820907     
   6.81650580000000        29.2318773296520       0.303137064277639     
   6.83011160000000        29.5444160572672       0.271424750320616     
   6.84371740000000        29.8355542527928       0.254006120567975     
   6.85732320000000        30.1153514724227       0.246096684879597     
   6.87092900000000        30.3915026377464       0.245761272494019     
   6.88453480000000        30.6708391728046       0.252602356644484     
   6.89814060000000        30.9604117617569       0.267442202032222     
   6.91174640000000        31.2685877407346       0.292590818029982     
   6.92535220000000        31.6065887126559       0.332875907711659     
   6.93895800000000        31.9911433992287       0.398398803196607     
   6.95256380000000        32.4495045430813       0.512407253696257     
   6.96616960000000        33.0276468245728       0.737772511489440     
   6.97977540000000        33.7740969988130        1.28416970031310     
   6.99338120000000        34.2125013256868        2.78334138749447     
   7.00698700000000        32.8005498881183        3.49801900382396     
   7.02059280000000        32.4233788474263        3.61441590639595     
   7.03419860000000        31.6398990974208        2.67105185756688     
   7.04780440000000        32.6303290334098        1.87972966102669     
   7.06141020000000        34.0384479930068        2.27612068335000     
   7.07501600000000        34.7122517271516        4.22891362255923     
   7.08862180000000        33.2177615973204        4.57484388895401     
   7.10222760000000        34.3442220271884        4.54229877204501     
   7.11583340000000        34.9313889973001        7.21452652820158     
   7.12943920000000        32.0797562826497        9.81073862118251     
   7.14304500000000        28.7368283867214        8.09688488527087     
   7.15665080000000        28.1054415136197        7.29305021591026     
   7.17025660000000        26.2715305120974        5.01781846934777     
   7.18386240000000        27.5676382433273        2.69817376496767     
   7.19746820000000        29.0156779147156        2.07092691060531     
   7.21107400000000        30.3544987505739        2.06028917466145     
   7.22467980000000        31.5721040402119        2.81047513180416     
   7.23828560000000        31.6091225477153        4.17279539442439     
   7.25189140000000        31.6470521425529        5.48178759315348     
   7.26549720000000        28.8684662609503        6.82375108228215     
   7.27910300000000        27.5516404861449        3.78499894309796     
   7.29270880000000        29.2005206673141        2.62414003814327     
   7.30631460000000        30.5937160890642        3.64819205133553     
   7.31992040000000        28.7492297988972        5.14002405569210     
   7.33352620000000        28.1702623901018        3.11561297017054     
   7.34713200000000        28.9383611923573        2.96987371558653     
   7.36073780000000        28.5520696861700        2.47447755851717     
   7.37434360000000        29.4348351218538        1.78344721198343     
   7.38794940000000        30.3208586381581        2.10389879683468     
   7.40155520000000        30.6783844385312        2.82216597639977     
   7.41516100000000        29.8757684367235        4.13091043226786     
   7.42876680000000        28.6139061224058        2.72249420654886     
   7.44237260000000        29.3114036008476        1.87435617130261     
   7.45597840000000        30.0057883841521        1.91483289360004     
   7.46958420000000        29.9254273504677        1.86816833145832     
   7.48319000000000        30.5714032936855        1.44021970287101     
   7.49679580000000        31.4915343369144        1.76471664695656     
   7.51040160000000        32.1684634416477        2.91322853646104     
   7.52400740000000        30.6833321287979        4.68837516956416     
   7.53761320000000        29.3995728292374        2.90661178940338     
   7.55121900000000        30.3090871511500        2.41003697365272     
   7.56482480000000        30.2632691693680        2.49879768495485     
   7.57843060000000        30.8030822955841        2.31582259914573     
   7.59203640000000        30.7217711720143        2.68871114147439     
   7.60564220000000        30.9826658271375        2.71385414203748     
   7.61924800000000        30.2991396180258        2.85322297648780     
   7.63285380000000        30.8124411489152        1.96868293071900     
   7.64645960000000        31.6881164856902        2.35129291413214     
   7.66006540000000        31.9855094697073        3.08123910244443     
   7.67367120000000        31.4218484539076        3.77033645435215     
   7.68727700000000        31.0990844302427        3.95181460842613     
   7.70088280000000        30.3371313530195        3.54708498771798     
   7.71448860000000        30.5226960950603        2.87218464643774     
   7.72809440000000        31.4927663585354        2.60749901739548     
   7.74170020000000        32.2456649482432        3.62406940340858     
   7.75530600000000        31.8986609268193        5.15415060682518     
   7.76891180000000        30.8782885368367        5.27673014446362     
   7.78251760000000        29.2030624107202        6.28917819414018     
   7.79612340000000        28.0689848768698        3.95727353832870     
   7.80972920000000        28.7905103549037        3.66151135045445     
   7.82333500000000        28.2825750885399        2.79451799750292     
   7.83694080000000        29.0769299212911        2.21785075203081     
   7.85054660000000        29.5176384509215        1.97430483586729     
   7.86415240000000        30.1202270466374        2.36165768000707     
   7.87775820000000        29.6368309649130        2.29883104161196     
   7.89136400000000        30.3447554389881        1.84157763400083     
   7.90496980000000        30.8290373669586        2.67413863835675     
   7.91857560000000        30.1155872298646        2.59677921690882     
   7.93218140000000        30.9299198297678        2.23247776583563     
   7.94578720000000        31.6575735150396        3.82326293748026     
   7.95939300000000        28.9727444805198        4.75877290697165     
   7.97299880000000        28.3829898810129        2.75139153141702     
   7.98660460000000        29.1070939472402        1.97056042364062     
   8.00021040000000        29.5046281674302        1.95064017249058     
   8.01381620000000        29.5952851119992        2.12267035977095     
   8.02742200000000        29.3453183857050        1.66555833525441     
   8.04102780000000        29.8210713603364        1.23365200301728     
   8.05463360000000        30.1882715115241        1.23077364264312     
   8.06823940000000        30.6635901047356        1.28210589859961     
   8.08184520000000        30.8025462430657        1.58829850240606     
   8.09545100000000        30.9634942044656        1.80927840425780     
   8.10905680000000        31.1183908210953        2.17121391614414     
   8.12266260000000        30.2559760719777        3.13520547258415     
   8.13626840000000        29.4003206268496        1.88261081182393     
   8.14987420000000        29.8289638234160        1.33381060230097     
   8.16348000000000        30.1405700038101        1.15998985200975     
   8.17708580000000        30.1584255338146       0.985521311535061     
   8.19069160000000        30.4969751715910       0.604629631318250     
   8.20429740000000        30.9690756163734       0.497609321429487     
   8.21790320000000        31.4247751946744       0.567108228358827     
   8.23150900000000        31.8240626641924       0.788818446733931     
   8.24511480000000        32.1262840154136        1.27029053426749     
   8.25872060000000        31.7443209848405        1.67593309941891     
   8.27232640000000        31.8662208845199        1.53751203514226     
   8.28593220000000        31.7144805687711        1.88085463571396     
   8.29953800000000        31.5890027295647        1.93896217703980     
   8.31314380000000        31.3619518485409        1.77707875030635     
   8.32674960000000        31.1511434961984        1.65729656383415     
   8.34035540000000        31.3296353418056        1.08630752395541     
   8.35396120000000        31.7996580923703       0.989458549338489     
   8.36756700000000        32.3493388322007        1.11650730183545     
   8.38117280000000        32.5116698572959        1.91626653308952     
   8.39477860000000        32.0188433336459        1.87393884731503     
   8.40838440000000        31.9434880295136        2.13641750379445     
   8.42199020000000        31.5663078713043        1.62484591772981     
   8.43559600000000        32.0740965405977        1.42410557114895     
   8.44920180000000        32.1152099271285        1.58247697693465     
   8.46280760000000        32.4972345198411        1.31587536790665     
   8.47641340000000        33.2784917661170        1.87895610098059     
   8.49001920000000        32.7700358453578        3.31416179583513     
   8.50362500000000        31.6039713276675        2.96246268236601     
   8.51723080000000        31.3031805824351        2.50303444829339     
   8.53083660000000        31.2207890549956        1.81993639798705     
   8.54444240000000        31.8614196398466        1.35724184568976     
   8.55804820000000        32.6293989657794        1.80284728406956     
   8.57165400000000        32.2538569091490        2.61767630831212     
   8.58525980000000        31.7211195079344        2.47071878177606     
   8.59886560000000        32.0789708420921        2.43324019961003     
   8.61247140000000        31.1071277466296        3.09795549878578     
   8.62607720000000        30.7374175584735        2.00917548287940     
   8.63968300000000        30.7594677251651        1.62075976493098     
   8.65328880000000        31.1507722954677        1.04671305522702     
   8.66689460000000        31.6629451927843        1.00268418268566     
   8.68050040000000        31.9420412983665        1.38731258296607     
   8.69410620000000        31.5571348638993        1.27837636517280     
   8.70771200000000        31.9367633285004        1.09540385764803     
   8.72131780000000        31.8385924406798        1.38232299823417     
   8.73492360000000        31.7402244864422        1.08688440097282     
   8.74852940000000        31.9778160506719       0.803343118287018     
   8.76213520000000        32.4037861071055       0.870444474230357     
   8.77574100000000        32.6079480603400        1.30203679527693     
   8.78934680000000        31.9935097432064        1.84087569954150     
   8.80295260000000        31.5141908616653       0.997536403050442     
   8.81655840000000        31.9137903070372       0.541842236769171     
   8.83016420000000        32.2871431118007       0.449168729057603     
   8.84377000000000        32.5809512099302       0.473841580754205     
   8.85737580000000        32.7825272480594       0.627747882644580     
   8.87098160000000        32.7646490189301       0.682768931282130     
   8.88458740000000        32.9754925301419       0.661676965764001     
   8.89819320000000        33.1253524703987       0.765331466425483     
   8.91179900000000        33.2783209258556        1.11848867744478     
   8.92540480000000        32.8556905593102        1.42732304110279     
   8.93901060000000        32.5027770806007        1.03619840718072     
   8.95261640000000        32.5212420314767       0.720796997448281     
   8.96622220000000        32.7540362347606       0.416476613804278     
   8.97982800000000        33.0658665516944       0.338030101449383     
   8.99343380000000        33.3115857796857       0.433927298335000     
   9.00703960000000        33.3235275674966       0.516274608925807     
   9.02064540000000        33.4065596199010       0.404963817521768     
   9.03425120000000        33.6111784121629       0.364695536603411     
   9.04785700000000        33.8683596307366       0.362396378427277     
   9.06146280000000        34.1946016590331       0.507024746511510     
   9.07506860000000        34.5145631961613       0.977078779258867     
   9.08867440000000        33.9365087570493        1.69460270009485     
   9.10228020000000        33.5212667590794        1.09125913158533     
   9.11588600000000        33.9356443388064        1.02136569045219     
   9.12949180000000        33.7401103201514        1.57968973511259     
   9.14309760000000        33.2591434815773        1.16304228809195     
   9.15670340000000        33.2599707902306       0.876908367095203     
   9.17030920000000        33.4443468898327       0.583615911347553     
   9.18391500000000        33.6317302496767       0.521381000289183     
   9.19752080000000        33.8398831419721       0.449185701355345     
   9.21112660000000        33.9851481293419       0.604420838712053     
   9.22473240000000        33.8585243243279       0.666160351049282     
   9.23833820000000        33.8279751894856       0.399494357203005     
   9.25194400000000        34.0543034902706       0.262835963837208     
   9.26554980000000        34.2638041820919       0.285112552652532     
   9.27915560000000        34.3013499117259       0.343426251845192     
   9.29276140000000        34.4088199935410       0.232064483005471     
   9.30636720000000        34.6136254417086       0.209196822969709     
   9.31997300000000        34.8275329518353       0.269034929734451     
   9.33357880000000        35.0410329383804       0.404268574675182     
   9.34718460000000        35.2440803244051       0.807588164564970     
   9.36079040000000        34.6168357175872        1.35966454642773     
   9.37439620000000        34.1809770274692       0.674991614693400     
   9.38800200000000        34.4286424925825       0.319023201884794     
   9.40160780000000        34.6659501642212       0.205635898927222     
   9.41521360000000        34.8662594051648       0.174886220327813     
   9.42881940000000        35.0492641949376       0.207270054706842     
   9.44242520000000        35.1430774206477       0.355599630671764     
   9.45603100000000        35.0150748595983       0.315073436989184     
   9.46963680000000        35.1238324216205       0.165773757785493     
   9.48324260000000        35.2711949873304       0.115414568334912     
   9.49684840000000        35.4064116346689       9.825801391132405E-002
   9.51045420000000        35.5348084495033       9.505085393745262E-002
   9.52406000000000        35.6591517987020       0.103865117039784     
   9.53766580000000        35.7798821270962       0.114503769479989     
   9.55127160000000        35.9199211906009       0.142737632088253     
   9.56487740000000        36.0433524630520       0.230550512849767     
   9.57848320000000        36.0975772828519       0.279016591387396     
   9.59208900000000        36.2013137156208       0.378798972487772     
   9.60569480000000        36.1972006422711       0.446589331941728     
   9.61930060000000        36.1588561812700       0.511909142628764     
   9.63290640000000        36.1650323073704       0.435298266404101     
   9.64651220000000        36.1888496343106       0.449887080906500     
   9.66011800000000        36.1472570660305       0.329684360006034     
   9.67372380000000        36.2992525078497       0.192833409363360     
   9.68732960000000        36.4749882533679       0.160630174480882     
   9.70093540000000        36.6186256608853       0.183477727198622     
   9.71454120000000        36.7328192208265       0.179974751990787     
   9.72814700000000        36.8834217185637       0.200965469184852     
   9.74175280000000        37.0069057793270       0.258654278413817     
   9.75535860000000        37.0628055363361       0.304889674258939     
   9.76896440000000        37.1993255047894       0.241848847474972     
   9.78257020000000        37.4371452774558       0.264834737989259     
   9.79617600000000        37.7247680154626       0.404282112523340     
   9.80978180000000        37.9899497622928       0.814339972396897     
   9.82338760000000        37.7071013194580        1.53297623464669     
   9.83699340000000        36.8656969427880        1.15595513483048     
   9.85059920000000        37.1190762755663       0.652227549091673     
   9.86420500000000        37.4394147514963       0.599855688483503     
   9.87781080000000        37.6669210347202       0.652500730095088     
   9.89141660000000        38.0352653300812       0.894876658414222     
   9.90502240000000        37.8066117401165        1.72723870981299     
   9.91862820000000        36.9730767108630        1.25589330743935     
   9.93223400000000        37.2904557864033       0.778070571527452     
   9.94583980000000        37.6454475825701       0.957999863915602     
   9.95944560000000        37.3218342844206        1.28920666319674     
   9.97305140000000        37.0311330800488       0.826750425658570     
   9.98665720000000        37.2391937300134       0.457287303069463     
   10.0002630000000        37.5233853702742       0.323163308148926     
   10.0138688000000        37.7835855906701       0.279371166642105     
   10.0274746000000        38.0310309550951       0.344254557163910     
   10.0410804000000        38.1101094001263       0.470374335507593     
   10.0546862000000        38.1844927109208       0.452617995750334     
   10.0682920000000        38.3641412209644       0.471479624361677     
   10.0818978000000        38.3963931033340       0.616114128182436     
   10.0955036000000        38.4263699872012       0.547696989186546     
   10.1091094000000        38.5004675277917       0.573074914564096     
   10.1227152000000        38.5822318480816       0.463200461601627     
   10.1363210000000        38.7970377808407       0.416589926555429     
   10.1499268000000        39.0325054279117       0.449711902773456     
   10.1635326000000        39.2449926696474       0.506814988296591     
   10.1771384000000        39.6278605168962       0.621744239019589     
   10.1907442000000        40.1331676304988        1.14648669221945     
   10.2043500000000        39.8580091239776        2.54395712224160     
   10.2179558000000        38.2343571836956        2.32870690239161     
   10.2315616000000        38.0837043177258        1.30052515511475     
   10.2451674000000        38.5930936168568        1.03830212427234     
   10.2587732000000        38.5502118546707        1.25643500229667     
   10.2723790000000        38.3337031017441       0.942569556136332     
   10.2859848000000        38.5451449924648       0.529759862659057     
   10.2995906000000        38.9047540906674       0.376194793203127     
   10.3131964000000        39.2381853327990       0.379520505066376     
   10.3268022000000        39.5516334345843       0.467177453151835     
   10.3404080000000        39.8960041706285       0.799721135080715     
   10.3540138000000        39.6513071108641        1.42470377616245     
   10.3676196000000        39.1003013245527        1.43994386272016     
   10.3812254000000        38.7961974132540       0.831102043141403     
   10.3948312000000        39.0961478054584       0.488758224215243     
   10.4084370000000        39.3497619447177       0.388094907971372     
   10.4220428000000        39.4988322700789       0.387346108044312     
   10.4356486000000        39.6494526186183       0.284422640111585     
   10.4492544000000        39.8612712315854       0.277013050951032     
   10.4628602000000        40.0285527751496       0.353881049995071     
   10.4764660000000        40.0298033213409       0.397013630115442     
   10.4900718000000        40.1615965465256       0.332609624164071     
   10.5036776000000        40.2607480231135       0.436414915579849     
   10.5172834000000        40.1565638250460       0.371140064589676     
   10.5308892000000        40.2908372787061       0.200155116352394     
   10.5444950000000        40.4648486033300       0.139223374452540     
   10.5581008000000        40.6213401324736       0.114826944171420     
   10.5717066000000        40.7654010616450       0.102958974813681     
   10.5853124000000        40.9021173169159       9.653242224844204E-002
   10.5989182000000        41.0345526919655       9.298843938861034E-002
   10.6125240000000        41.1646587276017       9.127998056614033E-002
   10.6261298000000        41.2938617262629       9.102063951942797E-002
   10.6397356000000        41.4234225132330       9.229430196841702E-002
   10.6533414000000        41.5547132343760       9.594826588561763E-002
   10.6669472000000        41.6889882520558       0.105229104869551     
   10.6805530000000        41.8186604019649       0.129043003966786     
   10.6941588000000        41.9288973827238       0.140647794166263     
   10.7077646000000        42.0504327059436       0.160137047552006     
   10.7213704000000        42.1497771605318       0.147503484476722     
   10.7349762000000        42.2993646267927       0.132582710419165     
   10.7485820000000        42.4607568195407       0.147350468558411     
   10.7621878000000        42.6046997051408       0.189608259658087     
   10.7757936000000        42.7502866295801       0.199579839350018     
   10.7893994000000        42.9534341956569       0.266037220012769     
   10.8030052000000        43.0741494242541       0.497084963282065     
   10.8166110000000        42.8688497218791       0.489117101529984     
   10.8302168000000        43.0189171434785       0.279502339134782     
   10.8438226000000        43.2584616826130       0.223423586760821     
   10.8574284000000        43.5032365078710       0.228007148587840     
   10.8710342000000        43.7694053528774       0.272307854825192     
   10.8846400000000        44.0865119733549       0.384383327101122     
   10.8982458000000        44.4658064350798       0.692891863602623     
   10.9118516000000        44.4881836891935        1.49306400849995     
   10.9254574000000        43.6722869430313        1.41220687735370     
   10.9390632000000        43.9863003558415       0.983264589740491     
   10.9526690000000        44.3936535135566        1.36129502410548     
   10.9662748000000        44.2610074218416        1.81475989486861     
   10.9798806000000        43.3794324021519        2.44110148709714     
   10.9934864000000        42.6963210488665        1.26383794084142     
   11.0070922000000        43.1603291723153       0.642951253051677     
   11.0206980000000        43.5616495184611       0.508531564749206     
   11.0343038000000        43.7253739010968       0.429505570371437     
   11.0479096000000        43.9714385601814       0.281520490422969     
   11.0615154000000        44.2316721261148       0.221132884635802     
   11.0751212000000        44.4694573994967       0.197175641957483     
   11.0887270000000        44.6953022622988       0.192456776673687     
   11.1023328000000        44.9162785173129       0.209972839688844     
   11.1159386000000        45.1208177214578       0.249705198605778     
   11.1295444000000        45.3153374465985       0.335457404173626     
   11.1431502000000        45.3905889718711       0.371965538589610     
   11.1567560000000        45.5890850390509       0.369450941074067     
   11.1703618000000        45.7482659418867       0.419008229275241     
   11.1839676000000        45.9111689622163       0.537759761741940     
   11.1975734000000        45.9332784332354       0.533104966873238     
   11.2111792000000        46.2097975117322       0.548396860022064     
   11.2247850000000        46.2661984657822       0.937119174986978     
   11.2383908000000        45.8953698750072       0.729900483440339     
   11.2519966000000        46.1406270281090       0.437914003897014     
   11.2656024000000        46.3724485851596       0.411738599959426     
   11.2792082000000        46.5705805645929       0.340114505341934     
   11.2928140000000        46.8181483360787       0.386200499998419     
   11.3064198000000        46.8623442637285       0.433285699423882     
   11.3200256000000        47.0336408662739       0.295346991723873     
   11.3336314000000        47.2973469719677       0.263138156198947     
   11.3472372000000        47.5526526393789       0.324906791915863     
   11.3608430000000        47.6423858217362       0.446761005609740     
   11.3744488000000        47.7488593822273       0.320046033266205     
   11.3880546000000        48.0125535968726       0.259406177865238     
   11.4016604000000        48.2926361936163       0.261993206838262     
   11.4152662000000        48.5945149480793       0.306594864227498     
   11.4288720000000        48.9420638543818       0.427267094883822     
   11.4424778000000        49.3198800371833       0.767978604901562     
   11.4560836000000        49.2597865604544        1.58038647047546     
   11.4696894000000        48.2925215542660        1.33881771832414     
   11.4832952000000        48.5161227395374       0.733410165299011     
   11.4969010000000        48.7794736412733       0.544589006062852     
   11.5105068000000        49.1039578327824       0.405816379597556     
   11.5241126000000        49.3855559414165       0.423585874339795     
   11.5377184000000        49.5736710999848       0.393193054008732     
   11.5513242000000        49.7948272257708       0.368273753191973     
   11.5649300000000        50.0104599681052       0.298650179453073     
   11.5785358000000        50.2895369487839       0.258709824177645     
   11.5921416000000        50.5731570259129       0.256577403092629     
   11.6057474000000        50.8614522132889       0.286933957105364     
   11.6193532000000        51.1247789377130       0.386748630517590     
   11.6329590000000        51.2634085362081       0.435722102602315     
   11.6465648000000        51.4627744926317       0.457955322606135     
   11.6601706000000        51.6131664312393       0.376582271827618     
   11.6737764000000        51.9106141801675       0.299877487972015     
   11.6873822000000        52.2249143099485       0.283234946025103     
   11.7009880000000        52.5436008654371       0.290193500756318     
   11.7145938000000        52.8766396484004       0.315833043934711     
   11.7281996000000        53.2364549540973       0.375736292185232     
   11.7418054000000        53.6171079139142       0.537213956414287     
   11.7554112000000        53.7494373547712       0.846399099917011     
   11.7690170000000        53.8342137517804       0.677601676375147     
   11.7826228000000        54.3174276045445       0.655417493566052     
   11.7962286000000        54.7792469021630        1.00843820402816     
   11.8098344000000        54.6810967974613        1.45245563136508     
   11.8234402000000        54.2867433004313        1.37889968644164     
   11.8370460000000        54.5004395655298       0.765650081676141     
   11.8506518000000        55.0265459044296       0.533097992278024     
   11.8642576000000        55.5229984600510       0.460917569303033     
   11.8778634000000        55.9987629650357       0.446112841565731     
   11.8914692000000        56.4762795927022       0.469292386382912     
   11.9050750000000        56.9565891017428       0.556732939729362     
   11.9186808000000        57.3287705464248       0.682296761495863     
   11.9322866000000        57.7022826167784       0.723704408590247     
   11.9458924000000        58.0827982996147       0.666048538640312     
   11.9594982000000        58.6506125107145       0.616113531238050     
   11.9731040000000        59.2887947300908       0.668496751913061     
   11.9867098000000        59.9891592546610       0.838656223594710     
   12.0003156000000        60.6279986714453        1.26395306500006     
   12.0139214000000        61.0133909260315        1.63842865400517     
   12.0275272000000        61.0256869895044        2.11931296825019     
   12.0411330000000        61.2111902989948        1.55924436888042     
   12.0547388000000        62.1512703837263        1.41437593495030     
   12.0683446000000        63.0280192318397        1.60527387633547     
   12.0819504000000        63.7164788985033        2.13882200628008     
   12.0955562000000        64.1078706734077        2.24065177583817     
   12.1091620000000        64.5514284157572        2.11881591954944     
   12.1227678000000        65.5756854872791        1.78281829941636     
   12.1363736000000        66.9880765108452        1.68856483328246     
   12.1499794000000        68.5721695035020        1.87639310591230     
   12.1635852000000        70.3259509332419        2.27975494214366     
   12.1771910000000        72.2823286868306        2.68313050241951     
   12.1907968000000        74.9983131047476        3.33147197087935     
   12.2044026000000        78.6239940048573        4.66400538340673     
   12.2180084000000        83.6618962580715        7.41279961869223     
   12.2316142000000        90.9014835999871        13.7608121493378     
   12.2452200000000        98.9830324791342        32.3593452558186     
   12.2588258000000        71.0603873441111        67.7073984143515     
   12.2724316000000        34.5228285669232        36.9607976873926     
   12.2860374000000        41.9270508235592        15.5698304796485     
   12.2996432000000        50.2834995335728        8.73431748813593     
   12.3132490000000        56.3041802355590        6.20441305334701     
   12.3268548000000        61.2403346238730        5.09797690854879     
   12.3404606000000        65.8334802402403        4.91927208963823     
   12.3540664000000        70.3332374775368        5.39604553285770     
   12.3676722000000        75.5628397464126        6.42495174717710     
   12.3812780000000        82.2415445816215        8.82972891955373     
   12.3948838000000        91.4957382075717        14.4199128918236     
   12.4084896000000        104.127266350496        29.6604647794947     
   12.4220954000000        101.991679914164        72.5970302648848     
   12.4357012000000        40.5147163967718        84.3461037022537     
   12.4493070000000        19.0864521926077        41.7684856184202     
   12.4629128000000        31.5474024476076        19.8620881991378     
   12.4765186000000        43.8452101853637        13.6666143979221     
   12.4901244000000        54.3770906611513        14.8881237133440     
   12.5037302000000        60.3803773299649        27.1436828914206     
   12.5173360000000        39.2942869366922        34.2548322663363     
   12.5309418000000        35.8425329058345        15.5909721030030     
   12.5445476000000        42.7696365732258        8.47103997263145     
   12.5581534000000        48.2748740029283        6.49288924750931     
   12.5717592000000        51.5487600618367        5.68378621785181     
   12.5853650000000        55.0368811251755        4.41748118468634     
   12.5989708000000        58.6339381068610        4.09946822430046     
   12.6125766000000        61.9294795872855        4.16264690177495     
   12.6261824000000        65.4203203677158        4.16740865325438     
   12.6397882000000        69.4874954894801        4.60676246602539     
   12.6533940000000        74.2416939418473        5.56070365120003     
   12.6669998000000        80.1117645996403        7.37663552534182     
   12.6806056000000        88.0020025152083        10.8904909314294     
   12.6942114000000        99.2184831805496        19.0829964906853     
   12.7078172000000        112.031673822597        42.3220160467643     
   12.7214230000000        87.1009930961667        83.5589259703026     
   12.7350288000000        60.7718808329885        72.5459746130950     
   12.7486346000000        30.6828510258007        82.6944413627141     
   12.7622404000000        12.0888596335348        41.1341241148887     
   12.7758462000000        27.1847156604378        21.7296947182213     
   12.7894520000000        41.4267728490976        18.7531404146083     
   12.8030578000000        49.9031411023921        29.3547599546706     
   12.8166636000000        30.5002490355095        35.8502384236209     
   12.8302694000000        28.0621654073837        16.8454888157803     
   12.8438752000000        35.7700064057657        9.28209252204555     
   12.8574810000000        42.3666015141989        6.75722900815516     
   12.8710868000000        47.6183567678812        6.24735315145961     
   12.8846926000000        52.2085401603834        6.18410420849288     
   12.8982984000000        57.5652430719665        7.41093591518604     
   12.9119042000000        63.7674696254733        11.5499294807547     
   12.9255100000000        67.3518235811104        25.2960098406704     
   12.9391158000000        44.3760741993162        33.6853454507966     
   12.9527216000000        39.2391089314467        15.0560597725795     
   12.9663274000000        45.4475473946763        7.69358007897648     
   12.9799332000000        50.7344309922761        5.18234729602358     
   12.9935390000000        55.0611945152379        4.20454691965271     
   13.0071448000000        58.9409126702947        3.86926476883543     
   13.0207506000000        62.7307444620058        3.91346738604087     
   13.0343564000000        66.7150264560891        4.28873115097492     
   13.0479622000000        71.2028487538009        5.08397595672491     
   13.0615680000000        76.6329570720870        6.58492565504734     
   13.0751738000000        83.7214051011326        9.61966268453698     
   13.0887796000000        93.5112161277549        16.7779439248812     
   13.1023854000000        103.912575985510        37.5731181807308     
   13.1159912000000        75.3445494885370        72.5738799112494     
   13.1295970000000        47.8686597908890        42.1059346490346     
   13.1432028000000        63.2362885762243        28.5973036537321     
   13.1568086000000        79.6367211994140        40.7226220773614     
   13.1704144000000        59.3984708025563        74.4856417221239     
   13.1840202000000        27.5265800301884        44.8081986389632     
   13.1976260000000        41.0068968304741        25.2602591060441     
   13.2112318000000        57.7432027017130        25.5390149174179     
   13.2248376000000        69.1124012714461        47.1734411593161     
   13.2384434000000        29.3662986770075        69.6104856539085     
   13.2520492000000        13.5815629601616        32.1337255274461     
   13.2656550000000        25.6091472550902        16.1098920289112     
   13.2792608000000        36.3619881498102        11.4460295983585     
   13.2928666000000        45.7539123564835        11.7830396412514     
   13.3064724000000        54.1457630494995        19.0842962409758     
   13.3200782000000        45.7810171771715        36.5006867190994     
   13.3336840000000        27.8104209303035        22.3834972833270     
   13.3472898000000        33.1934166840633        10.2830747331939     
   13.3608956000000        39.3302944502778        6.21699120863519     
   13.3745014000000        44.0739759252172        4.60793098230740     
   13.3881072000000        47.9453045094102        3.82867642306263     
   13.4017130000000        51.4186396899250        3.47687029403734     
   13.4153188000000        54.7410596107175        3.43071870279296     
   13.4289246000000        58.0875461704092        3.80044810958551     
   13.4425304000000        61.1126264180690        4.84743923049091     
   13.4561362000000        63.8702883650203        5.35774923968680     
   13.4697420000000        67.3627362337599        6.17883539822263     
   13.4833478000000        72.1444869770758        7.51539139587193     
   13.4969536000000        78.3312971377048        10.4848704691174     
   13.5105594000000        87.6930493174124        18.2499318922028     
   13.5241652000000        94.7335486291497        42.9267119215113     
   13.5377710000000        52.9487025448945        68.3362352608466     
   13.5513768000000        34.3187456438904        32.5524649801283     
   13.5649826000000        44.9960398091328        17.1979946682345     
   13.5785884000000        56.0990319294803        13.2740348784607     
   13.5921942000000        67.3653097023809        15.7690347656901     
   13.6058000000000        79.1791633410001        29.1176390916291     
