 #Independent Particle T
 #Numkpts,nspin=         216           1
 #spin=           1
 #Number of BSE conduction states=           3
 #Number of BSE valence          states=           8
 #Total number of val/cond states=           6           6
 #Gaussian broadening= F
 #If not Gaussian broadening then Lorentzian
 #Broadenings=  1.000000000000000E-003  1.000000000000000E-003
 #LDA energies used as N.L. potential correction in BSE program and NOT lmf F
 #direction of q-vector=
 #  0.000000000000000E+000  0.000000000000000E+000   1.00000000000000     
 #Energy(eV),Real(eps),Imag(eps)
  0.000000000000000E+000   25.8086116020305      -1.035547107489860E-002
  1.360580000000000E-002   25.8086298899120      -1.035542116828185E-002
  2.721160000000000E-002   25.8086847538888      -1.035527144524812E-002
  4.081740000000000E-002   25.8087761949575      -1.035502189624763E-002
  5.442320000000000E-002   25.8089042147793      -1.035467250536023E-002
  6.802900000000001E-002   25.8090688156799      -1.035422325029272E-002
  8.163480000000001E-002   25.8092700006503      -1.035367410237297E-002
  9.524060000000001E-002   25.8095077733471      -1.035302502654285E-002
  0.108846400000000        25.8097821380925      -1.035227598134823E-002
  0.122452200000000        25.8100930998755      -1.035142691893123E-002
  0.136058000000000        25.8104406643520      -1.035047778501545E-002
  0.149663800000000        25.8108248378462      -1.034942851889438E-002
  0.163269600000000        25.8112456273507      -1.034827905341515E-002
  0.176875400000000        25.8117030405279      -1.034702931496213E-002
  0.190481200000000        25.8121970857112      -1.034567922343830E-002
  0.204087000000000        25.8127277719054      -1.034422869224523E-002
  0.217692800000000        25.8132951087884      -1.034267762826134E-002
  0.231298600000000        25.8138991067127      -1.034102593181761E-002
  0.244904400000000        25.8145397767061      -1.033927349667427E-002
  0.258510200000000        25.8152171304739      -1.033742020999187E-002
  0.272116000000000        25.8159311803999      -1.033546595230417E-002
  0.285721800000000        25.8166819395482      -1.033341059748719E-002
  0.299327600000000        25.8174694216655      -1.033125401272719E-002
  0.312933400000000        25.8182936411819      -1.032899605848735E-002
  0.326539200000000        25.8191546132138      -1.032663658847106E-002
  0.340145000000000        25.8200523535653      -1.032417544958624E-002
  0.353750800000000        25.8209868787311      -1.032161248190426E-002
  0.367356600000000        25.8219582058976      -1.031894751862000E-002
  0.380962400000000        25.8229663529464      -1.031618038600854E-002
  0.394568200000000        25.8240113384559      -1.031331090338042E-002
  0.408174000000000        25.8250931817042      -1.031033888303471E-002
  0.421779800000000        25.8262119026720      -1.030726413021020E-002
  0.435385600000000        25.8273675220443      -1.030408644303514E-002
  0.448991400000000        25.8285600612148      -1.030080561247403E-002
  0.462597200000000        25.8297895422874      -1.029742142227301E-002
  0.476203000000000        25.8310559880803      -1.029393364890301E-002
  0.489808800000000        25.8323594221283      -1.029034206150094E-002
  0.503414600000000        25.8336998686869      -1.028664642180868E-002
  0.517020400000000        25.8350773527351      -1.028284648410913E-002
  0.530626200000000        25.8364918999791      -1.027894199516211E-002
  0.544232000000000        25.8379435368559      -1.027493269413497E-002
  0.557837800000000        25.8394322905370      -1.027081831253397E-002
  0.571443600000000        25.8409581889324      -1.026659857413148E-002
  0.585049400000000        25.8425212606942      -1.026227319489112E-002
  0.598655200000000        25.8441215352209      -1.025784188288977E-002
  0.612261000000000        25.8457590426619      -1.025330433824062E-002
  0.625866800000000        25.8474338139212      -1.024866025300767E-002
  0.639472600000000        25.8491458806623      -1.024390931112395E-002
  0.653078400000000        25.8508952753125      -1.023905118830164E-002
  0.666684200000000        25.8526820310681      -1.023408555194446E-002
  0.680290000000000        25.8545061818985      -1.022901206105280E-002
  0.693895800000000        25.8563677625517      -1.022383036613041E-002
  0.707501600000000        25.8582668085593      -1.021854010908402E-002
  0.721107400000000        25.8602033562418      -1.021314092312269E-002
  0.734713200000000        25.8621774427135      -1.020763243265444E-002
  0.748319000000000        25.8641891058889      -1.020201425317786E-002
  0.761924800000000        25.8662383844876      -1.019628599117189E-002
  0.775530600000000        25.8683253180405      -1.019044724398326E-002
  0.789136400000000        25.8704499468957      -1.018449759970765E-002
  0.802742200000000        25.8726123122246      -1.017843663707168E-002
  0.816348000000000        25.8748124560282      -1.017226392530759E-002
  0.829953800000000        25.8770504211435      -1.016597902402689E-002
  0.843559600000000        25.8793262512501      -1.015958148309020E-002
  0.857165400000000        25.8816399908772      -1.015307084247173E-002
  0.870771200000000        25.8839916854101      -1.014644663212159E-002
  0.884377000000000        25.8863813810977      -1.013970837182474E-002
  0.897982800000000        25.8888091250595      -1.013285557105371E-002
  0.911588600000000        25.8912749652935      -1.012588772881949E-002
  0.925194400000000        25.8937789506833      -1.011880433351682E-002
  0.938800200000000        25.8963211310061      -1.011160486276668E-002
  0.952406000000000        25.8989015569412      -1.010428878325260E-002
  0.966011800000000        25.9015202800774      -1.009685555055428E-002
  0.979617600000000        25.9041773529219      -1.008930460897427E-002
  0.993223400000000        25.9068728289093      -1.008163539136345E-002
   1.00682920000000        25.9096067624093      -1.007384731893804E-002
   1.02043500000000        25.9123792087371      -1.006593980109365E-002
   1.03404080000000        25.9151902241614      -1.005791223521348E-002
   1.04764660000000        25.9180398659148      -1.004976400647178E-002
   1.06125240000000        25.9209281922031      -1.004149448763156E-002
   1.07485820000000        25.9238552622154      -1.003310303883669E-002
   1.08846400000000        25.9268211361337      -1.002458900739805E-002
   1.10206980000000        25.9298258751443      -1.001595172757449E-002
   1.11567560000000        25.9328695414476      -1.000719052034727E-002
   1.12928140000000        25.9359521982695      -9.998304693188055E-003
   1.14288720000000        25.9390739098724      -9.989293539820920E-003
   1.15649300000000        25.9422347415665      -9.980156339977829E-003
   1.17009880000000        25.9454347597217      -9.970892359146326E-003
   1.18370460000000        25.9486740317798      -9.961500848312130E-003
   1.19731040000000        25.9519526262662      -9.951981043692062E-003
   1.21091620000000        25.9552706128028      -9.942332166462620E-003
   1.22452200000000        25.9586280621210      -9.932553422476597E-003
   1.23812780000000        25.9620250460746      -9.922644001977678E-003
   1.25173360000000        25.9654616376536      -9.912603079300279E-003
   1.26533940000000        25.9689379109974      -9.902429812566886E-003
   1.27894520000000        25.9724539414099      -9.892123343372668E-003
   1.29255100000000        25.9760098053728      -9.881682796464406E-003
   1.30615680000000        25.9796055805616      -9.871107279406537E-003
   1.31976260000000        25.9832413458600      -9.860395882241831E-003
   1.33336840000000        25.9869171813756      -9.849547677138925E-003
   1.34697420000000        25.9906331684559      -9.838561718031682E-003
   1.36058000000000        25.9943893897049      -9.827437040248285E-003
   1.37418580000000        25.9981859289993      -9.816172660127796E-003
   1.38779160000000        26.0020228715059      -9.804767574627062E-003
   1.40139740000000        26.0059003036991      -9.793220760916944E-003
   1.41500320000000        26.0098183133788      -9.781531175964867E-003
   1.42860900000000        26.0137769896887      -9.769697756106003E-003
   1.44221480000000        26.0177764231356      -9.757719416602077E-003
   1.45582060000000        26.0218167056082      -9.745595051187338E-003
   1.46942640000000        26.0258979303972      -9.733323531599928E-003
   1.48303220000000        26.0300201922155      -9.720903707100634E-003
   1.49663800000000        26.0341835872189      -9.708334403976783E-003
   1.51024380000000        26.0383882130278      -9.695614425030951E-003
   1.52384960000000        26.0426341687485      -9.682742549054157E-003
   1.53745540000000        26.0469215549961      -9.669717530284372E-003
   1.55106120000000        26.0512504739170      -9.656538097847179E-003
   1.56466700000000        26.0556210292131      -9.643202955180320E-003
   1.57827280000000        26.0600333261653      -9.629710779439240E-003
   1.59187860000000        26.0644874716586      -9.616060220886445E-003
   1.60548440000000        26.0689835742074      -9.602249902260085E-003
   1.61909020000000        26.0735217439818      -9.588278418124201E-003
   1.63269600000000        26.0781020928342      -9.574144334197333E-003
   1.64630180000000        26.0827247343264      -9.559846186662018E-003
   1.65990760000000        26.0873897837584      -9.545382481450624E-003
   1.67351340000000        26.0920973581967      -9.530751693509788E-003
   1.68711920000000        26.0968475765045      -9.515952266040704E-003
   1.70072500000000        26.1016405593715      -9.500982609715601E-003
   1.71433080000000        26.1064764293460      -9.485841101869423E-003
   1.72793660000000        26.1113553108661      -9.470526085663719E-003
   1.74154240000000        26.1162773302931      -9.455035869225459E-003
   1.75514820000000        26.1212426159455      -9.439368724757320E-003
   1.76875400000000        26.1262512981333      -9.423522887616539E-003
   1.78235980000000        26.1313035091942      -9.407496555367267E-003
   1.79596560000000        26.1363993835298      -9.391287886798090E-003
   1.80957140000000        26.1415390576437      -9.374895000908632E-003
   1.82317720000000        26.1467226701801      -9.358315975860773E-003
   1.83678300000000        26.1519503619632      -9.341548847897695E-003
   1.85038880000000        26.1572222760391      -9.324591610221533E-003
   1.86399460000000        26.1625385577169      -9.307442211837191E-003
   1.87760040000000        26.1678993546124      -9.290098556353545E-003
   1.89120620000000        26.1733048166925      -9.272558500745442E-003
   1.90481200000000        26.1787550963214      -9.254819854070871E-003
   1.91841780000000        26.1842503483067      -9.236880376145897E-003
   1.93202360000000        26.1897907299490      -9.218737776169815E-003
   1.94562940000000        26.1953764010909      -9.200389711305705E-003
   1.95923520000000        26.2010075241687      -9.181833785207080E-003
   1.97284100000000        26.2066842642652      -9.163067546494827E-003
   1.98644680000000        26.2124067891638      -9.144088487176906E-003
   2.00005260000000        26.2181752694051      -9.124894041013933E-003
   2.01365840000000        26.2239898783438      -9.105481581822780E-003
   2.02726420000000        26.2298507922088      -9.085848421719406E-003
   2.04087000000000        26.2357581901638      -9.065991809297201E-003
   2.05447580000000        26.2417122543711      -9.045908927737696E-003
   2.06808160000000        26.2477131700558      -9.025596892850167E-003
   2.08168740000000        26.2537611255734      -9.005052751039787E-003
   2.09529320000000        26.2598563124787      -8.984273477197217E-003
   2.10889900000000        26.2659989255971      -8.963255972508790E-003
   2.12250480000000        26.2721891630980      -8.941997062183628E-003
   2.13611060000000        26.2784272265706      -8.920493493092513E-003
   2.14971640000000        26.2847133211022      -8.898741931316971E-003
   2.16332220000000        26.2910476553592      -8.876738959600247E-003
   2.17692800000000        26.2974304416698      -8.854481074701012E-003
   2.19053380000000        26.3038618961108      -8.831964684642235E-003
   2.20413960000000        26.3103422385959      -8.809186105848386E-003
   2.21774540000000        26.3168716929676      -8.786141560171989E-003
   2.23135120000000        26.3234504870925      -8.762827171797384E-003
   2.24495700000000        26.3300788529587      -8.739238964020353E-003
   2.25856280000000        26.3367570267771      -8.715372855896216E-003
   2.27216860000000        26.3434852490867      -8.691224658749349E-003
   2.28577440000000        26.3502637648626      -8.666790072540072E-003
   2.29938020000000        26.3570928236274      -8.642064682078052E-003
   2.31298600000000        26.3639726795680      -8.617043953077578E-003
   2.32659180000000        26.3709035916552      -8.591723228046744E-003
   2.34019760000000        26.3778858237674      -8.566097722000713E-003
   2.35380340000000        26.3849196448196      -8.540162517990812E-003
   2.36740920000000        26.3920053288962      -8.513912562442751E-003
   2.38101500000000        26.3991431553890      -8.487342660287335E-003
   2.39462080000000        26.4063334091397      -8.460447469883262E-003
   2.40822660000000        26.4135763805885      -8.433221497711767E-003
   2.42183240000000        26.4208723659267      -8.405659092836047E-003
   2.43543820000000        26.4282216672566      -8.377754441112771E-003
   2.44904400000000        26.4356245927559      -8.349501559141203E-003
   2.46264980000000        26.4430814568495      -8.320894287937511E-003
   2.47625560000000        26.4505925803865      -8.291926286318656E-003
   2.48986140000000        26.4581582908253      -8.262591023979126E-003
   2.50346720000000        26.4657789224246      -8.232881774246198E-003
   2.51707300000000        26.4734548164427      -8.202791606494637E-003
   2.53067880000000        26.4811863213442      -8.172313378200909E-003
   2.54428460000000        26.4889737930147      -8.141439726619040E-003
   2.55789040000000        26.4968175949842      -8.110163060055591E-003
   2.57149620000000        26.5047180986595      -8.078475548721001E-003
   2.58510200000000        26.5126756835656      -8.046369115132632E-003
   2.59870780000000        26.5206907375977      -8.013835424044994E-003
   2.61231360000000        26.5287636572827      -7.980865871879069E-003
   2.62591940000000        26.5368948480517      -7.947451575618394E-003
   2.63952520000000        26.5450847245244      -7.913583361148391E-003
   2.65313100000000        26.5533337108047      -7.879251750994734E-003
   2.66673680000000        26.5616422407897      -7.844446951433031E-003
   2.68034260000000        26.5700107584911      -7.809158838930121E-003
   2.69394840000000        26.5784397183708      -7.773376945870779E-003
   2.70755420000000        26.5869295856916      -7.737090445533644E-003
   2.72116000000000        26.5954808368824      -7.700288136263144E-003
   2.73476580000000        26.6040939599210      -7.662958424789419E-003
   2.74837160000000        26.6127694547320      -7.625089308643629E-003
   2.76197740000000        26.6215078336048      -7.586668357606973E-003
   2.77558320000000        26.6303096216294      -7.547682694133595E-003
   2.78918900000000        26.6391753571530      -7.508118972680299E-003
   2.80279480000000        26.6481055922568      -7.467963357869549E-003
   2.81640060000000        26.6571008932568      -7.427201501410018E-003
   2.83000640000000        26.6661618412268      -7.385818517689613E-003
   2.84361220000000        26.6752890325471      -7.343798957950822E-003
   2.85721800000000        26.6844830794803      -7.301126782954531E-003
   2.87082380000000        26.6937446107741      -7.257785334022600E-003
   2.88442960000000        26.7030742722950      -7.213757302350602E-003
   2.89803540000000        26.7124727276922      -7.169024696464348E-003
   2.91164120000000        26.7219406590968      -7.123568807694821E-003
   2.92524700000000        26.7314787678547      -7.077370173518315E-003
   2.93885280000000        26.7410877752984      -7.030408538616871E-003
   2.95245860000000        26.7507684235587      -6.982662813486486E-003
   2.96606440000000        26.7605214764188      -6.934111030408889E-003
   2.97967020000000        26.7703477202137      -6.884730296594445E-003
   2.99327600000000        26.7802479647781      -6.834496744276235E-003
   3.00688180000000        26.7902230444463      -6.783385477525153E-003
   3.02048760000000        26.8002738191053      -6.731370515528994E-003
   3.03409340000000        26.8104011753081      -6.678424732060238E-003
   3.04769920000000        26.8206060274491      -6.624519790828048E-003
   3.06130500000000        26.8308893190055      -6.569626076386874E-003
   3.07491080000000        26.8412520238504      -6.513712620236915E-003
   3.08851660000000        26.8516951476429      -6.456747021728458E-003
   3.10212240000000        26.8622197292987      -6.398695363329381E-003
   3.11572820000000        26.8728268425495      -6.339522119791592E-003
   3.12933400000000        26.8835175975955      -6.279190060688166E-003
   3.14293980000000        26.8942931428589      -6.217660145758149E-003
   3.15654560000000        26.9051546668463      -6.154891412426541E-003
   3.17015140000000        26.9161034001262      -6.090840854810788E-003
   3.18375720000000        26.9271406174334      -6.025463293452739E-003
   3.19736300000000        26.9382676399072      -5.958711234937841E-003
   3.21096880000000        26.9494858374753      -5.890534720469197E-003
   3.22457460000000        26.9607966313956      -5.820881162375992E-003
   3.23818040000000        26.9722014969661      -5.749695167417057E-003
   3.25178620000000        26.9837019664196      -5.676918345619382E-003
   3.26539200000000        26.9952996320158      -5.602489103254850E-003
   3.27899780000000        27.0069961493493      -5.526342418395526E-003
   3.29260360000000        27.0187932408903      -5.448409597319270E-003
   3.30620940000000        27.0306926997787      -5.368618009831978E-003
   3.31981520000000        27.0426963938937      -5.286890801349088E-003
   3.33342100000000        27.0548062702232      -5.203146579325271E-003
   3.34702680000000        27.0670243595592      -5.117299071326701E-003
   3.36063260000000        27.0793527815502      -5.029256751718842E-003
   3.37423840000000        27.0917937501421      -4.938922433555082E-003
   3.38784420000000        27.1043495794456      -4.846192821835450E-003
   3.40145000000000        27.1170226900693      -4.750958023804729E-003
   3.41505580000000        27.1298156159642      -4.653101011403906E-003
   3.42866160000000        27.1427310118308      -4.552497030340829E-003
   3.44226740000000        27.1557716611433      -4.449012949505081E-003
   3.45587320000000        27.1689404848552      -4.342506543596799E-003
   3.46947900000000        27.1822405508550      -4.232825700850535E-003
   3.48308480000000        27.1956750842544      -4.119807546589521E-003
   3.49669060000000        27.2092474785931      -4.003277472018009E-003
   3.51029640000000        27.2229613080641      -3.883048056106373E-003
   3.52390220000000        27.2368203408718      -3.758917866624491E-003
   3.53750800000000        27.2508285538489      -3.630670124257771E-003
   3.55111380000000        27.2649901484797      -3.498071211265559E-003
   3.56471960000000        27.2793095684936      -3.360869003217034E-003
   3.57832540000000        27.2937915192155      -3.218790998898148E-003
   3.59193120000000        27.3084409888900      -3.071542219405099E-003
   3.60553700000000        27.3232632722233      -2.918802842587860E-003
   3.61914280000000        27.3382639964235      -2.760225533246205E-003
   3.63274860000000        27.3534491500671      -2.595432422565323E-003
   3.64635440000000        27.3688251151630      -2.424011682002363E-003
   3.65996020000000        27.3843987028479      -2.245513626853070E-003
   3.67356600000000        27.4001771932181      -2.059446272661836E-003
   3.68717180000000        27.4161683798809      -1.865270252983154E-003
   3.70077760000000        27.4323806199146      -1.662392989144687E-003
   3.71438340000000        27.4488228900353      -1.450161980769468E-003
   3.72798920000000        27.4655048499225      -1.227857058896317E-003
   3.74159500000000        27.4824369138159      -9.946814102362181E-004
   3.75520080000000        27.4996303317126      -7.497511397199043E-004
   3.76880660000000        27.5170972817428      -4.920830867802027E-004
   3.78241240000000        27.5348509756163      -2.205805458188788E-004
   3.79601820000000        27.5529057794111       6.598354084413569E-005
   3.80962400000000        27.5712773524510       3.689864537703486E-004
   3.82322980000000        27.5899828076092       6.899793010409176E-004
   3.83683560000000        27.6090408971081       1.030715199462364E-003
   3.85044140000000        27.6284722288218       1.393183099402995E-003
   3.86404720000000        27.6482995192619       1.779648614124276E-003
   3.87765300000000        27.6685478909410       2.192703602531145E-003
   3.89125880000000        27.6892452237491       2.635326771435395E-003
   3.90486460000000        27.7104225725061       3.110958259308881E-003
   3.91847040000000        27.7321146661648       3.623592109546919E-003
   3.93207620000000        27.7543605085165       4.177891841611350E-003
   3.94568200000000        27.7772041061159       4.779336137161850E-003
   3.95928780000000        27.8006953570496       5.434404206501891E-003
   3.97289360000000        27.8248911450105       6.150814040808110E-003
   3.98649940000000        27.8498566981332       6.937832034152751E-003
   4.00010520000000        27.8756672931267       7.806680239908092E-003
   4.01371100000000        27.9024104152921       8.771079201167492E-003
   4.02731680000000        27.9301885286022       9.847982159769855E-003
   4.04092260000000        27.9591226743727       1.105858437995580E-002
   4.05452840000000        27.9893572139920       1.242973604412422E-002
   4.06813420000000        28.0210661804396       1.399596069851168E-002
   4.08174000000000        28.0544619388047       1.580240570600356E-002
   4.09534580000000        28.0898072376975       1.790926900843016E-002
   4.10895160000000        28.1274323709894       2.039864224293484E-002
   4.12255740000000        28.1677602705481       2.338546034374057E-002
   4.13616320000000        28.2113443253966       2.703574033248368E-002
   4.14976900000000        28.2589274143390       3.159843384572726E-002
   4.16337480000000        28.3115378627439       3.746428063925791E-002
   4.17698060000000        28.3706528701651       4.528220924627432E-002
   4.19058640000000        28.4384918627229       5.620958476092182E-002
   4.20419220000000        28.5185726269934       7.250920736764742E-002
   4.21779800000000        28.6168070125700       9.917449287631357E-002
   4.23140380000000        28.7434979675797       0.149164360094857     
   4.24500960000000        28.9132179716207       0.263936160503369     
   4.25861540000000        29.0749037748514       0.593318309225337     
   4.27222120000000        28.6232803413885        1.00272519663209     
   4.28582700000000        28.4174213182446       0.555045425452453     
   4.29943280000000        28.7017939656820       0.406821116334882     
   4.31303860000000        29.0291484178803       0.544514287088124     
   4.32664440000000        29.1347908248410        1.03068098109940     
   4.34025020000000        28.9424366018667        1.14240138162064     
   4.35385600000000        28.9503091796652        1.73651515868486     
   4.36746180000000        27.8938510232237        1.60562758729404     
   4.38106760000000        28.1230136960379       0.930999002479329     
   4.39467340000000        28.6591501959252        1.09551015720951     
   4.40827920000000        28.4048495526442        2.10561534152210     
   4.42188500000000        27.1401347481848        1.49357806006468     
   4.43549080000000        27.4156778930744       0.692601026549140     
   4.44909660000000        27.8398361191804       0.486067979409963     
   4.46270240000000        28.2010486814689       0.569470668689557     
   4.47630820000000        28.3165495977960       0.827004030869230     
   4.48991400000000        28.4462208567126        1.18447533786205     
   4.50351980000000        27.5662647356776        1.62650019230029     
   4.51712560000000        27.2469366124173       0.746961657755458     
   4.53073140000000        27.5481010048425       0.368097207434539     
   4.54433720000000        27.8088032821432       0.241630163345416     
   4.55794300000000        28.0234620823968       0.200749789868144     
   4.57154880000000        28.2222186537149       0.213041211868375     
   4.58515460000000        28.4128061089562       0.315036732670381     
   4.59876040000000        28.4201985146015       0.552880108492384     
   4.61236620000000        28.2275294866368       0.443464818069065     
   4.62597200000000        28.3892649233414       0.273159116627282     
   4.63957780000000        28.6010748116847       0.261580056176513     
   4.65318360000000        28.8106600051467       0.300457965926189     
   4.66678940000000        29.0952872008726       0.440491442533396     
   4.68039520000000        29.3426369431279       0.904704660291259     
   4.69400100000000        28.8265307614493        1.33149732887673     
   4.70760680000000        28.8091840212987        1.03425621276320     
   4.72121260000000        29.1447644961881        1.30822648700140     
   4.73481840000000        28.5958583860741        2.10593264742969     
   4.74842420000000        27.8389646041341        1.43055146005563     
   4.76203000000000        28.2403169754007        1.06701394594217     
   4.77563580000000        28.4030595948224        1.43595080635028     
   4.78924160000000        27.9478465068582        1.62486020469955     
   4.80284740000000        27.3856195820198        1.16704218746881     
   4.81645320000000        27.6370265438064       0.595315402845527     
   4.83005900000000        27.9754469181473       0.487343251543426     
   4.84366480000000        28.0998626275472       0.537928849693233     
   4.85727060000000        28.1253818526290       0.414056720753121     
   4.87087640000000        28.3533950423735       0.296391233385117     
   4.88448220000000        28.6193108899109       0.311590736340728     
   4.89808800000000        28.8936834150077       0.475078191913231     
   4.91169380000000        28.9107835996154       0.872087407654567     
   4.92529960000000        28.7229016073949       0.818945251074746     
   4.93890540000000        28.8758058826011       0.807125190038928     
   4.95251120000000        29.0273365448469        1.11709230939424     
   4.96611700000000        28.7461783406467        1.33749225192611     
   4.97972280000000        28.6940849015855        1.29552938191549     
   4.99332860000000        28.5141444792370        1.46372446022079     
   5.00693440000000        28.4126138602657        1.59891541612231     
   5.02054020000000        27.7386987086744        1.44632673826490     
   5.03414600000000        27.6968143067744       0.940017050402164     
   5.04775180000000        27.8230382543518       0.559022739681332     
   5.06135760000000        28.0773185384570       0.359388807644113     
   5.07496340000000        28.2976934646361       0.290460081384288     
   5.08856920000000        28.5007231022197       0.254328759262920     
   5.10217500000000        28.6733124028796       0.277248527214484     
   5.11578080000000        28.8361018044582       0.312320650708778     
   5.12938660000000        28.9881554586781       0.349498798759068     
   5.14299240000000        29.1932203396316       0.478834174892405     
   5.15659820000000        29.3066354158307       0.804077119082172     
   5.17020400000000        28.8604517344419        1.04658545831925     
   5.18380980000000        28.7773455925001       0.576017332654349     
   5.19741560000000        29.0930371822676       0.433294062373882     
   5.21102140000000        29.3474898303800       0.567300390325997     
   5.22462720000000        29.3274694747093       0.629636624137325     
   5.23823300000000        29.5831504835753       0.557294615305668     
   5.25183880000000        29.9049963977420       0.762142722147281     
   5.26544460000000        30.0687687701735        1.12944897236384     
   5.27905040000000        29.9002469948822        1.65949806800445     
   5.29265620000000        29.4586417596159        1.40778546081190     
   5.30626200000000        29.8121319683263        1.20453048709501     
   5.31986780000000        30.3312450908737        1.45087406615248     
   5.33347360000000        30.6059090691414        2.36318521864541     
   5.34707940000000        30.2471672315597        3.07489808349704     
   5.36068520000000        28.9823076593188        4.13682702276703     
   5.37429100000000        27.4581271497252        2.79491583103193     
   5.38789680000000        28.0339454269459        1.68257030013468     
   5.40150260000000        28.7964050560815        1.51360919423611     
   5.41510840000000        29.3526897131846        2.07082578530475     
   5.42871420000000        29.0425999733482        3.13824939656584     
   5.44232000000000        27.8054037591677        2.98937505447579     
   5.45592580000000        27.6732444828062        2.18881264430681     
   5.46953160000000        27.8992503914380        1.90210787495179     
   5.48313740000000        28.2802317970108        1.83371358109809     
   5.49674320000000        28.5820024678823        2.45165089528750     
   5.51034900000000        27.4225487429756        3.06669802609872     
   5.52395480000000        26.7228756216582        2.10375488252998     
   5.53756060000000        27.0486562729189        1.62667395706098     
   5.55116640000000        26.9268522381250        1.41903660823773     
   5.56477220000000        26.9222310005503        1.13501526552946     
   5.57837800000000        26.9728052019419       0.699588777994252     
   5.59198380000000        27.2709623251603       0.389721833983986     
   5.60558960000000        27.5597603577268       0.266041834067671     
   5.61919540000000        27.7940146315246       0.221144658576994     
   5.63280120000000        27.9688210289812       0.216317665539430     
   5.64640700000000        28.1259688028185       0.200797710109118     
   5.66001280000000        28.2581817961540       0.235438755864078     
   5.67361860000000        28.3441166963996       0.218809574316930     
   5.68722440000000        28.5016812153841       0.203115052157975     
   5.70083020000000        28.6884635493428       0.278527777963482     
   5.71443600000000        28.7836828010280       0.521857826528538     
   5.72804180000000        28.5809310637635       0.634353013537926     
   5.74164760000000        28.5253912193489       0.511161828062703     
   5.75525340000000        28.4702961377297       0.530726471638332     
   5.76885920000000        28.4496040065328       0.298761926337330     
   5.78246500000000        28.6148590834077       0.187616439824370     
   5.79607080000000        28.7738310785652       0.183893862018561     
   5.80967660000000        28.8618318242980       0.285310698121110     
   5.82328240000000        28.7669152270533       0.259374842224874     
   5.83688820000000        28.8486780846085       0.138371047912722     
   5.85049400000000        28.9624744827733       9.607275487446360E-002
   5.86409980000000        29.0652573832025       8.026666932835402E-002
   5.87770560000000        29.1609249612858       7.401042904300149E-002
   5.89131140000000        29.2539018788122       7.270702753085929E-002
   5.90491720000000        29.3475718499536       7.536114885750120E-002
   5.91852300000000        29.4453157936532       8.304185445716905E-002
   5.93212880000000        29.5512055484238       0.100081187659744     
   5.94573460000000        29.6703845017935       0.140976803002573     
   5.95934040000000        29.7742910217908       0.258427995026933     
   5.97294620000000        29.6864970674838       0.333225391901992     
   5.98655200000000        29.7590542577593       0.224371073642619     
   6.00015780000000        29.9342202936172       0.249672305841701     
   6.01376360000000        30.0384984558591       0.456025484722636     
   6.02736940000000        29.7933475728513       0.485155706714719     
   6.04097520000000        29.8767803755128       0.264843088113020     
   6.05458100000000        30.0529369946649       0.202994044583726     
   6.06818680000000        30.2308870823042       0.181638911516663     
   6.08179260000000        30.4259056907495       0.189795512170786     
   6.09539840000000        30.6431286867804       0.220380703574611     
   6.10900420000000        30.8997552854998       0.276666062785476     
   6.12261000000000        31.2219876186140       0.376318150458365     
   6.13621580000000        31.6534958996915       0.567767589665787     
   6.14982160000000        32.2603593488857        1.00066906857377     
   6.16342740000000        32.9334049497363        2.18230652561845     
   6.17703320000000        32.1512486467059        4.32011384295863     
   6.19063900000000        29.6450914803567        4.42479850157032     
   6.20424480000000        28.7516395763432        2.86550117592210     
   6.21785060000000        29.5608473981592        1.94427799621644     
   6.23145640000000        30.3141175000052        2.46943693328083     
   6.24506220000000        30.1284704789065        3.54721994385412     
   6.25866800000000        28.6987177918629        4.21887647706572     
   6.27227380000000        27.0344417957111        3.18371573044749     
   6.28587960000000        27.0043319038126        1.54657195074079     
   6.29948540000000        27.6726579482890       0.789007060890048     
   6.31309120000000        28.2169190277884       0.516417648792593     
   6.32669700000000        28.6395696344736       0.438024256200501     
   6.34030280000000        28.9363765088551       0.542301593190947     
   6.35390860000000        28.8791053315697       0.569281618817583     
   6.36751440000000        29.0285856054826       0.361833497767534     
   6.38112020000000        29.2530813846669       0.270728753423192     
   6.39472600000000        29.4956810035581       0.251562697661073     
   6.40833180000000        29.7479536665766       0.312564490895056     
   6.42193760000000        29.9758235578698       0.553925941047043     
   6.43554340000000        29.7348611244487       0.867731898211331     
   6.44914920000000        29.6441469624767       0.645519278730352     
   6.46275500000000        29.6519205880715       0.530876780912992     
   6.47636080000000        29.8689885884936       0.376073983526960     
   6.48996660000000        30.1688920410581       0.443077606646722     
   6.50357240000000        30.3187118700190       0.795469158299466     
   6.51717820000000        30.1149884679099       0.853023050827516     
   6.53078400000000        30.3275074972278        1.07290654427943     
   6.54438980000000        29.6027492662444        1.51496715291750     
   6.55799560000000        29.2956933648384       0.725724323031155     
   6.57160140000000        29.5997732201761       0.383929689123384     
   6.58520720000000        29.8734152449320       0.311915740250352     
   6.59881300000000        30.0384176587982       0.382632680885312     
   6.61241880000000        30.0066828438902       0.370388663259679     
   6.62602460000000        30.1411591263522       0.232894760539433     
   6.63963040000000        30.3380483417642       0.200550045520617     
   6.65323620000000        30.5468356631184       0.232302367842038     
   6.66684200000000        30.7884155758952       0.360894827704720     
   6.68044780000000        30.9923570516532       0.780696102611978     
   6.69405360000000        30.3467667343918        1.28977690709090     
   6.70765940000000        29.9779112581404       0.677194271043807     
   6.72126520000000        30.1784776970458       0.344369686108184     
   6.73487100000000        30.4110935732199       0.249126398460923     
   6.74847680000000        30.5885064189294       0.296725670377720     
   6.76208260000000        30.5445161938287       0.351412345915298     
   6.77568840000000        30.5993387030285       0.196855569042801     
   6.78929420000000        30.7421562700625       0.131088183179817     
   6.80290000000000        30.8734107385690       0.106918069260748     
   6.81650580000000        30.9941046261968       9.658646670278925E-002
   6.83011160000000        31.1094204849035       9.227722454863206E-002
   6.84371740000000        31.2228246425603       9.133186095424456E-002
   6.85732320000000        31.3367386576731       9.271892184388564E-002
   6.87092900000000        31.4531132393279       9.606371133932834E-002
   6.88453480000000        31.5737720555755       0.101341660057415     
   6.89814060000000        31.7006572883295       0.108793300189163     
   6.91174640000000        31.8360660476244       0.118949226727168     
   6.92535220000000        31.9829512135095       0.132758611292966     
   6.93895800000000        32.1453834619687       0.151891029074108     
   6.95256380000000        32.3293460532485       0.179431499727516     
   6.96616960000000        32.5441772799428       0.221659965695737     
   6.97977540000000        32.8047536393633       0.293444918397135     
   6.99338120000000        33.1260569441241       0.433690295377544     
   7.00698700000000        33.5178078454047       0.689973039650675     
   7.02059280000000        33.9996060105189        1.36707780482708     
   7.03419860000000        33.3209553034162        2.62389808722327     
   7.04780440000000        32.5405929925720        1.79392440518615     
   7.06141020000000        33.3224327590425        1.67042683487072     
   7.07501600000000        33.5171029959570        2.90480802010525     
   7.08862180000000        32.4376501303468        3.07888405322362     
   7.10222760000000        31.6038466481654        3.06472758756874     
   7.11583340000000        31.5791039761740        2.02860496559414     
   7.12943920000000        31.8733951897026        2.15026389946714     
   7.14304500000000        31.7072155550840        1.64095080047800     
   7.15665080000000        32.3245820479092        1.53801912674294     
   7.17025660000000        32.5622789699831        1.64211074438840     
   7.18386240000000        33.1758699335769        2.14537534727010     
   7.19746820000000        32.5311084010202        3.00047609109491     
   7.21107400000000        31.8941111410523        3.16956732382948     
   7.22467980000000        31.1613275855498        2.09973836509599     
   7.23828560000000        31.9922579106051        1.50946709065469     
   7.25189140000000        32.6480212697506        2.16388051639088     
   7.26549720000000        31.5141746418184        2.60139522664170     
   7.27910300000000        31.4452626773326        1.38020156305453     
   7.29270880000000        32.2009885340424       0.938512928754762     
   7.30631460000000        32.9188315760605        1.00631585190512     
   7.31992040000000        33.3255100737933        1.28609264825825     
   7.33352620000000        33.9247770762947        1.57828339691297     
   7.34713200000000        33.9631841009698        2.45292519799200     
   7.36073780000000        33.7881026628371        2.36220864229717     
   7.37434360000000        34.5173601279717        3.08050059634512     
   7.38794940000000        33.4134505592249        4.18963509437993     
   7.40155520000000        32.3498919999354        3.38980365663870     
   7.41516100000000        32.8771257041185        2.68320507792222     
   7.42876680000000        33.4501197335548        2.41794720990083     
   7.44237260000000        34.1930146668381        2.71303310328501     
   7.45597840000000        35.0297582771806        3.66568165792899     
   7.46958420000000        34.2073194101131        4.70112693267261     
   7.48319000000000        34.7042819242056        4.75416453517973     
   7.49679580000000        33.9740657802196        6.50480132517516     
   7.51040160000000        32.5932403062301        6.37588029797367     
   7.52400740000000        32.2467613170539        6.16109486761356     
   7.53761320000000        32.1455370920999        5.88090852229813     
   7.55121900000000        32.6200359860140        7.13407270996841     
   7.56482480000000        28.7133400343025        7.86853055906964     
   7.57843060000000        28.5288733891364        4.25052400329488     
   7.59203640000000        30.3405944855753        3.47236529113558     
   7.60564220000000        31.5359525698183        4.97097989437880     
   7.61924800000000        28.6776599350225        5.59059815137462     
   7.63285380000000        28.8847617467799        3.00119819795715     
   7.64645960000000        30.2350626818234        2.55575967632139     
   7.66006540000000        31.1497650234438        2.69074652336827     
   7.67367120000000        31.5506206811206        3.48648349322563     
   7.68727700000000        31.9211563931907        3.93198645975897     
   7.70088280000000        31.8607581846238        5.41031175107099     
   7.71448860000000        29.1540693279329        6.42575481686108     
   7.72809440000000        27.7697278592393        3.55814849442371     
   7.74170020000000        29.1370624606612        2.01838333926971     
   7.75530600000000        30.5883824970426        1.85569486644667     
   7.76891180000000        31.7716484489399        2.89116508703211     
   7.78251760000000        30.4927359324352        4.54737654035137     
   7.79612340000000        29.6059810396849        2.87981986409120     
   7.80972920000000        30.6237446518299        2.43582997551750     
   7.82333500000000        31.3599266293996        2.55711942249895     
   7.83694080000000        31.9065451809141        3.85732847614034     
   7.85054660000000        31.0793736738503        4.07709968245654     
   7.86415240000000        31.2189480081170        5.54409861747390     
   7.87775820000000        27.8254043077718        5.19878450380253     
   7.89136400000000        28.1683031612936        2.63354808341257     
   7.90496980000000        29.3307958989450        2.30433498657116     
   7.91857560000000        29.1977870113336        2.38018325034325     
   7.93218140000000        29.7394174982756        1.67570652657393     
   7.94578720000000        30.5947431285079        2.08580465486673     
   7.95939300000000        30.0616901571859        2.80297055015591     
   7.97299880000000        29.5870173356927        1.99513072294560     
   7.98660460000000        30.3688837111142        1.50792830027514     
   8.00021040000000        31.1853368689717        2.00697030602940     
   8.01381620000000        30.8057698753529        3.37631622799656     
   8.02742200000000        29.2558568529607        2.76870968418106     
   8.04102780000000        29.5018467276230        1.47876110560634     
   8.05463360000000        30.3650841465120        1.12615780243259     
   8.06823940000000        31.0948205176281        1.48614012002290     
   8.08184520000000        31.1481107063565        2.04480860762929     
   8.09545100000000        30.9849482789823        2.98226044979279     
   8.10905680000000        29.3447758425104        2.40582148631223     
   8.12266260000000        29.7107952892704        1.24578708840365     
   8.13626840000000        30.3719452588080       0.887480059772779     
   8.14987420000000        30.9835751771447        1.00971064514026     
   8.16348000000000        31.1513403023977        1.60919564037603     
   8.17708580000000        30.4164723355619        1.59967772012529     
   8.19069160000000        30.5772990003925       0.842408935880592     
   8.20429740000000        31.1117159574691       0.602210596077233     
   8.21790320000000        31.6379156747959       0.625354348479971     
   8.23150900000000        32.1720855549913       0.873573001415592     
   8.24511480000000        32.6231285626688        1.66607218427990     
   8.25872060000000        31.5188843966281        2.58175303236007     
   8.27232640000000        31.1098472242324        1.49379128351686     
   8.28593220000000        31.7469401096176        1.28736818314590     
   8.29953800000000        31.9019419522718        1.87381510088766     
   8.31314380000000        31.4228020321433        1.75384205056130     
   8.32674960000000        31.4222658827500        1.37081644928244     
   8.34035540000000        31.8737796749696        1.11034986134408     
   8.35396120000000        32.2485715619725        1.29878968172113     
   8.36756700000000        32.7868059481282        1.58353969663891     
   8.38117280000000        32.6423959737428        2.93288997468523     
   8.39477860000000        31.3163594669221        2.46517432523864     
   8.40838440000000        31.4959636381073        2.07311303678299     
   8.42199020000000        31.8114121544149        1.84398931202204     
   8.43559600000000        31.8640240761828        2.78390155730190     
   8.44920180000000        30.4875716931201        2.18495012072831     
   8.46280760000000        30.9908447137217        1.22214371774713     
   8.47641340000000        31.7186589020079        1.25626714723722     
   8.49001920000000        31.7691586057790        1.90089159120032     
   8.50362500000000        31.2042174638051        2.01683137088861     
   8.51723080000000        30.8031768609273        1.33941884860664     
   8.53083660000000        31.1327146241769       0.911566015081527     
   8.54444240000000        31.4000153282517       0.676487771350710     
   8.55804820000000        31.7854054095592       0.516004591035495     
   8.57165400000000        32.2001827001385       0.532170958294595     
   8.58525980000000        32.6737097308089       0.724510571725200     
   8.59886560000000        33.1028363192149        1.45257606804913     
   8.61247140000000        32.0440289344024        2.44742941000157     
   8.62607720000000        31.4083377807308        1.45442225496806     
   8.63968300000000        31.5700174919279        1.04317091521199     
   8.65328880000000        31.8812489253329       0.807790723526419     
   8.66689460000000        31.9578064032494       0.775464604354944     
   8.68050040000000        32.2121751901491       0.572890431978690     
   8.69410620000000        32.5534299236074       0.587336187377139     
   8.70771200000000        32.9036860025915       0.906123577041353     
   8.72131780000000        32.5102565678360        1.39678968071857     
   8.73492360000000        32.2884772645504       0.996476282535486     
   8.74852940000000        32.5213450121125       0.790856038794496     
   8.76213520000000        32.7516414675172       0.922126835444419     
   8.77574100000000        32.7287067127804        1.15880177850535     
   8.78934680000000        32.4218642773075        1.32226011428526     
   8.80295260000000        32.1703268319083       0.790696848126310     
   8.81655840000000        32.5144617677594       0.483370762612827     
   8.83016420000000        32.8536639224020       0.478084073794477     
   8.84377000000000        33.1281064036838       0.615409748886104     
   8.85737580000000        33.2363547668769        1.02217686045727     
   8.87098160000000        32.6886339785551        1.11954799172723     
   8.88458740000000        32.7412570133618       0.701937383685662     
   8.89819320000000        32.9488620818630       0.575412735703266     
   8.91179900000000        33.2504875050994       0.667467465479488     
   8.92540480000000        33.1827689365850        1.03773653295387     
   8.93901060000000        32.9307532565924       0.928676097261114     
   8.95261640000000        32.7382235995676       0.808591157887160     
   8.96622220000000        32.8302224032488       0.430569949269644     
   8.97982800000000        33.0991082250102       0.310579520174944     
   8.99343380000000        33.3164662836609       0.377031678682642     
   9.00703960000000        33.3073527908146       0.509771261601872     
   9.02064540000000        33.2181963354598       0.370410413103579     
   9.03425120000000        33.3571167133472       0.226390354814858     
   9.04785700000000        33.5192980761238       0.167622981871762     
   9.06146280000000        33.6806765062438       0.161377400896862     
   9.07506860000000        33.8382512675031       0.209762042700263     
   9.08867440000000        33.8941905052351       0.359720876808005     
   9.10228020000000        33.8086501722219       0.308826370296346     
   9.11588600000000        33.9044260784276       0.203301553191868     
   9.12949180000000        34.0618600844936       0.186600708246866     
   9.14309760000000        34.1834023418574       0.279376883286589     
   9.15670340000000        34.1347821063426       0.310183705495033     
   9.17030920000000        34.2169260744314       0.255163492033589     
   9.18391500000000        34.2666779813419       0.273504431400045     
   9.19752080000000        34.3470915485389       0.227114616855960     
   9.21112660000000        34.4072932792508       0.274150299669536     
   9.22473240000000        34.4376712852231       0.195718804288287     
   9.23833820000000        34.5810255302174       0.155206785985719     
   9.25194400000000        34.7413395684285       0.183903740197866     
   9.26554980000000        34.8936047424696       0.319615649584835     
   9.27915560000000        34.8223880121613       0.525592696260451     
   9.29276140000000        34.6700684985231       0.526238925160719     
   9.30636720000000        34.6624569991478       0.335297421055363     
   9.31997300000000        34.7852381803437       0.338111759924293     
   9.33357880000000        34.7261957676366       0.298528129319812     
   9.34718460000000        34.8090765334172       0.183595570820175     
   9.36079040000000        34.9168077622788       0.120765512962021     
   9.37439620000000        35.0321406159811       9.201825895793733E-002
   9.38800200000000        35.1395974058324       8.197500709783989E-002
   9.40160780000000        35.2434184586321       8.198883179609996E-002
   9.41521360000000        35.3495118779420       9.428025738211943E-002
   9.42881940000000        35.4608306931738       0.137990270445094     
   9.44242520000000        35.5116009808095       0.266266357022532     
   9.45603100000000        35.3910742325373       0.239129625062875     
   9.46963680000000        35.4637207796862       0.122407480638564     
   9.48324260000000        35.5690531825147       8.309579726690287E-002
   9.49684840000000        35.6649530836272       6.857079804501615E-002
   9.51045420000000        35.7543315144072       6.240371875493228E-002
   9.52406000000000        35.8405077526626       6.005681285529582E-002
   9.53766580000000        35.9257682333770       6.027400486626955E-002
   9.55127160000000        36.0121964509197       6.345691776740524E-002
   9.56487740000000        36.1021960171988       7.243127215876173E-002
   9.57848320000000        36.1969609430048       9.789956906984879E-002
   9.59208900000000        36.2633632700287       0.162855369712483     
   9.60569480000000        36.2758581131025       0.181708434069896     
   9.61930060000000        36.2798275786901       0.171831247413198     
   9.63290640000000        36.3400846096730       0.104903416228359     
   9.64651220000000        36.4364998902967       7.641628839109470E-002
   9.66011800000000        36.5296439117608       6.702464118146349E-002
   9.67372380000000        36.6197320206011       6.430003783628521E-002
   9.68732960000000        36.7093701290823       6.525662886955919E-002
   9.70093540000000        36.8005647527538       7.062043687414066E-002
   9.71454120000000        36.8910728155204       8.601151265353925E-002
   9.72814700000000        36.9640190136049       0.100475452644709     
   9.74175280000000        37.0442309727324       9.617286614068161E-002
   9.75535860000000        37.1481766911150       9.284691499545339E-002
   9.76896440000000        37.2665294281135       0.104850660330734     
   9.78257020000000        37.4020280055594       0.134821977835286     
   9.79617600000000        37.5672923109171       0.205003718530674     
   9.80978180000000        37.7622677430687       0.402292660948078     
   9.82338760000000        37.6715546527940       0.905397666699809     
   9.83699340000000        37.0934148622486       0.715194401529259     
   9.85059920000000        37.2099896106420       0.397007063040249     
   9.86420500000000        37.3318507409872       0.326487088578023     
   9.87781080000000        37.4262926483551       0.253904823237951     
   9.89141660000000        37.5429951691076       0.254857415563944     
   9.90502240000000        37.5798067201786       0.200899967612581     
   9.91862820000000        37.7079633223773       0.137649254785943     
   9.93223400000000        37.8439309150507       0.117779892966804     
   9.94583980000000        37.9753754348719       0.118329717375888     
   9.95944560000000        38.1057413497151       0.123465858964502     
   9.97305140000000        38.2516286008913       0.139481737574115     
   9.98665720000000        38.4175412934290       0.177413016779701     
   10.0002630000000        38.6062866455903       0.255986976655895     
   10.0138688000000        38.8570763080901       0.412951440168574     
   10.0274746000000        39.1221738783917       0.908689989447144     
   10.0410804000000        38.4360653514034        1.72275973750026     
   10.0546862000000        37.7105769521152        1.07664691895581     
   10.0682920000000        37.8533837299594       0.623973803228897     
   10.0818978000000        37.9441799839230       0.436655887133022     
   10.0955036000000        38.1192098725437       0.264325681628790     
   10.1091094000000        38.2911910044163       0.186027675759930     
   10.1227152000000        38.4435682744660       0.156262828446848     
   10.1363210000000        38.5603936786033       0.148998133406253     
   10.1499268000000        38.6588031756212       0.118418648906350     
   10.1635326000000        38.7755850232076       9.775956168104223E-002
   10.1771384000000        38.8827929052076       8.813383479277798E-002
   10.1907442000000        38.9879945460626       7.946946271289677E-002
   10.2043500000000        39.0906992407010       7.496022562259565E-002
   10.2179558000000        39.1906475811537       7.234030516177582E-002
   10.2315616000000        39.2888336962325       7.077345289061469E-002
   10.2451674000000        39.3859639365874       6.993258581259079E-002
   10.2587732000000        39.4825799713295       6.967540082925792E-002
   10.2723790000000        39.5791027374769       6.991501207611225E-002
   10.2859848000000        39.6760931589646       7.061582414650348E-002
   10.2995906000000        39.7740355657780       7.211821237603271E-002
   10.3131964000000        39.8727944447115       7.503076146576217E-002
   10.3268022000000        39.9720895975754       7.738817132163799E-002
   10.3404080000000        40.0761764054870       8.035808194719066E-002
   10.3540138000000        40.1851151360920       8.643569536865596E-002
   10.3676196000000        40.3011078457773       9.757268537141611E-002
   10.3812254000000        40.4282654546801       0.120420576053022     
   10.3948312000000        40.5665844606233       0.174459838501256     
   10.4084370000000        40.6965834741226       0.300544251301225     
   10.4220428000000        40.5948856921560       0.482991405288835     
   10.4356486000000        40.5563881674874       0.303249426930436     
   10.4492544000000        40.7403325657741       0.261723784261261     
   10.4628602000000        40.8588301269188       0.418346809679575     
   10.4764660000000        40.6606666816901       0.426117206065098     
   10.4900718000000        40.7376975449065       0.215939112426398     
   10.5036776000000        40.8956283998012       0.140454334927158     
   10.5172834000000        41.0378714231009       0.112825094291303     
   10.5308892000000        41.1679013960811       0.100758637113390     
   10.5444950000000        41.2913431176118       9.507571200554639E-002
   10.5581008000000        41.4115614960313       9.259652390776381E-002
   10.5717066000000        41.5306283113980       9.204416135527452E-002
   10.5853124000000        41.6499912174115       9.288559704469186E-002
   10.5989182000000        41.7708399791605       9.495228305263342E-002
   10.6125240000000        41.8943392088726       9.832179628108637E-002
   10.6261298000000        42.0218304089322       0.103327559029918     
   10.6397356000000        42.1550836024810       0.110698215130172     
   10.6533414000000        42.2967041985538       0.121962898741274     
   10.6669472000000        42.4508660082575       0.140646252030383     
   10.6805530000000        42.6243085449356       0.176441167735001     
   10.6941588000000        42.8208390759201       0.262417372153785     
   10.7077646000000        42.9351863673034       0.467334024955592     
   10.7213704000000        42.9063395772437       0.444977354955371     
   10.7349762000000        43.1829443662876       0.424941735890186     
   10.7485820000000        43.5555899278342       0.676774965914992     
   10.7621878000000        43.6901013972360        1.41770255177879     
   10.7757936000000        42.7875731145856        2.14255639534478     
   10.7893994000000        41.9006402547936        1.18606932098545     
   10.8030052000000        42.2273999488002       0.533256062527495     
   10.8166110000000        42.5677660339103       0.313989286649484     
   10.8302168000000        42.8320830392938       0.224210359894415     
   10.8438226000000        43.0495679168804       0.180426498549512     
   10.8574284000000        43.2399471718637       0.156543381184084     
   10.8710342000000        43.4141857615641       0.142640610382070     
   10.8846400000000        43.5786121371364       0.134340809384622     
   10.8982458000000        43.7371301083690       0.129493745480789     
   10.9118516000000        43.8923253882001       0.126962613871850     
   10.9254574000000        44.0460432651853       0.126121815848247     
   10.9390632000000        44.1997109384779       0.126630686430940     
   10.9526690000000        44.3545289803751       0.128325709880014     
   10.9662748000000        44.5116066312594       0.131152275673838     
   10.9798806000000        44.6720903322979       0.135178997701675     
   10.9934864000000        44.8372125105456       0.140586744436997     
   11.0070922000000        45.0084364201100       0.147681333448243     
   11.0206980000000        45.1875975775616       0.156961100389634     
   11.0343038000000        45.3771147389302       0.169213770011009     
   11.0479096000000        45.5803405320655       0.185717473005276     
   11.0615154000000        45.8021026164547       0.208622512758664     
   11.0751212000000        46.0497073964558       0.241725938256281     
   11.0887270000000        46.3347851687600       0.292269413072238     
   11.1023328000000        46.6768489140336       0.375534194066498     
   11.1159386000000        47.1096049606953       0.528621599700646     
   11.1295444000000        47.6793820466676       0.854998342619281     
   11.1431502000000        48.4068279511224        1.60974317224462     
   11.1567560000000        48.6721387288457        3.69076242191533     
   11.1703618000000        46.2871932050612        4.76797446676085     
   11.1839676000000        44.3596018693407        4.61819373292652     
   11.1975734000000        43.3731547649052        2.26294248199117     
   11.2111792000000        44.1632702725664        1.06287737342437     
   11.2247850000000        44.8438640165744       0.640383924537981     
   11.2383908000000        45.3531024628445       0.465569482675138     
   11.2519966000000        45.7611825992573       0.407607591892911     
   11.2656024000000        46.0413924028226       0.427083457155936     
   11.2792082000000        46.2781867962279       0.362693273929726     
   11.2928140000000        46.5509218896818       0.389930985170819     
   11.3064198000000        46.6470829720391       0.410841108892710     
   11.3200256000000        46.8462244573267       0.289310694324819     
   11.3336314000000        47.1048223541269       0.253418744515110     
   11.3472372000000        47.3485653914970       0.285256511408870     
   11.3608430000000        47.4719642186146       0.358635061404528     
   11.3744488000000        47.5980540493870       0.263215553945513     
   11.3880546000000        47.8202560315026       0.209489260613165     
   11.4016604000000        48.0398646649082       0.191614116749393     
   11.4152662000000        48.2533819275811       0.185772358317746     
   11.4288720000000        48.4650122242350       0.186377737858702     
   11.4424778000000        48.6773604771941       0.193693740555921     
   11.4560836000000        48.8942893362125       0.207849501215844     
   11.4696894000000        49.1242056499440       0.248178696719638     
   11.4832952000000        49.3231070600925       0.373262907152594     
   11.4969010000000        49.3057996755313       0.415483948563648     
   11.5105068000000        49.4683929912304       0.270627271326808     
   11.5241126000000        49.7034994558839       0.220388896248498     
   11.5377184000000        49.9306118165589       0.202538804011800     
   11.5513242000000        50.1537806563387       0.195931405562013     
   11.5649300000000        50.3749615330217       0.194092615390853     
   11.5785358000000        50.5968468769777       0.195033165967994     
   11.5921416000000        50.8208136375962       0.198414182953065     
   11.6057474000000        51.0479861288164       0.205897297509847     
   11.6193532000000        51.2727191158811       0.223837147044484     
   11.6329590000000        51.4777187757512       0.227931796402186     
   11.6465648000000        51.7088310371786       0.216514664959168     
   11.6601706000000        51.9498411917184       0.215487092458526     
   11.6737764000000        52.1942716884776       0.218222139308860     
   11.6873822000000        52.4427265452582       0.222434507186259     
   11.7009880000000        52.6959792831696       0.227499265287761     
   11.7145938000000        52.9546822264914       0.233238036142707     
   11.7281996000000        53.2194513313872       0.239634346322718     
   11.7418054000000        53.4909417032149       0.246773039584261     
   11.7554112000000        53.7699225361639       0.254867412413685     
   11.7690170000000        54.0573989508768       0.264399390641428     
   11.7826228000000        54.3547923892115       0.276656059721644     
   11.7962286000000        54.6637601119245       0.295825658885805     
   11.8098344000000        54.9772899003497       0.336392268034133     
   11.8234402000000        55.2426367392537       0.369445628291899     
   11.8370460000000        55.5567279466645       0.340106648523396     
   11.8506518000000        55.9114252584376       0.337818875112842     
   11.8642576000000        56.2795789157733       0.349531644748664     
   11.8778634000000        56.6641197265286       0.369643828229450     
   11.8914692000000        57.0711540106916       0.401210181496511     
   11.9050750000000        57.5079939750888       0.459053753142767     
   11.9186808000000        57.9648778880604       0.587414320407703     
   11.9322866000000        58.2987478124291       0.847070181635734     
   11.9458924000000        58.3935653489108       0.806792296574058     
   11.9594982000000        58.8593948119325       0.614339938642339     
   11.9731040000000        59.4296511830737       0.579093964982074     
   11.9867098000000        60.0226077431146       0.620711707131000     
   12.0003156000000        60.6174079823618       0.750639801806718     
   12.0139214000000        61.1270284939910       0.923677608886980     
   12.0275272000000        61.5227111730412       0.928689980016811     
   12.0411330000000        62.2056234370769       0.832322387534138     
   12.0547388000000        62.9918051339448       0.847351605826194     
   12.0683446000000        63.8591611686160       0.919790304402395     
   12.0819504000000        64.8365410707499        1.05467348726331     
   12.0955562000000        65.9687631263652        1.30259612048606     
   12.1091620000000        67.3081156104870        1.83911456717672     
   12.1227678000000        68.4689384453261        3.19117429115987     
   12.1363736000000        68.2295156014335        4.09709817918031     
   12.1499794000000        68.2002411018604        3.86893830459657     
   12.1635852000000        69.7549482152936        2.90598026223752     
   12.1771910000000        72.1718354157747        2.97237610245458     
   12.1907968000000        74.9742633776327        3.52418355215085     
   12.2044026000000        78.6852075167606        4.74797789184122     
   12.2180084000000        83.8047424411875        7.39362795087612     
   12.2316142000000        91.2128827006975        13.7124295151443     
   12.2452200000000        99.3523698051928        32.3856260894973     
   12.2588258000000        71.4254226001017        67.7635740338676     
   12.2724316000000        34.9039026691028        37.0153486801896     
   12.2860374000000        42.3393935359613        15.6444255783347     
   12.2996432000000        50.7376033078206        8.87921676158557     
   12.3132490000000        56.6119488091688        6.55209590674793     
   12.3268548000000        61.3040270974713        5.24327895020355     
   12.3404606000000        65.9137868633179        4.83731723867150     
   12.3540664000000        70.6376050031494        5.17870820099240     
   12.3676722000000        75.9844523411987        6.30993430529098     
   12.3812780000000        82.6882579152804        8.79270756031445     
   12.3948838000000        91.9306209803420        14.4211507405992     
   12.4084896000000        104.562023892941        29.6833044909395     
   12.4220954000000        102.436357719573        72.6553396403660     
   12.4357012000000        40.9358975741409        84.4850962278428     
   12.4493070000000        19.3967777242290        41.9470393926005     
   12.4629128000000        31.7637813733742        19.9599488280625     
   12.4765186000000        44.0657529000631        13.7069348325884     
   12.4901244000000        54.6010214724394        14.9193070888853     
   12.5037302000000        60.5721080534592        27.2166153653827     
   12.5173360000000        39.2908326406905        34.3240716431780     
   12.5309418000000        35.6950556361239        15.4752014289315     
   12.5445476000000        42.4884526259927        8.08756178345995     
   12.5581534000000        48.0044903141388        5.50526801508836     
   12.5717592000000        52.2984466622904        4.31903808117752     
   12.5853650000000        56.0957838626591        3.76198765540587     
   12.5989708000000        59.5921155507833        3.63690256120972     
   12.6125766000000        62.9308913834589        3.73526906007482     
   12.6261824000000        66.4734730345291        3.92416765021423     
   12.6397882000000        70.4988876223837        4.44721249854238     
   12.6533940000000        75.2212713963804        5.45092506599193     
   12.6669998000000        81.1196125662095        7.27661599161371     
   12.6806056000000        89.0249019549245        10.8568166392000     
   12.6942114000000        100.234400708144        19.0707842398030     
   12.7078172000000        113.060391414242        42.2677779488514     
   12.7214230000000        88.3163929453178        83.2837746900034     
   12.7350288000000        62.9344814725434        72.5327205927942     
   12.7486346000000        33.0605630996233        84.2392096600014     
   12.7622404000000        12.3408988044332        43.6354031378240     
   12.7758462000000        26.6698130699132        22.7658974536047     
   12.7894520000000        41.1715422739881        19.1717352014876     
   12.8030578000000        49.8524371658557        29.5435165545038     
   12.8166636000000        30.5746546890579        35.8978921333840     
   12.8302694000000        28.2915667248114        16.7349030442022     
   12.8438752000000        36.1923592150002        9.20387639769993     
   12.8574810000000        42.7867421987141        6.68658716476004     
   12.8710868000000        48.0981545387883        5.91969286890581     
   12.8846926000000        53.1430472168876        5.87223767807924     
   12.8982984000000        58.7543736512388        7.22631849764805     
   12.9119042000000        65.2680399772704        11.7694271109861     
   12.9255100000000        68.9636726418245        26.1471234538196     
   12.9391158000000        45.0467061718043        35.4159639502768     
   12.9527216000000        39.1117323041449        15.8884453485898     
   12.9663274000000        45.5210837289040        8.05265197470589     
   12.9799332000000        51.0008515246984        5.39111138370974     
   12.9935390000000        55.4719565773590        4.36105438192801     
   13.0071448000000        59.4728628580628        4.02002936926846     
   13.0207506000000        63.3593390040853        4.11401450824918     
   13.0343564000000        67.3332533160688        4.52312351278396     
   13.0479622000000        71.8809661862964        5.26615021836633     
   13.0615680000000        77.4208357361784        6.74689600035329     
   13.0751738000000        84.6504659900660        9.79471874436529     
   13.0887796000000        94.6173609093129        16.9978916109207     
   13.1023854000000        105.253232793553        37.8931668135369     
   13.1159912000000        77.0178714521217        73.1058636826630     
   13.1295970000000        50.0164527749509        43.1848442650918     
   13.1432028000000        65.4443292374222        31.2254770185084     
   13.1568086000000        79.7866643612535        43.9984048519396     
   13.1704144000000        58.6093475925839        76.6666604844028     
   13.1840202000000        27.1699538252753        46.4479323315844     
   13.1976260000000        40.2446121177674        27.5404090393687     
   13.2112318000000        56.0888403038387        26.8323591037223     
   13.2248376000000        67.7863903235577        47.7507414495969     
   13.2384434000000        28.3592748208904        69.9367185884528     
   13.2520492000000        12.7966571234033        32.3565934497778     
   13.2656550000000        24.9798278988807        16.2992846714933     
   13.2792608000000        35.7896759836956        11.6259611608242     
   13.2928666000000        45.2354553161518        11.8634987486247     
   13.3064724000000        53.7939970586968        19.0477271071044     
   13.3200782000000        45.6901420220886        36.5981202284478     
   13.3336840000000        27.6668433921096        22.7731807055571     
   13.3472898000000        32.8586658799563        10.5971287228771     
   13.3608956000000        39.0961432549410        6.53445207070217     
   13.3745014000000        43.7217199968213        5.21783231290519     
   13.3881072000000        47.2137486400712        4.32205944604557     
   13.4017130000000        50.4264883355308        3.89277734769265     
   13.4153188000000        53.4660247228538        3.43356179694721     
   13.4289246000000        56.6768095682553        3.30540244122019     
   13.4425304000000        59.9794744465315        3.46284439735273     
   13.4561362000000        63.5531300621092        3.89558163321501     
   13.4697420000000        67.6662354453095        4.73822427086348     
   13.4833478000000        72.7335493330344        6.36314881487109     
   13.4969536000000        79.4573940149134        9.78724533689017     
   13.5105594000000        88.5275338142891        18.3379844607801     
   13.5241652000000        94.9821398919056        42.9865743851135     
   13.5377710000000        52.9289500742041        68.0724864976522     
   13.5513768000000        34.4942453411772        31.7848178523361     
   13.5649826000000        45.8441745963855        16.5210935222273     
   13.5785884000000        56.9677569782138        13.0377193464419     
   13.5921942000000        68.1235637640487        15.6608058468584     
   13.6058000000000        79.8851897658099        29.0304373249161     
