 #Independent Particle T
 #Numkpts,nspin=         216           1
 #spin=           1
 #Number of BSE conduction states=           3
 #Number of BSE valence          states=           8
 #Total number of val/cond states=           6           6
 #Gaussian broadening= F
 #If not Gaussian broadening then Lorentzian
 #Broadenings=  1.000000000000000E-003  1.000000000000000E-003
 #LDA energies used as N.L. potential correction in BSE program and NOT lmf F
 #direction of q-vector=
 #   1.00000000000000       0.000000000000000E+000  0.000000000000000E+000
 #Energy(eV),Real(eps),Imag(eps)
  0.000000000000000E+000   26.1831132393183      -2.098905201598229E-002
  1.360580000000000E-002   26.1831333863325      -2.098899271796340E-002
  2.721160000000000E-002   26.1831938278237      -2.098881481936698E-002
  4.081740000000000E-002   26.1832945651384      -2.098851830657000E-002
  5.442320000000000E-002   26.1834356005204      -2.098810315686353E-002
  6.802900000000001E-002   26.1836169371116      -2.098756933844796E-002
  8.163480000000001E-002   26.1838385789525      -2.098691681042364E-002
  9.524060000000001E-002   26.1841005309827      -2.098614552278394E-002
  0.108846400000000        26.1844027990413      -2.098525541640002E-002
  0.122452200000000        26.1847453898681      -2.098424642300805E-002
  0.136058000000000        26.1851283111042      -2.098311846519223E-002
  0.149663800000000        26.1855515712934      -2.098187145636605E-002
  0.163269600000000        26.1860151798831      -2.098050530075094E-002
  0.176875400000000        26.1865191472261      -2.097901989335387E-002
  0.190481200000000        26.1870634845814      -2.097741511994033E-002
  0.204087000000000        26.1876482041162      -2.097569085700801E-002
  0.217692800000000        26.1882733189075      -2.097384697175504E-002
  0.231298600000000        26.1889388429441      -2.097188332204798E-002
  0.244904400000000        26.1896447911281      -2.096979975638897E-002
  0.258510200000000        26.1903911792779      -2.096759611387515E-002
  0.272116000000000        26.1911780241292      -2.096527222416160E-002
  0.285721800000000        26.1920053433387      -2.096282790741906E-002
  0.299327600000000        26.1928731554854      -2.096026297428832E-002
  0.312933400000000        26.1937814800741      -2.095757722583557E-002
  0.326539200000000        26.1947303375378      -2.095477045350105E-002
  0.340145000000000        26.1957197492404      -2.095184243904851E-002
  0.353750800000000        26.1967497374806      -2.094879295451206E-002
  0.367356600000000        26.1978203254939      -2.094562176213668E-002
  0.380962400000000        26.1989315374569      -2.094232861432187E-002
  0.394568200000000        26.2000833984902      -2.093891325355734E-002
  0.408174000000000        26.2012759346621      -2.093537541236056E-002
  0.421779800000000        26.2025091729930      -2.093171481320829E-002
  0.435385600000000        26.2037831414581      -2.092793116846688E-002
  0.448991400000000        26.2050978689925      -2.092402418032058E-002
  0.462597200000000        26.2064533854949      -2.091999354069565E-002
  0.476203000000000        26.2078497218321      -2.091583893118119E-002
  0.489808800000000        26.2092869098435      -2.091156002294938E-002
  0.503414600000000        26.2107649823454      -2.090715647667192E-002
  0.517020400000000        26.2122839731364      -2.090262794243183E-002
  0.530626200000000        26.2138439170023      -2.089797405963453E-002
  0.544232000000000        26.2154448497205      -2.089319445691527E-002
  0.557837800000000        26.2170868080660      -2.088828875204161E-002
  0.571443600000000        26.2187698298167      -2.088325655181641E-002
  0.585049400000000        26.2204939537591      -2.087809745197385E-002
  0.598655200000000        26.2222592196936      -2.087281103707538E-002
  0.612261000000000        26.2240656684409      -2.086739688039929E-002
  0.625866800000000        26.2259133418482      -2.086185454383025E-002
  0.639472600000000        26.2278022827952      -2.085618357774210E-002
  0.653078400000000        26.2297325352007      -2.085038352088033E-002
  0.666684200000000        26.2317041440292      -2.084445390023751E-002
  0.680290000000000        26.2337171552978      -2.083839423092923E-002
  0.693895800000000        26.2357716160833      -2.083220401606181E-002
  0.707501600000000        26.2378675745294      -2.082588274660116E-002
  0.721107400000000        26.2400050798539      -2.081942990123193E-002
  0.734713200000000        26.2421841823563      -2.081284494621953E-002
  0.748319000000000        26.2444049334261      -2.080612733526181E-002
  0.761924800000000        26.2466673855503      -2.079927650934055E-002
  0.775530600000000        26.2489715923215      -2.079229189656834E-002
  0.789136400000000        26.2513176084468      -2.078517291202850E-002
  0.802742200000000        26.2537054897562      -2.077791895761540E-002
  0.816348000000000        26.2561352932114      -2.077052942186511E-002
  0.829953800000000        26.2586070769146      -2.076300367978472E-002
  0.843559600000000        26.2611209001182      -2.075534109267739E-002
  0.857165400000000        26.2636768232344      -2.074754100795955E-002
  0.870771200000000        26.2662749078442      -2.073960275897714E-002
  0.884377000000000        26.2689152167082      -2.073152566481317E-002
  0.897982800000000        26.2715978137763      -2.072330903009246E-002
  0.911588600000000        26.2743227641985      -2.071495214478148E-002
  0.925194400000000        26.2770901343351      -2.070645428398030E-002
  0.938800200000000        26.2798999917681      -2.069781470771197E-002
  0.952406000000000        26.2827524053125      -2.068903266070488E-002
  0.966011800000000        26.2856474450271      -2.068010737216918E-002
  0.979617600000000        26.2885851822270      -2.067103805556735E-002
  0.993223400000000        26.2915656894954      -2.066182390837956E-002
   1.00682920000000        26.2945890406955      -2.065246411186283E-002
   1.02043500000000        26.2976553109835      -2.064295783080143E-002
   1.03404080000000        26.3007645768215      -2.063330421325542E-002
   1.04764660000000        26.3039169159904      -2.062350239029779E-002
   1.06125240000000        26.3071124076034      -2.061355147574611E-002
   1.07485820000000        26.3103511321201      -2.060345056589002E-002
   1.08846400000000        26.3136331713602      -2.059319873920926E-002
   1.10206980000000        26.3169586085183      -2.058279505608116E-002
   1.11567560000000        26.3203275281781      -2.057223855848712E-002
   1.12928140000000        26.3237400163282      -2.056152826970647E-002
   1.14288720000000        26.3271961603770      -2.055066319400377E-002
   1.15649300000000        26.3306960491685      -2.053964231630848E-002
   1.17009880000000        26.3342397729988      -2.052846460188388E-002
   1.18370460000000        26.3378274236325      -2.051712899599246E-002
   1.19731040000000        26.3414590943191      -2.050563442354485E-002
   1.21091620000000        26.3451348798109      -2.049397978874588E-002
   1.22452200000000        26.3488548763805      -2.048216397472964E-002
   1.23812780000000        26.3526191818385      -2.047018584318218E-002
   1.25173360000000        26.3564278955526      -2.045804423395823E-002
   1.26533940000000        26.3602811184660      -2.044573796468504E-002
   1.27894520000000        26.3641789531169      -2.043326583035469E-002
   1.29255100000000        26.3681215036582      -2.042062660291158E-002
   1.30615680000000        26.3721088758780      -2.040781903082020E-002
   1.31976260000000        26.3761411772200      -2.039484183862670E-002
   1.33336840000000        26.3802185168047      -2.038169372650988E-002
   1.34697420000000        26.3843410054512      -2.036837336981382E-002
   1.36058000000000        26.3885087556993      -2.035487941857557E-002
   1.37418580000000        26.3927218818321      -2.034121049703480E-002
   1.38779160000000        26.3969804998991      -2.032736520313130E-002
   1.40139740000000        26.4012847277401      -2.031334210798922E-002
   1.41500320000000        26.4056346850095      -2.029913975538746E-002
   1.42860900000000        26.4100304932010      -2.028475666121567E-002
   1.44221480000000        26.4144722756730      -2.027019131291347E-002
   1.45582060000000        26.4189601576748      -2.025544216889688E-002
   1.46942640000000        26.4234942663728      -2.024050765796549E-002
   1.48303220000000        26.4280747308783      -2.022538617869864E-002
   1.49663800000000        26.4327016822751      -2.021007609882733E-002
   1.51024380000000        26.4373752536478      -2.019457575459525E-002
   1.52384960000000        26.4420955801114      -2.017888345009798E-002
   1.53745540000000        26.4468627988412      -2.016299745660499E-002
   1.55106120000000        26.4516770491031      -2.014691601186151E-002
   1.56466700000000        26.4565384722851      -2.013063731937241E-002
   1.57827280000000        26.4614472119296      -2.011415954766366E-002
   1.59187860000000        26.4664034137660      -2.009748082952268E-002
   1.60548440000000        26.4714072257445      -2.008059926122081E-002
   1.61909020000000        26.4764587980705      -2.006351290170506E-002
   1.63269600000000        26.4815582832399      -2.004621977177599E-002
   1.64630180000000        26.4867058360755      -2.002871785323497E-002
   1.65990760000000        26.4919016137639      -2.001100508800914E-002
   1.67351340000000        26.4971457758932      -1.999307937725087E-002
   1.68711920000000        26.5024384844925      -1.997493858040853E-002
   1.70072500000000        26.5077799040712      -1.995658051427269E-002
   1.71433080000000        26.5131702016601      -1.993800295199295E-002
   1.72793660000000        26.5186095468535      -1.991920362206236E-002
   1.74154240000000        26.5240981118515      -1.990018020727746E-002
   1.75514820000000        26.5296360715048      -1.988093034365914E-002
   1.76875400000000        26.5352236033591      -1.986145161935041E-002
   1.78235980000000        26.5408608877018      -1.984174157347069E-002
   1.79596560000000        26.5465481076092      -1.982179769494154E-002
   1.80957140000000        26.5522854489953      -1.980161742127422E-002
   1.82317720000000        26.5580731006615      -1.978119813732046E-002
   1.83678300000000        26.5639112543480      -1.976053717398294E-002
   1.85038880000000        26.5698001047863      -1.973963180688705E-002
   1.86399460000000        26.5757398497529      -1.971847925501056E-002
   1.87760040000000        26.5817306901246      -1.969707667926921E-002
   1.89120620000000        26.5877728299352      -1.967542118106033E-002
   1.90481200000000        26.5938664764342      -1.965350980075562E-002
   1.91841780000000        26.6000118401460      -1.963133951614962E-002
   1.93202360000000        26.6062091349314      -1.960890724085580E-002
   1.94562940000000        26.6124585780511      -1.958620982265283E-002
   1.95923520000000        26.6187603902294      -1.956324404177398E-002
   1.97284100000000        26.6251147957219      -1.954000660914571E-002
   1.98644680000000        26.6315220223829      -1.951649416456177E-002
   2.00005260000000        26.6379823017359      -1.949270327480123E-002
   2.01365840000000        26.6444958690455      -1.946863043168531E-002
   2.02726420000000        26.6510629633917      -1.944427205006443E-002
   2.04087000000000        26.6576838277457      -1.941962446573983E-002
   2.05447580000000        26.6643587090488      -1.939468393331720E-002
   2.06808160000000        26.6710878582919      -1.936944662398385E-002
   2.08168740000000        26.6778715305989      -1.934390862321091E-002
   2.09529320000000        26.6847099853116      -1.931806592837968E-002
   2.10889900000000        26.6916034860775      -1.929191444631894E-002
   2.12250480000000        26.6985523009390      -1.926544999076346E-002
   2.13611060000000        26.7055567024269      -1.923866827971988E-002
   2.14971640000000        26.7126169676554      -1.921156493273966E-002
   2.16332220000000        26.7197333784202      -1.918413546809783E-002
   2.17692800000000        26.7269062212992      -1.915637529986867E-002
   2.19053380000000        26.7341357877569      -1.912827973489686E-002
   2.20413960000000        26.7414223742514      -1.909984396966190E-002
   2.21774540000000        26.7487662823446      -1.907106308702353E-002
   2.23135120000000        26.7561678188155      -1.904193205285339E-002
   2.24495700000000        26.7636272957780      -1.901244571253917E-002
   2.25856280000000        26.7711450308006      -1.898259878736184E-002
   2.27216860000000        26.7787213470313      -1.895238587073605E-002
   2.28577440000000        26.7863565733259      -1.892180142431002E-002
   2.29938020000000        26.7940510443795      -1.889083977391874E-002
   2.31298600000000        26.8018051008630      -1.885949510538261E-002
   2.32659180000000        26.8096190895644      -1.882776146014569E-002
   2.34019760000000        26.8174933635326      -1.879563273074646E-002
   2.35380340000000        26.8254282822279      -1.876310265611240E-002
   2.36740920000000        26.8334242116760      -1.873016481667071E-002
   2.38101500000000        26.8414815246280      -1.869681262926764E-002
   2.39462080000000        26.8496006007243      -1.866303934188476E-002
   2.40822660000000        26.8577818266652      -1.862883802814822E-002
   2.42183240000000        26.8660255963862      -1.859420158161390E-002
   2.43543820000000        26.8743323112396      -1.855912270982493E-002
   2.44904400000000        26.8827023801822      -1.852359392812273E-002
   2.46264980000000        26.8911362199687      -1.848760755321028E-002
   2.47625560000000        26.8996342553528      -1.845115569644410E-002
   2.48986140000000        26.9081969192938      -1.841423025685142E-002
   2.50346720000000        26.9168246531715      -1.837682291385027E-002
   2.51707300000000        26.9255179070080      -1.833892511966694E-002
   2.53067880000000        26.9342771396972      -1.830052809142620E-002
   2.54428460000000        26.9431028192423      -1.826162280290764E-002
   2.55789040000000        26.9519954230023      -1.822219997594027E-002
   2.57149620000000        26.9609554379470      -1.818225007142741E-002
   2.58510200000000        26.9699833609204      -1.814176327997425E-002
   2.59870780000000        26.9790796989150      -1.810072951210416E-002
   2.61231360000000        26.9882449693555      -1.805913838803613E-002
   2.62591940000000        26.9974797003923      -1.801697922700552E-002
   2.63952520000000        27.0067844312071      -1.797424103609881E-002
   2.65313100000000        27.0161597123294      -1.793091249858174E-002
   2.66673680000000        27.0256061059645      -1.788698196168646E-002
   2.68034260000000        27.0351241863345      -1.784243742383566E-002
   2.69394840000000        27.0447145400325      -1.779726652126647E-002
   2.70755420000000        27.0543777663902      -1.775145651402330E-002
   2.72116000000000        27.0641144778594      -1.770499427128569E-002
   2.73476580000000        27.0739253004099      -1.765786625598965E-002
   2.74837160000000        27.0838108739414      -1.761005850870578E-002
   2.76197740000000        27.0937718527128      -1.756155663072885E-002
   2.77558320000000        27.1038089057897      -1.751234576633630E-002
   2.78918900000000        27.1139227175080      -1.746241058416091E-002
   2.80279480000000        27.1241139879582      -1.741173525763175E-002
   2.81640060000000        27.1343834334895      -1.736030344442361E-002
   2.83000640000000        27.1447317872341      -1.730809826485684E-002
   2.84361220000000        27.1551597996547      -1.725510227918210E-002
   2.85721800000000        27.1656682391150      -1.720129746368434E-002
   2.87082380000000        27.1762578924739      -1.714666518552792E-002
   2.88442960000000        27.1869295657065      -1.709118617626828E-002
   2.89803540000000        27.1976840845522      -1.703484050394585E-002
   2.91164120000000        27.2085222951905      -1.697760754366629E-002
   2.92524700000000        27.2194450649482      -1.691946594657377E-002
   2.93885280000000        27.2304532830372      -1.686039360711461E-002
   2.95245860000000        27.2415478613274      -1.680036762846825E-002
   2.96606440000000        27.2527297351537      -1.673936428603836E-002
   2.97967020000000        27.2639998641611      -1.667735898885892E-002
   2.99327600000000        27.2753592331896      -1.661432623878149E-002
   3.00688180000000        27.2868088532009      -1.655023958728954E-002
   3.02048760000000        27.2983497622492      -1.648507158977477E-002
   3.03409340000000        27.3099830264994      -1.641879375709219E-002
   3.04769920000000        27.3217097412951      -1.635137650420923E-002
   3.06130500000000        27.3335310322791      -1.628278909572852E-002
   3.07491080000000        27.3454480565704      -1.621299958806741E-002
   3.08851660000000        27.3574620040001      -1.614197476803937E-002
   3.10212240000000        27.3695740984116      -1.606968008757314E-002
   3.11572820000000        27.3817855990266      -1.599607959427670E-002
   3.12933400000000        27.3940978018840      -1.592113585752948E-002
   3.14293980000000        27.4065120413539      -1.584480988975371E-002
   3.15654560000000        27.4190296917341      -1.576706106249240E-002
   3.17015140000000        27.4316521689311      -1.568784701687592E-002
   3.18375720000000        27.4443809322354      -1.560712356803035E-002
   3.19736300000000        27.4572174861949      -1.552484460293193E-002
   3.21096880000000        27.4701633825932      -1.544096197116720E-002
   3.22457460000000        27.4832202225412      -1.535542536800592E-002
   3.23818040000000        27.4963896586897      -1.526818220913273E-002
   3.25178620000000        27.5096733975708      -1.517917749632373E-002
   3.26539200000000        27.5230732020792      -1.508835367327235E-002
   3.27899780000000        27.5365908941015      -1.499565047070040E-002
   3.29260360000000        27.5502283573069      -1.490100473978794E-002
   3.30620940000000        27.5639875401099      -1.480435027285430E-002
   3.31981520000000        27.5778704588182      -1.470561761012048E-002
   3.33342100000000        27.5918792009821      -1.460473383123747E-002
   3.34702680000000        27.6060159289593      -1.450162233013226E-002
   3.36063260000000        27.6202828837130      -1.439620257155214E-002
   3.37423840000000        27.6346823888637      -1.428838982750926E-002
   3.38784420000000        27.6492168550140      -1.417809489161149E-002
   3.40145000000000        27.6638887843702      -1.406522376903055E-002
   3.41505580000000        27.6787007756869      -1.394967733958877E-002
   3.42866160000000        27.6936555295614      -1.383135099113192E-002
   3.44226740000000        27.7087558541105      -1.371013422001055E-002
   3.45587320000000        27.7240046710627      -1.358591019507921E-002
   3.46947900000000        27.7394050223053      -1.345855528117010E-002
   3.48308480000000        27.7549600769290      -1.332793851745411E-002
   3.49669060000000        27.7706731388158      -1.319392104549385E-002
   3.51029640000000        27.7865476548255      -1.305635548108413E-002
   3.52390220000000        27.8025872236384      -1.291508522314824E-002
   3.53750800000000        27.8187956053206      -1.276994369199877E-002
   3.55111380000000        27.8351767316876      -1.262075348817103E-002
   3.56471960000000        27.8517347175489      -1.246732546171151E-002
   3.57832540000000        27.8684738729283      -1.230945768029666E-002
   3.59193120000000        27.8853987163682      -1.214693428274778E-002
   3.60553700000000        27.9025139894382      -1.197952420239726E-002
   3.61914280000000        27.9198246725858      -1.180697974223455E-002
   3.63274860000000        27.9373360024877      -1.162903498080775E-002
   3.64635440000000        27.9550534910810      -1.144540398426750E-002
   3.65996020000000        27.9729829464802      -1.125577879571290E-002
   3.67356600000000        27.9911304960183      -1.105982716786840E-002
   3.68717180000000        28.0095026116853      -1.085718999896120E-002
   3.70077760000000        28.0281061382813      -1.064747842418183E-002
   3.71438340000000        28.0469483246526      -1.043027050601907E-002
   3.72798920000000        28.0660368584420      -1.020510745561974E-002
   3.74159500000000        28.0853799048539      -9.971489303641522E-003
   3.75520080000000        28.1049861500300      -9.728869922165493E-003
   3.76880660000000        28.1248648497305      -9.476651278227135E-003
   3.78241240000000        28.1450258841526      -9.214176773289033E-003
   3.79601820000000        28.1654798198731      -8.940723490001586E-003
   3.80962400000000        28.1862379800980      -8.655493125888919E-003
   3.82322980000000        28.2073125246454      -8.357601340484296E-003
   3.83683560000000        28.2287165413850      -8.046065174349091E-003
   3.85044140000000        28.2504641512355      -7.719788110434940E-003
   3.86404720000000        28.2725706292976      -7.377542233704250E-003
   3.87765300000000        28.2950525452950      -7.017946794534745E-003
   3.89125880000000        28.3179279272741      -6.639442282178367E-003
   3.90486460000000        28.3412164535020      -6.240258848079205E-003
   3.91847040000000        28.3649396787985      -5.818377558805980E-003
   3.93207620000000        28.3891213032359      -5.371482466586981E-003
   3.94568200000000        28.4137874934030      -4.896900805805438E-003
   3.95928780000000        28.4389672694538      -4.391527672693645E-003
   3.97289360000000        28.4646929752820      -3.851730196127316E-003
   3.98649940000000        28.4910008548175      -3.273224264697738E-003
   4.00010520000000        28.5179317653337      -2.650914032955279E-003
   4.01371100000000        28.5455320698201      -1.978680197832023E-003
   4.02731680000000        28.5738547665350      -1.249096613305668E-003
   4.04092260000000        28.6029609373744      -4.530448547413280E-004
   4.05452840000000        28.6329216318050       4.208194549133027E-004
   4.06813420000000        28.6638203566878       1.386820474903660E-003
   4.08174000000000        28.6957564260398       2.463351187130188E-003
   4.09534580000000        28.7288495591221       3.674487421080945E-003
   4.10895160000000        28.7632463373137       5.052450931525434E-003
   4.12255740000000        28.7991295096559       6.641497352987496E-003
   4.13616320000000        28.8367318098048       8.504300227336172E-003
   4.14976900000000        28.8763571907146       1.073293335961012E-002
   4.16337480000000        28.9184147893497       1.346884585937415E-002
   4.17698060000000        28.9634758212301       1.694173351309160E-002
   4.19058640000000        29.0123740112197       2.155175414619889E-002
   4.20419220000000        29.0663929487320       2.806257056348151E-002
   4.21779800000000        29.1276302562669       3.811920056270857E-002
   4.23140380000000        29.1996590876300       5.589529995936446E-002
   4.24500960000000        29.2875749340897       9.449435553809732E-002
   4.25861540000000        29.3766152230056       0.200738642938035     
   4.27222120000000        29.2819205070664       0.334587251607891     
   4.28582700000000        29.2712527129025       0.210905700788625     
   4.29943280000000        29.4250005639104       0.197355078954722     
   4.31303860000000        29.6026466043411       0.331619494676574     
   4.32664440000000        29.5562186717580       0.709613104850395     
   4.34025020000000        29.1993292110180       0.591658925190603     
   4.35385600000000        29.2792004716226       0.506250395447653     
   4.36746180000000        29.2095561108747       0.413581234156552     
   4.38106760000000        29.3829100202624       0.292826991723746     
   4.39467340000000        29.6098271788224       0.389027993032490     
   4.40827920000000        29.5820097137273       0.753478913661191     
   4.42188500000000        29.2248948662344       0.571940842470138     
   4.43549080000000        29.4132477366429       0.340648772949341     
   4.44909660000000        29.6847928744680       0.367563586208870     
   4.46270240000000        29.9071556167391       0.685414542987896     
   4.47630820000000        29.4711488707065        1.06450310894014     
   4.48991400000000        29.3167761020910       0.740002856784690     
   4.50351980000000        29.2001126249581       0.687220520297626     
   4.51712560000000        29.2461841581405       0.354110764202924     
   4.53073140000000        29.4661100570755       0.217153297786041     
   4.54433720000000        29.6679814679826       0.176681307308270     
   4.55794300000000        29.8606329219204       0.177001571883648     
   4.57154880000000        30.0628667919406       0.216749941424844     
   4.58515460000000        30.2688759669545       0.345636141724017     
   4.59876040000000        30.2942344295171       0.549484924427609     
   4.61236620000000        30.3056337232119       0.478560092634411     
   4.62597200000000        30.5975726419508       0.513769200770203     
   4.63957780000000        30.7394414395857       0.899541601467881     
   4.65318360000000        30.4720296049837       0.837669578735847     
   4.66678940000000        30.8323367089953       0.691310500881511     
   4.68039520000000        31.2317172951409        1.04447888951082     
   4.69400100000000        31.0609195610719        1.34227030518360     
   4.70760680000000        31.4249349530201        1.30780106247407     
   4.72121260000000        31.9881714034136        2.01226625083611     
   4.73481840000000        31.4040580824226        3.20402729140063     
   4.74842420000000        30.7562047234983        3.01171348267627     
   4.76203000000000        30.4468426703977        3.70107053573672     
   4.77563580000000        29.3759675881515        3.59716057019818     
   4.78924160000000        28.8031805114648        2.81112076541926     
   4.80284740000000        28.6637523867165        1.94377580502457     
   4.81645320000000        29.3938015370805        1.31715005947237     
   4.83005900000000        30.1191716308078        1.40808517852976     
   4.84366480000000        30.4868858488562        2.03235040046464     
   4.85727060000000        30.1351572241031        2.01306921401381     
   4.87087640000000        30.9309553285984        2.10106759989113     
   4.88448220000000        30.8300168366578        3.61509074315997     
   4.89808800000000        29.3911440945161        3.21436094047645     
   4.91169380000000        29.7114738480901        2.74434412334066     
   4.92529960000000        30.0909980159904        2.58378478233443     
   4.93890540000000        30.6194288300981        3.26209813572606     
   4.95251120000000        30.2152664988105        4.37190306623217     
   4.96611700000000        29.2031665855058        4.86550728147053     
   4.97972280000000        28.1188615200553        4.56131114694810     
   4.99332860000000        27.3193337522283        4.12056054176226     
   5.00693440000000        27.1811424571626        3.25811999275544     
   5.02054020000000        26.9170577993175        2.64235994226981     
   5.03414600000000        27.3015832999391        2.14090968571193     
   5.04775180000000        27.3762361731986        2.07742533640309     
   5.06135760000000        27.2883606050161        1.56369237699932     
   5.07496340000000        27.5401124496939        1.25820632408126     
   5.08856920000000        27.9222312550832       0.944670248616342     
   5.10217500000000        28.2214159046689        1.00214911598924     
   5.11578080000000        28.3586914109802       0.981455403631133     
   5.12938660000000        28.5563479312385       0.857575595102601     
   5.14299240000000        28.8396040502016       0.986372616759148     
   5.15659820000000        28.8072429565335        1.26476635350165     
   5.17020400000000        28.5362959649330        1.03419968322364     
   5.18380980000000        28.7394836163001       0.685441837723833     
   5.19741560000000        29.1475448798101       0.610974478241535     
   5.21102140000000        29.3566537659767       0.848825623330159     
   5.22462720000000        29.3327271605246       0.779809914395201     
   5.23823300000000        29.6294052842796       0.779050262727700     
   5.25183880000000        29.7110578604351       0.894441463207392     
   5.26544460000000        29.8853743160282       0.880056991661848     
   5.27905040000000        30.0461483744137       0.994958528188035     
   5.29265620000000        30.2172837954029       0.976498078129528     
   5.30626200000000        30.5833601806251        1.00339228866844     
   5.31986780000000        31.1705469571284        1.40635068447331     
   5.33347360000000        31.2289524664204        2.39369224005768     
   5.34707940000000        30.9355316204808        2.85392200426036     
   5.36068520000000        30.0809048724329        3.71819172305935     
   5.37429100000000        28.9919932688607        2.84878689105112     
   5.38789680000000        29.4335340753870        2.19323284208681     
   5.40150260000000        30.0365653320494        2.25814722958987     
   5.41510840000000        29.9435643914125        3.04307574387347     
   5.42871420000000        29.4297312404479        3.46031780433133     
   5.44232000000000        28.5033761805941        3.02185090111656     
   5.45592580000000        28.6168210847909        2.28469444080230     
   5.46953160000000        28.8481285082905        2.18207199882480     
   5.48313740000000        29.1327322446725        1.87989026033813     
   5.49674320000000        29.7519519464051        2.40730821331521     
   5.51034900000000        28.8108384904021        3.04083106423790     
   5.52395480000000        28.5344456929706        2.22765186296637     
   5.53756060000000        28.9580767452694        2.33084809623790     
   5.55116640000000        28.7105540961941        2.37971153042898     
   5.56477220000000        28.2877904350707        2.62539535499970     
   5.57837800000000        27.8294834916319        1.73175143555618     
   5.59198380000000        28.1991841326585        1.26670498915765     
   5.60558960000000        28.5512578384553       0.898607307760446     
   5.61919540000000        29.0575345712886       0.903902244359927     
   5.63280120000000        29.1319246678941       0.989619126338960     
   5.64640700000000        29.4709109022578       0.781318293598176     
   5.66001280000000        29.9318498183818       0.926758463894306     
   5.67361860000000        30.3259849675617        1.08041599729576     
   5.68722440000000        31.0372705732184        1.69898326313308     
   5.70083020000000        30.6540318233620        3.40266495924782     
   5.71443600000000        29.2453794767564        3.12516776937304     
   5.72804180000000        28.9766896090771        2.79082666727154     
   5.74164760000000        29.0506183613895        2.64912671255143     
   5.75525340000000        28.1299543088760        3.37825985505086     
   5.76885920000000        27.2177985926352        1.85167463776375     
   5.78246500000000        27.8375686045967       0.936195549933056     
   5.79607080000000        28.4558525953670       0.716492828784414     
   5.80967660000000        28.8060837153521       0.924245860765389     
   5.82328240000000        28.5512416373832       0.868076979411107     
   5.83688820000000        28.7281078021814       0.461911620432001     
   5.85049400000000        29.0411613907050       0.298333595140304     
   5.86409980000000        29.3065905455334       0.238249794250133     
   5.87770560000000        29.5306791776127       0.203377569191256     
   5.89131140000000        29.7456963885081       0.182693231822434     
   5.90491720000000        29.9529805958293       0.176884508157991     
   5.91852300000000        30.1576027387762       0.184589100235430     
   5.93212880000000        30.3547811183270       0.205180645480330     
   5.94573460000000        30.5623753987403       0.219995708982496     
   5.95934040000000        30.7997849909331       0.264366048155518     
   5.97294620000000        31.0441588375776       0.329327879101272     
   5.98655200000000        31.3789073111426       0.444651989122555     
   6.00015780000000        31.8089313054598       0.794973833655030     
   6.01376360000000        31.9202295562497        1.83685516601343     
   6.02736940000000        30.3888516944404        1.98227564133271     
   6.04097520000000        30.4068189847956       0.911192890212077     
   6.05458100000000        30.8668116870773       0.567192059058857     
   6.06818680000000        31.2862458248576       0.435541925248851     
   6.08179260000000        31.7027150256143       0.408248367922374     
   6.09539840000000        32.1273977040780       0.440222377060062     
   6.10900420000000        32.6047601819163       0.515147898313984     
   6.12261000000000        33.1842104450626       0.666895169234180     
   6.13621580000000        33.9318901070818       0.971062262565109     
   6.14982160000000        34.9411364348277        1.66661212704550     
   6.16342740000000        35.9135003155132        3.54753155942331     
   6.17703320000000        34.5811056171201        6.00102156632671     
   6.19063900000000        32.8218050737795        6.17259728370489     
   6.20424480000000        31.9299551212185        5.98808409082542     
   6.21785060000000        31.1554361037329        6.37338332248565     
   6.23145640000000        31.0132659621692        5.63718916209498     
   6.24506220000000        30.1345259286255        7.70967623178808     
   6.25866800000000        27.1060801826238        6.05531906451759     
   6.27227380000000        26.7181183784406        3.83655646563511     
   6.28587960000000        27.5321018010392        2.10726304362361     
   6.29948540000000        28.7661309194462        1.45920645486357     
   6.31309120000000        29.6786462317598        1.48149156873055     
   6.32669700000000        30.4273708998339        1.56175565121352     
   6.34030280000000        31.1107063957296        2.50103350096957     
   6.35390860000000        29.9074897948700        3.00628326460256     
   6.36751440000000        29.8740257507492        2.22242973201097     
   6.38112020000000        30.1453138861256        1.53522188361523     
   6.39472600000000        31.0886445849326        1.21968450578250     
   6.40833180000000        32.1736832420673        1.48951584702320     
   6.42193760000000        33.2104174191851        2.69618005586731     
   6.43554340000000        32.2276863089628        4.42705078878252     
   6.44914920000000        31.8919310538605        4.32195249685971     
   6.46275500000000        30.3558425254100        4.96580061422404     
   6.47636080000000        30.2899906915488        3.09944911682475     
   6.48996660000000        31.9625814372031        3.21607555246857     
   6.50357240000000        31.9854937434208        5.89842277002499     
   6.51717820000000        28.6672844948018        4.91119615045198     
   6.53078400000000        29.6259532644657        2.99370361380677     
   6.54438980000000        30.5098635110128        2.97468762352202     
   6.55799560000000        31.3905253866416        3.19199913321688     
   6.57160140000000        31.5317093415848        3.51580569999692     
   6.58520720000000        32.9758474610256        4.09963531032463     
   6.59881300000000        33.3753157776346        6.63524851088503     
   6.61241880000000        31.6120331561304        9.69866659719815     
   6.62602460000000        26.6548145910175        9.81196047194533     
   6.63963040000000        24.6691481556899        7.05544883492320     
   6.65323620000000        24.6210697667654        4.27413858786697     
   6.66684200000000        25.4478876726910        2.56361047151851     
   6.68044780000000        26.7840577784492        1.92661254968411     
   6.69405360000000        27.4169517593148        2.20222270351001     
   6.70765940000000        27.2116449100776        2.33410715735915     
   6.72126520000000        27.2012352673036        1.41232778580314     
   6.73487100000000        27.9658271355225        1.02310670671892     
   6.74847680000000        28.5434575827780        1.30585332290876     
   6.76208260000000        28.0930056532616        1.48377933437022     
   6.77568840000000        28.2154548155068       0.768478063424562     
   6.78929420000000        28.6850285729073       0.472863605485347     
   6.80290000000000        29.0898136249316       0.357104105521989     
   6.81650580000000        29.4374805028034       0.301229654241611     
   6.83011160000000        29.7506564404845       0.271293846111109     
   6.84371740000000        30.0441315464472       0.255596985295177     
   6.85732320000000        30.3279678081117       0.249496489312788     
   6.87092900000000        30.6100166054983       0.251224920497312     
   6.88453480000000        30.8974419676210       0.260603715464497     
   6.89814060000000        31.1978665368591       0.278784120282230     
   6.91174640000000        31.5205994034802       0.308633235229010     
   6.92535220000000        31.8784320531093       0.356027630318053     
   6.93895800000000        32.2908119086242       0.433276982816228     
   6.95256380000000        32.7899084434379       0.568954529431061     
   6.96616960000000        33.4304233489700       0.841242315261221     
   6.97977540000000        34.2670045101818        1.51398318715704     
   6.99338120000000        34.6674255063363        3.38288644245272     
   7.00698700000000        32.6279063888628        4.10060196836354     
   7.02059280000000        32.2364117662450        3.75861933949711     
   7.03419860000000        31.6778866650878        2.70523483202334     
   7.04780440000000        32.8091025992384        1.97633150944853     
   7.06141020000000        34.3145522927023        2.50785128079345     
   7.07501600000000        34.9029655386237        4.81929057272921     
   7.08862180000000        32.7894471995938        5.02126116284594     
   7.10222760000000        34.0446223961136        4.49386758587890     
   7.11583340000000        34.8862155840177        7.07061155960953     
   7.12943920000000        32.3228997873678        9.66974454133154     
   7.14304500000000        29.3341950785311        8.41337571701753     
   7.15665080000000        28.1943577483231        8.29772734057352     
   7.17025660000000        25.6076055912580        5.61331474710139     
   7.18386240000000        26.9373345427400        2.86258117558725     
   7.19746820000000        28.5015584642038        2.07527236892136     
   7.21107400000000        29.8539810781897        2.01962823772897     
   7.22467980000000        31.0073063134022        2.65208152708557     
   7.23828560000000        31.0201109535472        3.82030695450038     
   7.25189140000000        30.9938723708863        4.76004369353174     
   7.26549720000000        28.9510218874099        5.47342877163075     
   7.27910300000000        28.3058288655666        3.14781780781537     
   7.29270880000000        29.8484325336163        2.42110870330060     
   7.30631460000000        31.1301064833901        3.67852116920205     
   7.31992040000000        29.0318891795906        5.34219148579994     
   7.33352620000000        28.2811883037658        3.20442744857634     
   7.34713200000000        29.0240241450770        3.03150081624880     
   7.36073780000000        28.5213836731572        2.49598092235795     
   7.37434360000000        29.3400050037645        1.67577267809427     
   7.38794940000000        30.2387251907208        1.73138974413529     
   7.40155520000000        31.0194174807519        2.37220176844275     
   7.41516100000000        30.3669099794019        3.85414642468512     
   7.42876680000000        29.3098880330113        2.76496361144771     
   7.44237260000000        29.7925434618898        2.29674320250240     
   7.45597840000000        30.1962448541501        2.60238540473558     
   7.46958420000000        29.4350231604504        2.33912963733293     
   7.48319000000000        30.0150482269124        1.47866264718619     
   7.49679580000000        30.9129041856970        1.52431468805571     
   7.51040160000000        31.5523323961122        2.24478973944793     
   7.52400740000000        30.7380148993301        3.36269258449543     
   7.53761320000000        30.1192459956664        2.18814731802569     
   7.55121900000000        30.9293970289403        1.99412539819278     
   7.56482480000000        30.8855145644935        2.21940589094657     
   7.57843060000000        31.3381648458484        2.08409573722002     
   7.59203640000000        31.2997066961203        2.49524835211304     
   7.60564220000000        31.4506019883861        2.44877159899626     
   7.61924800000000        31.0801170236156        2.48425729146408     
   7.63285380000000        31.7153865618660        1.84112805919230     
   7.64645960000000        32.6733908329124        2.33192096635605     
   7.66006540000000        33.0785181445237        3.40069083880738     
   7.67367120000000        32.3455019613181        4.29164716338190     
   7.68727700000000        31.8312810095085        4.85763120001856     
   7.70088280000000        30.4695422828022        4.16505076871579     
   7.71448860000000        31.0201215267292        3.20563121057145     
   7.72809440000000        32.2077717986139        3.32001976184099     
   7.74170020000000        32.4016456834839        4.90480250506131     
   7.75530600000000        31.3511722444666        5.98480035576966     
   7.76891180000000        30.3264452497926        5.46071259725892     
   7.78251760000000        29.0690924211452        6.17181412874778     
   7.79612340000000        28.1566976669792        3.98040858507429     
   7.80972920000000        28.8653351127403        3.80126482219531     
   7.82333500000000        28.2270036737631        2.82547016353119     
   7.83694080000000        29.1518572816232        1.97815172065309     
   7.85054660000000        29.9677826102869        1.82103487410245     
   7.86415240000000        30.5999890016881        2.41050647384925     
   7.87775820000000        30.1484961990045        2.40702172797398     
   7.89136400000000        30.9352086186298        2.06803249273936     
   7.90496980000000        31.3298695978277        3.16449493984737     
   7.91857560000000        30.4252482505303        2.91360163671900     
   7.93218140000000        31.4345620586773        2.54400639986739     
   7.94578720000000        32.2633838389086        4.44509499195692     
   7.95939300000000        29.0685034904521        5.55493229091686     
   7.97299880000000        28.4665712817476        3.13398502917006     
   7.98660460000000        29.4367886174586        2.35353004701832     
   8.00021040000000        29.9344085978911        2.54492035296199     
   8.01381620000000        29.8400027760516        3.11157701869156     
   8.02742200000000        29.0944182324882        2.44591020610380     
   8.04102780000000        29.6257486862809        1.68648034169262     
   8.05463360000000        30.1229061852485        1.61987167336292     
   8.06823940000000        30.7200831899807        1.71389282339108     
   8.08184520000000        30.7888191734220        2.06372909476716     
   8.09545100000000        31.0576614029618        2.19634057854011     
   8.10905680000000        31.5245319270553        2.84466974043658     
   8.12266260000000        30.1385173360399        4.48386801692925     
   8.13626840000000        28.7129348299117        2.69330892261406     
   8.14987420000000        29.1542199279503        1.90127807046318     
   8.16348000000000        29.4290152975000        1.47505593305616     
   8.17708580000000        29.6395288601869        1.05796043898862     
   8.19069160000000        30.1418933351048       0.683735678232612     
   8.20429740000000        30.7026524296921       0.595171576212433     
   8.21790320000000        31.2220958695689       0.720538867400855     
   8.23150900000000        31.5976019896337       0.992335958525917     
   8.24511480000000        31.8779654428731        1.49926607786116     
   8.25872060000000        31.4028331011685        1.85415023673119     
   8.27232640000000        31.5578119840810        1.62791567746350     
   8.28593220000000        31.4027976676425        1.92127658161788     
   8.29953800000000        31.3869237013080        1.81546911254554     
   8.31314380000000        31.4041594400759        1.73912921360583     
   8.32674960000000        31.2018838959743        1.80731675288394     
   8.34035540000000        31.3772429990834        1.29633344649684     
   8.35396120000000        31.7772280682987        1.31282618274519     
   8.36756700000000        32.3319048616406        1.44807793678018     
   8.38117280000000        32.3874429745726        2.51224075264409     
   8.39477860000000        31.5065180015352        2.27428031401866     
   8.40838440000000        31.5154942437339        2.30435956120376     
   8.42199020000000        31.1825623785506        1.75821131661330     
   8.43559600000000        31.7591861917887        1.50180713920066     
   8.44920180000000        31.8140677128345        1.73727471916988     
   8.46280760000000        32.1441924961545        1.40768850146871     
   8.47641340000000        32.9471617634507        1.92686144202576     
   8.49001920000000        32.5097829790305        3.36181226855651     
   8.50362500000000        31.2590259256582        3.03697988297153     
   8.51723080000000        30.9607677319974        2.54630516226097     
   8.53083660000000        30.8328369133987        1.80832627193936     
   8.54444240000000        31.4533858613534        1.27413994390369     
   8.55804820000000        32.2098574626047        1.55922264602601     
   8.57165400000000        32.0874201418735        2.21425889661932     
   8.58525980000000        31.7870392243961        2.20822576681746     
   8.59886560000000        32.1519446950656        2.40972748681816     
   8.61247140000000        30.9823042191466        3.13996251654944     
   8.62607720000000        30.5585614598016        1.89230632646159     
   8.63968300000000        30.7647200166172        1.42604825307742     
   8.65328880000000        31.2313140972664       0.981582277250214     
   8.66689460000000        31.7619835629692        1.03110666604410     
   8.68050040000000        31.9833749633103        1.57924160725929     
   8.69410620000000        31.3587816865817        1.43072265024551     
   8.70771200000000        31.7210773631909        1.07391401504413     
   8.72131780000000        31.7635825779900        1.26354792490503     
   8.73492360000000        31.7450911830095        1.04889996254432     
   8.74852940000000        32.0150998207045       0.818606109476363     
   8.76213520000000        32.4515969434690       0.973224933897648     
   8.77574100000000        32.5910985788501        1.49538199494984     
   8.78934680000000        31.8293683883579        2.08560545091900     
   8.80295260000000        31.2505057922722        1.10484978278499     
   8.81655840000000        31.6688664554591       0.570171626154575     
   8.83016420000000        32.0550210658162       0.429982438184966     
   8.84377000000000        32.3727065356077       0.402047238165019     
   8.85737580000000        32.6401326510926       0.519457441759741     
   8.87098160000000        32.6874078887729       0.607058735833451     
   8.88458740000000        32.8857883659406       0.646070799123430     
   8.89819320000000        32.9703628356246       0.732563083208722     
   8.91179900000000        33.1458861845014       0.997546298753223     
   8.92540480000000        32.8028210255801        1.33887625949435     
   8.93901060000000        32.4259048783464       0.935463502550373     
   8.95261640000000        32.5246005524112       0.617849510139514     
   8.96622220000000        32.7715628109280       0.378941725515318     
   8.97982800000000        33.0724131916665       0.337412994802694     
   8.99343380000000        33.2943595176953       0.483394787379861     
   9.00703960000000        33.2100310227110       0.565894574015652     
   9.02064540000000        33.2615013822118       0.379865155712255     
   9.03425120000000        33.5027752296206       0.280609243334294     
   9.04785700000000        33.7735173690343       0.291735735631993     
   9.06146280000000        34.0617632880060       0.404112587830908     
   9.07506860000000        34.3547585710230       0.731940174597288     
   9.08867440000000        34.0724608809952        1.25045372964008     
   9.10228020000000        33.9029118714009       0.934959031647033     
   9.11588600000000        34.3049317465927        1.07865259531703     
   9.12949180000000        33.9796371342447        1.86537523096364     
   9.14309760000000        33.3198242513719        1.39909524447360     
   9.15670340000000        33.2833973154266        1.14099294660770     
   9.17030920000000        33.2985536558046       0.865342520489302     
   9.18391500000000        33.4114943617483       0.639381637814171     
   9.19752080000000        33.6470746904255       0.470494867732206     
   9.21112660000000        33.8515181220693       0.554291302304825     
   9.22473240000000        33.7977957357629       0.624584455270809     
   9.23833820000000        33.7894340266607       0.386269079727968     
   9.25194400000000        34.0193493701902       0.263653621849952     
   9.26554980000000        34.2315299404936       0.297349020786127     
   9.27915560000000        34.2570716318747       0.364911695655467     
   9.29276140000000        34.3610082699941       0.242938648411574     
   9.30636720000000        34.5721973172958       0.216822561937310     
   9.31997300000000        34.7916414063329       0.279350009201356     
   9.33357880000000        35.0077714012869       0.415493860324750     
   9.34718460000000        35.2300005931301       0.829029267906655     
   9.36079040000000        34.5712044632224        1.42950498041618     
   9.37439620000000        34.0959424306052       0.708238669446653     
   9.38800200000000        34.3487726307685       0.329184012470256     
   9.40160780000000        34.5902772839944       0.206088335224750     
   9.41521360000000        34.7898997777646       0.166864011758940     
   9.42881940000000        34.9679175133634       0.182438830157559     
   9.44242520000000        35.0753201785394       0.286950882470597     
   9.45603100000000        35.0169064208271       0.254833374993801     
   9.46963680000000        35.1308565809238       0.144236042348849     
   9.48324260000000        35.2727695291918       0.107619852528858     
   9.49684840000000        35.4064994579041       9.735354350143034E-002
   9.51045420000000        35.5368682728164       0.102026287594995     
   9.52406000000000        35.6585338882838       0.127412346768684     
   9.53766580000000        35.7602198776781       0.138108713939190     
   9.55127160000000        35.9044240351021       0.161145799092738     
   9.56487740000000        36.0286497396000       0.264232422971779     
   9.57848320000000        36.0604767451290       0.314006857732763     
   9.59208900000000        36.1532754349867       0.411273625769378     
   9.60569480000000        36.1291210564656       0.451968604132767     
   9.61930060000000        36.1214703704184       0.489409751790600     
   9.63290640000000        36.1489757416688       0.440094423899526     
   9.64651220000000        36.1491258573200       0.456913050155422     
   9.66011800000000        36.1176895011597       0.325762394906670     
   9.67372380000000        36.2745404686425       0.192942134218107     
   9.68732960000000        36.4526816552931       0.165025163544047     
   9.70093540000000        36.5931253455537       0.196505228862633     
   9.71454120000000        36.6971442258687       0.189311479411530     
   9.72814700000000        36.8489620423655       0.203749868565409     
   9.74175280000000        36.9821719728284       0.269147139411836     
   9.75535860000000        37.0126464048415       0.332100404439850     
   9.76896440000000        37.1306483170393       0.246893377446771     
   9.78257020000000        37.3631471326380       0.255050987377772     
   9.79617600000000        37.6386608286877       0.378003176127507     
   9.80978180000000        37.8806336479569       0.746868817207203     
   9.82338760000000        37.6478518073333        1.34398323647991     
   9.83699340000000        36.9648551126500        1.03196075593861     
   9.85059920000000        37.2093515009396       0.622600432845368     
   9.86420500000000        37.4945437162771       0.600621315150266     
   9.87781080000000        37.6907536455717       0.664512332318718     
   9.89141660000000        38.0414922662775       0.892609551964128     
   9.90502240000000        37.8049907183903        1.71483462718991     
   9.91862820000000        36.9638552409449        1.22889192315355     
   9.93223400000000        37.2690105151774       0.722496677219323     
   9.94583980000000        37.6492960822184       0.819059570921022     
   9.95944560000000        37.4847099926288        1.13336542894743     
   9.97305140000000        37.2455867675470       0.869694638511761     
   9.98665720000000        37.3418682629677       0.519244631303475     
   10.0002630000000        37.6091832255652       0.374764966306041     
   10.0138688000000        37.8724252233057       0.323014732075557     
   10.0274746000000        38.1334837044707       0.420045698985604     
   10.0410804000000        38.1391881003602       0.578609396797067     
   10.0546862000000        38.2056853840043       0.480675003789647     
   10.0682920000000        38.4330153129785       0.489213551484674     
   10.0818978000000        38.5070759679068       0.667778050207060     
   10.0955036000000        38.5339779681637       0.656035569872335     
   10.1091094000000        38.5485947782821       0.729169940992835     
   10.1227152000000        38.5649137268883       0.582750848046937     
   10.1363210000000        38.7611439292222       0.478348792220575     
   10.1499268000000        39.0198715651927       0.429953796363261     
   10.1635326000000        39.3550957785025       0.478280952811730     
   10.1771384000000        39.7770791716737       0.658249524114961     
   10.1907442000000        40.3198146150610        1.23001245302669     
   10.2043500000000        40.0704377354920        2.72406597967349     
   10.2179558000000        38.3954091527233        2.68356481010082     
   10.2315616000000        38.0114369273237        1.58194078504964     
   10.2451674000000        38.5717157762317        1.22761627250916     
   10.2587732000000        38.5528088666693        1.50485338691152     
   10.2723790000000        38.1900220441683        1.22912337850946     
   10.2859848000000        38.3743526045932       0.665513824916859     
   10.2995906000000        38.7979797075909       0.458273855594281     
   10.3131964000000        39.1874068731679       0.461195202089376     
   10.3268022000000        39.5464230728661       0.568300970514879     
   10.3404080000000        39.9480170666568       0.980056940830049     
   10.3540138000000        39.6125450285811        1.75910032411085     
   10.3676196000000        38.8921182101309        1.77486404672060     
   10.3812254000000        38.4777632703296        1.00705991910932     
   10.3948312000000        38.8180098122255       0.563919866390024     
   10.4084370000000        39.1045117839610       0.411333964634770     
   10.4220428000000        39.3063549574658       0.371329747981811     
   10.4356486000000        39.4957409874069       0.278844162606409     
   10.4492544000000        39.7204039049536       0.272031438632790     
   10.4628602000000        39.9051547353415       0.342315994841413     
   10.4764660000000        39.9287765571379       0.404962254625026     
   10.4900718000000        40.0529914938410       0.339829573764624     
   10.5036776000000        40.1662368103709       0.451697169820599     
   10.5172834000000        40.0451996306872       0.391634731874081     
   10.5308892000000        40.1805060062369       0.208584201176459     
   10.5444950000000        40.3600836372674       0.143301465165678     
   10.5581008000000        40.5210230115472       0.117116113526170     
   10.5717066000000        40.6685577994373       0.104268693141876     
   10.5853124000000        40.8080509356256       9.718188339290235E-002
   10.5989182000000        40.9427246340339       9.312414958415359E-002
   10.6125240000000        41.0746144954926       9.097246068816404E-002
   10.6261298000000        41.2051868468983       9.030025512303917E-002
   10.6397356000000        41.3357125855148       9.117153692257725E-002
   10.6533414000000        41.4675454428844       9.445234675575059E-002
   10.6669472000000        41.6018135460972       0.103579219846324     
   10.6805530000000        41.7295264158258       0.127956236120824     
   10.6941588000000        41.8337723752825       0.135238383606888     
   10.7077646000000        41.9566113805755       0.143498643379172     
   10.7213704000000        42.0648426002306       0.132055948622123     
   10.7349762000000        42.2097265412705       0.120119748661702     
   10.7485820000000        42.3627366779595       0.130357619073436     
   10.7621878000000        42.5012656619756       0.160354213831472     
   10.7757936000000        42.6389054743106       0.162085789169628     
   10.7893994000000        42.8180031487238       0.195048188557486     
   10.8030052000000        42.9577118140057       0.317933185472569     
   10.8166110000000        42.9314368617652       0.318646983904942     
   10.8302168000000        43.0962857849412       0.216918929939807     
   10.8438226000000        43.3164300408242       0.199360703761496     
   10.8574284000000        43.5521756315479       0.220958339032135     
   10.8710342000000        43.8191093835194       0.277763831577544     
   10.8846400000000        44.1469683762793       0.406845096342089     
   10.8982458000000        44.5458491068812       0.754882588020661     
   10.9118516000000        44.5376736105552        1.65266181304937     
   10.9254574000000        43.6093369746512        1.52944341147579     
   10.9390632000000        43.9632804972842        1.07708457354603     
   10.9526690000000        44.3607051188559        1.54100618161374     
   10.9662748000000        44.0875289580419        1.97403429223487     
   10.9798806000000        43.1739873418042        2.50911718301723     
   10.9934864000000        42.5262430673823        1.27787921569407     
   11.0070922000000        43.0048907247414       0.641112214891484     
   11.0206980000000        43.4171818530791       0.480411113882261     
   11.0343038000000        43.6226948437388       0.394146914107675     
   11.0479096000000        43.8768051980608       0.267239409548261     
   11.0615154000000        44.1331469858321       0.213600825329867     
   11.0751212000000        44.3672246784387       0.191886665006178     
   11.0887270000000        44.5894367086835       0.189781533488129     
   11.1023328000000        44.8019033653104       0.216404237744095     
   11.1159386000000        44.9686820055399       0.254407728955882     
   11.1295444000000        45.1467159485282       0.294992129891782     
   11.1431502000000        45.2468918817013       0.311866266576795     
   11.1567560000000        45.4366240040606       0.304658133201585     
   11.1703618000000        45.5934396547742       0.337360191117065     
   11.1839676000000        45.7488739326525       0.420149387607213     
   11.1975734000000        45.7934700836361       0.404011849277208     
   11.2111792000000        46.0233848602501       0.381323661462340     
   11.2247850000000        46.1392900085018       0.583769639191849     
   11.2383908000000        46.0262417692074       0.466884606602270     
   11.2519966000000        46.2473578751048       0.317219947045718     
   11.2656024000000        46.4438906028979       0.321647845371354     
   11.2792082000000        46.6214033443378       0.275836562713814     
   11.2928140000000        46.8420206848795       0.314143074675521     
   11.3064198000000        46.9128925606664       0.351589262357429     
   11.3200256000000        47.0810118962200       0.249226694303800     
   11.3336314000000        47.3194379014229       0.224427532471570     
   11.3472372000000        47.5537008335606       0.264716215038473     
   11.3608430000000        47.6826047761306       0.345789856830209     
   11.3744488000000        47.8253130579427       0.267684334654982     
   11.3880546000000        48.0743002813211       0.234630395247721     
   11.4016604000000        48.3409100137296       0.246615772765048     
   11.4152662000000        48.6329136023334       0.294639153286993     
   11.4288720000000        48.9728797223565       0.414870848392351     
   11.4424778000000        49.3498995742956       0.750188280495206     
   11.4560836000000        49.2951225996382        1.56988399595098     
   11.4696894000000        48.3218904457875        1.33295072199023     
   11.4832952000000        48.5418703413592       0.728062199025261     
   11.4969010000000        48.8025784721894       0.538257400320083     
   11.5105068000000        49.1265808249096       0.393390625093658     
   11.5241126000000        49.4336537529689       0.401188642959086     
   11.5377184000000        49.6349258430871       0.427673766512392     
   11.5513242000000        49.8103520680129       0.427327209662193     
   11.5649300000000        49.9890193984363       0.328360005620341     
   11.5785358000000        50.2705187804866       0.266747438362665     
   11.5921416000000        50.5569338434676       0.255434226303669     
   11.6057474000000        50.8445993010569       0.276484208215131     
   11.6193532000000        51.1130825627007       0.355380079051526     
   11.6329590000000        51.2869636293883       0.403164639927244     
   11.6465648000000        51.4916918098243       0.445807658638054     
   11.6601706000000        51.6399509982010       0.371873787681153     
   11.6737764000000        51.9372400650676       0.298520748285145     
   11.6873822000000        52.2534684041646       0.284421482071191     
   11.7009880000000        52.5763437300095       0.294517963804235     
   11.7145938000000        52.9167156543631       0.325619852139342     
   11.7281996000000        53.2886920856901       0.397929629124478     
   11.7418054000000        53.6834632744881       0.595466029848345     
   11.7554112000000        53.7627868387404       0.975014689658765     
   11.7690170000000        53.7748808715929       0.752026988760064     
   11.7826228000000        54.2725567105689       0.700558539707691     
   11.7962286000000        54.7253369734956        1.08350085836684     
   11.8098344000000        54.5034102084556        1.46492411285061     
   11.8234402000000        54.2378851692885        1.24716171642858     
   11.8370460000000        54.5218634048175       0.712253116610978     
   11.8506518000000        55.0395661429333       0.511765995925905     
   11.8642576000000        55.5268892336673       0.448212177660605     
   11.8778634000000        55.9951085098287       0.433846919763783     
   11.8914692000000        56.4644217369313       0.449627084814728     
   11.9050750000000        56.9417849681327       0.509247214637042     
   11.9186808000000        57.3712815521487       0.609235787655809     
   11.9322866000000        57.7743957682210       0.700299282839244     
   11.9458924000000        58.1423127169245       0.666090194917352     
   11.9594982000000        58.7087612505954       0.620375784129174     
   11.9731040000000        59.3544114818444       0.679307341185222     
   11.9867098000000        60.0690898146447       0.862342931128560     
   12.0003156000000        60.7284693900687        1.31795954019269     
   12.0139214000000        61.1328958407366        1.76354275734310     
   12.0275272000000        61.0166576707480        2.38870259266688     
   12.0411330000000        61.0360722884539        1.69183786476829     
   12.0547388000000        61.9819679454188        1.41537829994667     
   12.0683446000000        62.9251605212204        1.53000991814597     
   12.0819504000000        63.7315471674826        1.99943765872782     
   12.0955562000000        64.2437634974810        2.28345584437205     
   12.1091620000000        64.5060605754162        2.22048255488010     
   12.1227678000000        65.5290045376823        1.79011196547454     
   12.1363736000000        66.9682427731606        1.68664856531814     
   12.1499794000000        68.5759315755018        1.87862565765319     
   12.1635852000000        70.3295258284199        2.31215389809864     
   12.1771910000000        72.2579473210755        2.70786321994223     
   12.1907968000000        74.9811748988664        3.34249999879873     
   12.2044026000000        78.6159045957925        4.67597455621999     
   12.2180084000000        83.6568836439397        7.43758710389980     
   12.2316142000000        90.8746102495873        13.7876603312319     
   12.2452200000000        98.9549429068293        32.3694712211338     
   12.2588258000000        71.0377184113484        67.7109986470131     
   12.2724316000000        34.5045696523721        36.9604617618430     
   12.2860374000000        41.9166360180365        15.5665886292251     
   12.2996432000000        50.2785733241930        8.73729709824350     
   12.3132490000000        56.2941091259810        6.21032136446420     
   12.3268548000000        61.2294748813946        5.09869756959838     
   12.3404606000000        65.8245519216811        4.91558202696955     
   12.3540664000000        70.3300065863780        5.38794877114696     
   12.3676722000000        75.5665294621711        6.41459575577087     
   12.3812780000000        82.2537402851125        8.82314018723841     
   12.3948838000000        91.5105912193568        14.4175764493224     
   12.4084896000000        104.143802494942        29.6597944757706     
   12.4220954000000        102.010446831371        72.5965379344732     
   12.4357012000000        40.5370425230253        84.3438926543990     
   12.4493070000000        19.1174590695734        41.7633270300127     
   12.4629128000000        31.5903846945181        19.8620620815999     
   12.4765186000000        43.8956441355496        13.6720394606394     
   12.4901244000000        54.4371492191476        14.8979200905928     
   12.5037302000000        60.4540893711552        27.1592435697255     
   12.5173360000000        39.3876517408964        34.2798801206820     
   12.5309418000000        35.9661354139520        15.6343224889914     
   12.5445476000000        42.9449229335970        8.56119014837922     
   12.5581534000000        48.4751007754850        6.75146940125258     
   12.5717592000000        51.4876983429294        6.04456666200768     
   12.5853650000000        54.9087128242992        4.60450928174373     
   12.5989708000000        58.5435556394355        4.26334177665847     
   12.6125766000000        61.7826334683259        4.36567592446580     
   12.6261824000000        65.2077947499606        4.26934720761425     
   12.6397882000000        69.3003901677672        4.64458908995414     
   12.6533940000000        74.0776596063344        5.55887154243218     
   12.6669998000000        79.9944536351040        7.34789943658378     
   12.6806056000000        87.9087013829924        10.8785767936028     
   12.6942114000000        99.1255595842347        19.0749620103788     
   12.7078172000000        111.935260614823        42.3072734787694     
   12.7214230000000        87.0053896997269        83.5209480125133     
   12.7350288000000        60.7095740238083        72.4977283510761     
   12.7486346000000        30.6234974328725        82.6462783834900     
   12.7622404000000        12.0671290881363        41.0779091201593     
   12.7758462000000        27.1719816233246        21.7066275866211     
   12.7894520000000        41.4052965931317        18.7404940201076     
   12.8030578000000        49.8758117712257        29.3432433586123     
   12.8166636000000        30.4722417204965        35.8385340174580     
   12.8302694000000        28.0271658349398        16.8368565751170     
   12.8438752000000        35.7209278809311        9.26457254711271     
   12.8574810000000        42.3016494175980        6.71349417454010     
   12.8710868000000        47.5718728712280        6.12445497921810     
   12.8846926000000        52.2703250792797        6.06836523836137     
   12.8982984000000        57.6732758076549        7.31380612410097     
   12.9119042000000        63.9578110919652        11.5326164047339     
   12.9255100000000        67.5618462381932        25.4114812844712     
   12.9391158000000        44.4384861994607        33.9820936480192     
   12.9527216000000        39.1015248110782        15.2251213291548     
   12.9663274000000        45.3277517152854        7.75593723347898     
   12.9799332000000        50.6429835802979        5.21005680472423     
   12.9935390000000        54.9876157356388        4.21868251946308     
   13.0071448000000        58.8784275454935        3.87689330357223     
   13.0207506000000        62.6749278145535        3.91746641144664     
   13.0343564000000        66.6618362367472        4.28788043312705     
   13.0479622000000        71.1583337207686        5.07494742150842     
   13.0615680000000        76.5975295056792        6.58029771903136     
   13.0751738000000        83.6867608524730        9.61933284754401     
   13.0887796000000        93.4717651990324        16.7807678445855     
   13.1023854000000        103.867594875572        37.5710941121084     
   13.1159912000000        75.2963953025109        72.5673728833793     
   13.1295970000000        47.8145625994386        42.0941435911813     
   13.1432028000000        63.1716198185985        28.5752757594678     
   13.1568086000000        79.5588503966731        40.6755035391225     
   13.1704144000000        59.3174351139715        74.3978201561195     
   13.1840202000000        27.4796157285730        44.6262144994389     
   13.1976260000000        41.1100156103669        25.0954607305711     
   13.2112318000000        57.8742819312504        25.4695600868937     
   13.2248376000000        69.2253137260523        47.1458819884662     
   13.2384434000000        29.4682234377366        69.5995645969195     
   13.2520492000000        13.6809223536924        32.1324353873372     
   13.2656550000000        25.7130402484621        16.1176348731851     
   13.2792608000000        36.4780493080659        11.4680038806451     
   13.2928666000000        45.8884296162384        11.8399922417595     
   13.3064724000000        54.2484693453470        19.2222814747429     
   13.3200782000000        45.7953705446667        36.6040091804903     
   13.3336840000000        27.8258382194169        22.4614053811465     
   13.3472898000000        33.1997802590482        10.3292965613476     
   13.3608956000000        39.3580027114690        6.23974142288940     
   13.3745014000000        44.1338883723725        4.61827403564668     
   13.3881072000000        48.0447471304837        3.85685338910209     
   13.4017130000000        51.5396187014110        3.52423857800474     
   13.4153188000000        54.9070865401951        3.50577480781758     
   13.4289246000000        58.3151977865327        3.96149773304755     
   13.4425304000000        61.2929353487373        5.21938716975237     
   13.4561362000000        63.8506457390794        5.75852546303447     
   13.4697420000000        67.1202906587610        6.54638064799038     
   13.4833478000000        71.8773805397430        7.65277691340332     
   13.4969536000000        78.1134227271015        10.5538327767794     
   13.5105594000000        87.5207092665775        18.2529518513810     
   13.5241652000000        94.6167074509585        42.9082678246830     
   13.5377710000000        52.8878943258868        68.2877475379333     
   13.5513768000000        34.3798763167236        32.5885277368637     
   13.5649826000000        44.9347277971079        17.3112176556149     
   13.5785884000000        56.0251925949274        13.3265213469638     
   13.5921942000000        67.3184729479221        15.8118231114570     
   13.6058000000000        79.1463330814712        29.1898813215308     
