 #Independent Particle T
 #Numkpts,nspin=         216           1
 #spin=           1
 #Number of BSE conduction states=           3
 #Number of BSE valence          states=           8
 #Total number of val/cond states=           6           6
 #Gaussian broadening= F
 #If not Gaussian broadening then Lorentzian
 #Broadenings=  1.000000000000000E-003  1.000000000000000E-003
 #LDA energies used as N.L. potential correction in BSE program and NOT lmf F
 #direction of q-vector=
 #  0.000000000000000E+000  0.000000000000000E+000   1.00000000000000     
 #Energy(eV),Real(eps),Imag(eps)
  0.000000000000000E+000   25.9207726325398       2.064067253149439E-002
  1.360580000000000E-002   25.9207915602569       2.064073577400521E-002
  2.721160000000000E-002   25.9208483437850       2.064092550526056E-002
  4.081740000000000E-002   25.9209429842533       2.064124173642978E-002
  5.442320000000000E-002   25.9210754835443       2.064168448613187E-002
  6.802900000000001E-002   25.9212458442938       2.064225378044025E-002
  8.163480000000001E-002   25.9214540698916       2.064294965288957E-002
  9.524060000000001E-002   25.9217001644813       2.064377214448440E-002
  0.108846400000000        25.9219841329617       2.064472130371024E-002
  0.122452200000000        25.9223059809868       2.064579718654591E-002
  0.136058000000000        25.9226657149671       2.064699985647852E-002
  0.149663800000000        25.9230633420702       2.064832938451995E-002
  0.163269600000000        25.9234988702219       2.064978584922563E-002
  0.176875400000000        25.9239723081074       2.065136933671504E-002
  0.190481200000000        25.9244836651726       2.065307994069470E-002
  0.204087000000000        25.9250329516252       2.065491776248247E-002
  0.217692800000000        25.9256201784361       2.065688291103473E-002
  0.231298600000000        25.9262453573415       2.065897550297480E-002
  0.244904400000000        25.9269085008438       2.066119566262407E-002
  0.258510200000000        25.9276096222143       2.066354352203483E-002
  0.272116000000000        25.9283487354943       2.066601922102548E-002
  0.285721800000000        25.9291258554972       2.066862290721761E-002
  0.299327600000000        25.9299409978114       2.067135473607539E-002
  0.312933400000000        25.9307941788015       2.067421487094715E-002
  0.326539200000000        25.9316854156113       2.067720348310907E-002
  0.340145000000000        25.9326147261661       2.068032075181100E-002
  0.353750800000000        25.9335821291755       2.068356686432491E-002
  0.367356600000000        25.9345876441354       2.068694201599527E-002
  0.380962400000000        25.9356312913321       2.069044641029159E-002
  0.394568200000000        25.9367130918438       2.069408025886382E-002
  0.408174000000000        25.9378330675447       2.069784378159962E-002
  0.421779800000000        25.9389912411080       2.070173720668451E-002
  0.435385600000000        25.9401876360088       2.070576077066387E-002
  0.448991400000000        25.9414222765281       2.070991471850776E-002
  0.462597200000000        25.9426951877559       2.071419930367854E-002
  0.476203000000000        25.9440063955955       2.071861478820034E-002
  0.489808800000000        25.9453559267666       2.072316144273164E-002
  0.503414600000000        25.9467438088099       2.072783954664028E-002
  0.517020400000000        25.9481700700908       2.073264938808143E-002
  0.530626200000000        25.9496347398041       2.073759126407775E-002
  0.544232000000000        25.9511378479777       2.074266548060291E-002
  0.557837800000000        25.9526794254778       2.074787235266754E-002
  0.571443600000000        25.9542595040132       2.075321220440800E-002
  0.585049400000000        25.9558781161402       2.075868536917886E-002
  0.598655200000000        25.9575352952675       2.076429218964696E-002
  0.612261000000000        25.9592310756614       2.077003301789009E-002
  0.625866800000000        25.9609654924509       2.077590821549751E-002
  0.639472600000000        25.9627385816334       2.078191815367431E-002
  0.653078400000000        25.9645503800800       2.078806321334905E-002
  0.666684200000000        25.9664009255412       2.079434378528415E-002
  0.680290000000000        25.9682902566528       2.080076027019030E-002
  0.693895800000000        25.9702184129423       2.080731307884371E-002
  0.707501600000000        25.9721854348346       2.081400263220763E-002
  0.721107400000000        25.9741913636588       2.082082936155654E-002
  0.734713200000000        25.9762362416541       2.082779370860493E-002
  0.748319000000000        25.9783201119777       2.083489612563906E-002
  0.761924800000000        25.9804430187104       2.084213707565337E-002
  0.775530600000000        25.9826050068644       2.084951703248983E-002
  0.789136400000000        25.9848061223906       2.085703648098243E-002
  0.802742200000000        25.9870464121857       2.086469591710478E-002
  0.816348000000000        25.9893259241002       2.087249584812274E-002
  0.829953800000000        25.9916447069459       2.088043679275087E-002
  0.843559600000000        25.9940028105043       2.088851928131363E-002
  0.857165400000000        25.9964002855346       2.089674385591065E-002
  0.870771200000000        25.9988371837821       2.090511107058737E-002
  0.884377000000000        26.0013135579871       2.091362149150973E-002
  0.897982800000000        26.0038294618937       2.092227569714449E-002
  0.911588600000000        26.0063849502587       2.093107427844370E-002
  0.925194400000000        26.0089800788612       2.094001783903502E-002
  0.938800200000000        26.0116149045119       2.094910699541737E-002
  0.952406000000000        26.0142894850633       2.095834237716104E-002
  0.966011800000000        26.0170038794189       2.096772462711484E-002
  0.979617600000000        26.0197581475444       2.097725440161766E-002
  0.993223400000000        26.0225523504778       2.098693237071665E-002
   1.00682920000000        26.0253865503399       2.099675921839109E-002
   1.02043500000000        26.0282608103459       2.100673564278275E-002
   1.03404080000000        26.0311751948161       2.101686235643236E-002
   1.04764660000000        26.0341297691880       2.102714008652264E-002
   1.06125240000000        26.0371246000278       2.103756957512825E-002
   1.07485820000000        26.0401597550427       2.104815157947260E-002
   1.08846400000000        26.0432353030931       2.105888687219155E-002
   1.10206980000000        26.0463513142057       2.106977624160477E-002
   1.11567560000000        26.0495078595860       2.108082049199437E-002
   1.12928140000000        26.0527050116324       2.109202044389133E-002
   1.14288720000000        26.0559428439488       2.110337693437014E-002
   1.15649300000000        26.0592214313595       2.111489081735139E-002
   1.17009880000000        26.0625408499232       2.112656296391277E-002
   1.18370460000000        26.0659011769476       2.113839426260913E-002
   1.19731040000000        26.0693024910043       2.115038561980097E-002
   1.21091620000000        26.0727448719446       2.116253795999279E-002
   1.22452200000000        26.0762284009146       2.117485222618053E-002
   1.23812780000000        26.0797531603721       2.118732938020876E-002
   1.25173360000000        26.0833192341023       2.119997040313850E-002
   1.26533940000000        26.0869267072355       2.121277629562482E-002
   1.27894520000000        26.0905756662637       2.122574807830564E-002
   1.29255100000000        26.0942661990587       2.123888679220145E-002
   1.30615680000000        26.0979983948904       2.125219349912657E-002
   1.31976260000000        26.1017723444451       2.126566928211179E-002
   1.33336840000000        26.1055881398446       2.127931524583994E-002
   1.34697420000000        26.1094458746658       2.129313251709338E-002
   1.36058000000000        26.1133456439610       2.130712224521452E-002
   1.37418580000000        26.1172875442778       2.132128560258034E-002
   1.38779160000000        26.1212716736804       2.133562378508979E-002
   1.40139740000000        26.1252981317713       2.135013801266621E-002
   1.41500320000000        26.1293670197130       2.136482952977438E-002
   1.42860900000000        26.1334784402507       2.137969960595221E-002
   1.44221480000000        26.1376324977356       2.139474953635927E-002
   1.45582060000000        26.1418292981486       2.140998064234035E-002
   1.46942640000000        26.1460689491242       2.142539427200704E-002
   1.48303220000000        26.1503515599762       2.144099180083579E-002
   1.49663800000000        26.1546772417226       2.145677463228448E-002
   1.51024380000000        26.1590461071119       2.147274419842718E-002
   1.52384960000000        26.1634582706505       2.148890196060889E-002
   1.53745540000000        26.1679138486296       2.150524941011929E-002
   1.55106120000000        26.1724129591537       2.152178806888781E-002
   1.56466700000000        26.1769557221698       2.153851949019961E-002
   1.57827280000000        26.1815422594967       2.155544525943398E-002
   1.59187860000000        26.1861726948560       2.157256699482546E-002
   1.60548440000000        26.1908471539028       2.158988634824847E-002
   1.61909020000000        26.1955657642585       2.160740500602700E-002
   1.63269600000000        26.2003286555429       2.162512468976925E-002
   1.64630180000000        26.2051359594089       2.164304715722875E-002
   1.65990760000000        26.2099878095766       2.166117420319301E-002
   1.67351340000000        26.2148843418690       2.167950766040033E-002
   1.68711920000000        26.2198256942489       2.169804940048594E-002
   1.70072500000000        26.2248120068559       2.171680133495878E-002
   1.71433080000000        26.2298434220455       2.173576541620966E-002
   1.72793660000000        26.2349200844284       2.175494363855257E-002
   1.74154240000000        26.2400421409112       2.177433803929956E-002
   1.75514820000000        26.2452097407382       2.179395069987148E-002
   1.76875400000000        26.2504230355342       2.181378374694480E-002
   1.78235980000000        26.2556821793490       2.183383935363719E-002
   1.79596560000000        26.2609873287024       2.185411974073216E-002
   1.80957140000000        26.2663386426307       2.187462717794515E-002
   1.82317720000000        26.2717362827347       2.189536398523200E-002
   1.83678300000000        26.2771804132290       2.191633253414219E-002
   1.85038880000000        26.2826712009927       2.193753524921812E-002
   1.86399460000000        26.2882088156213       2.195897460944223E-002
   1.87760040000000        26.2937934294801       2.198065314973437E-002
   1.89120620000000        26.2994252177597       2.200257346250091E-002
   1.90481200000000        26.3051043585322       2.202473819923795E-002
   1.91841780000000        26.3108310328100       2.204715007219101E-002
   1.93202360000000        26.3166054246052       2.206981185607263E-002
   1.94562940000000        26.3224277209922       2.209272638984220E-002
   1.95923520000000        26.3282981121704       2.211589657854818E-002
   1.97284100000000        26.3342167915305       2.213932539523700E-002
   1.98644680000000        26.3401839557213       2.216301588293106E-002
   2.00005260000000        26.3461998047196       2.218697115667863E-002
   2.01365840000000        26.3522645419015       2.221119440567835E-002
   2.02726420000000        26.3583783741164       2.223568889548256E-002
   2.04087000000000        26.3645415117627       2.226045797028182E-002
   2.05447580000000        26.3707541688665       2.228550505527468E-002
   2.06808160000000        26.3770165631619       2.231083365912631E-002
   2.08168740000000        26.3833289161748       2.233644737651993E-002
   2.09529320000000        26.3896914533084       2.236234989080521E-002
   2.10889900000000        26.3961044039318       2.238854497674769E-002
   2.12250480000000        26.4025680014716       2.241503650338432E-002
   2.13611060000000        26.4090824835066       2.244182843698885E-002
   2.14971640000000        26.4156480918639       2.246892484415406E-002
   2.16332220000000        26.4222650727210       2.249632989499330E-002
   2.17692800000000        26.4289336767083       2.252404786646965E-002
   2.19053380000000        26.4356541590173       2.255208314585704E-002
   2.20413960000000        26.4424267795103       2.258044023433974E-002
   2.21774540000000        26.4492518028358       2.260912375075700E-002
   2.23135120000000        26.4561294985462       2.263813843549963E-002
   2.24495700000000        26.4630601412200       2.266748915456556E-002
   2.25856280000000        26.4700440105884       2.269718090378264E-002
   2.27216860000000        26.4770813916657       2.272721881320540E-002
   2.28577440000000        26.4841725748852       2.275760815169639E-002
   2.29938020000000        26.4913178562378       2.278835433169884E-002
   2.31298600000000        26.4985175374179       2.281946291421203E-002
   2.32659180000000        26.5057719259728       2.285093961397794E-002
   2.34019760000000        26.5130813354577       2.288279030489099E-002
   2.35380340000000        26.5204460855966       2.291502102564110E-002
   2.36740920000000        26.5278665024485       2.294763798560327E-002
   2.38101500000000        26.5353429185804       2.298064757098452E-002
   2.39462080000000        26.5428756732451       2.301405635124298E-002
   2.40822660000000        26.5504651125674       2.304787108579293E-002
   2.42183240000000        26.5581115897360       2.308209873101004E-002
   2.43543820000000        26.5658154652025       2.311674644755381E-002
   2.44904400000000        26.5735771068888       2.315182160802322E-002
   2.46264980000000        26.5813968904012       2.318733180496388E-002
   2.47625560000000        26.5892751992536       2.322328485924550E-002
   2.48986140000000        26.5972124250989       2.325968882882967E-002
   2.50346720000000        26.6052089679693       2.329655201795035E-002
   2.51707300000000        26.6132652365261       2.333388298672842E-002
   2.53067880000000        26.6213816483194       2.337169056124549E-002
   2.54428460000000        26.6295586300580       2.340998384410288E-002
   2.55789040000000        26.6377966178903       2.344877222549269E-002
   2.57149620000000        26.6460960576962       2.348806539481035E-002
   2.58510200000000        26.6544574053909       2.352787335284031E-002
   2.59870780000000        26.6628811272422       2.356820642454801E-002
   2.61231360000000        26.6713677001993       2.360907527251280E-002
   2.62591940000000        26.6799176122362       2.365049091104136E-002
   2.63952520000000        26.6885313627100       2.369246472100031E-002
   2.65313100000000        26.6972094627333       2.373500846541302E-002
   2.66673680000000        26.7059524355638       2.377813430586512E-002
   2.68034260000000        26.7147608170098       2.382185481977003E-002
   2.69394840000000        26.7236351558535       2.386618301854624E-002
   2.70755420000000        26.7325760142938       2.391113236676310E-002
   2.72116000000000        26.7415839684076       2.395671680231728E-002
   2.73476580000000        26.7506596086324       2.400295075770360E-002
   2.74837160000000        26.7598035402711       2.404984918245123E-002
   2.76197740000000        26.7690163840183       2.409742756679993E-002
   2.77558320000000        26.7782987765136       2.414570196669726E-002
   2.78918900000000        26.7876513709174       2.419468903020435E-002
   2.80279480000000        26.7970748375163       2.424440602540185E-002
   2.81640060000000        26.8065698643561       2.429487086989925E-002
   2.83000640000000        26.8161371579050       2.434610216205279E-002
   2.84361220000000        26.8257774437494       2.439811921401203E-002
   2.85721800000000        26.8354914673236       2.445094208671878E-002
   2.87082380000000        26.8452799946749       2.450459162699490E-002
   2.88442960000000        26.8551438132676       2.455908950686713E-002
   2.89803540000000        26.8650837328270       2.461445826528621E-002
   2.91164120000000        26.8751005862266       2.467072135241321E-002
   2.92524700000000        26.8851952304207       2.472790317665926E-002
   2.93885280000000        26.8953685474255       2.478602915467980E-002
   2.95245860000000        26.9056214453516       2.484512576454271E-002
   2.96606440000000        26.9159548594915       2.490522060230756E-002
   2.97967020000000        26.9263697534654       2.496634244227389E-002
   2.99327600000000        26.9368671204286       2.502852130118016E-002
   3.00688180000000        26.9474479843459       2.509178850665579E-002
   3.02048760000000        26.9581134013359       2.515617677026262E-002
   3.03409340000000        26.9688644610908       2.522172026548532E-002
   3.04769920000000        26.9797022883778       2.528845471106712E-002
   3.06130500000000        26.9906280446241       2.535641746012405E-002
   3.07491080000000        27.0016429295969       2.542564759550810E-002
   3.08851660000000        27.0127481831795       2.549618603193748E-002
   3.10212240000000        27.0239450872541       2.556807562546039E-002
   3.11572820000000        27.0352349676981       2.564136129087234E-002
   3.12933400000000        27.0466191965004       2.571609012776930E-002
   3.14293980000000        27.0580991940102       2.579231155598661E-002
   3.15654560000000        27.0696764313238       2.587007746124619E-002
   3.17015140000000        27.0813524328240       2.594944235192183E-002
   3.18375720000000        27.0931287788806       2.603046352792269E-002
   3.19736300000000        27.1050071087271       2.611320126280015E-002
   3.21096880000000        27.1169891235248       2.619771900030128E-002
   3.22457460000000        27.1290765896322       2.628408356671908E-002
   3.23818040000000        27.1412713420938       2.637236540054035E-002
   3.25178620000000        27.1535752883674       2.646263880105252E-002
   3.26539200000000        27.1659904123102       2.655498219775781E-002
   3.27899780000000        27.1785187784441       2.664947844265139E-002
   3.29260360000000        27.1911625365253       2.674621512765216E-002
   3.30620940000000        27.2039239264441       2.684528492974599E-002
   3.31981520000000        27.2168052834834       2.694678598669484E-002
   3.33342100000000        27.2298090439688       2.705082230651141E-002
   3.34702680000000        27.2429377513453       2.715750421428373E-002
   3.36063260000000        27.2561940627198       2.726694884037361E-002
   3.37423840000000        27.2695807559122       2.737928065451687E-002
   3.38784420000000        27.2831007370640       2.749463205092647E-002
   3.40145000000000        27.2967570488590       2.761314399015374E-002
   3.41505580000000        27.3105528794127       2.773496670421827E-002
   3.42866160000000        27.3244915719001       2.786026047238001E-002
   3.44226740000000        27.3385766349954       2.798919647592357E-002
   3.45587320000000        27.3528117542052       2.812195774147465E-002
   3.46947900000000        27.3672008041906       2.825874018369603E-002
   3.48308480000000        27.3817478621832       2.839975375975492E-002
   3.49669060000000        27.3964572226105       2.854522374974234E-002
   3.51029640000000        27.4113334130667       2.869539217931547E-002
   3.52390220000000        27.4263812117787       2.885051940327191E-002
   3.53750800000000        27.4416056667355       2.901088587162051E-002
   3.55111380000000        27.4570121166779       2.917679410307294E-002
   3.56471960000000        27.4726062141661       2.934857089483175E-002
   3.57832540000000        27.4883939509772       2.952656980222337E-002
   3.59193120000000        27.5043816861191       2.971117392726159E-002
   3.60553700000000        27.5205761767895       2.990279906181479E-002
   3.61914280000000        27.5369846126582       3.010189723890302E-002
   3.63274860000000        27.5536146539078       3.030896075506001E-002
   3.64635440000000        27.5704744735353       3.052452673799900E-002
   3.65996020000000        27.5875728044987       3.074918234745471E-002
   3.67356600000000        27.6049189923855       3.098357071358262E-002
   3.68717180000000        27.6225230543935       3.122839773737508E-002
   3.70077760000000        27.6403957455504       3.148443990206772E-002
   3.71438340000000        27.6585486332563       3.175255327458450E-002
   3.72798920000000        27.6769941814338       3.203368391313570E-002
   3.74159500000000        27.6957458457971       3.232887994299048E-002
   3.75520080000000        27.7148181820451       3.263930561960332E-002
   3.76880660000000        27.7342269691249       3.296625776982363E-002
   3.78241240000000        27.7539893501446       3.331118509199677E-002
   3.79601820000000        27.7741239940348       3.367571090985823E-002
   3.80962400000000        27.7946512817175       3.406166012056272E-002
   3.82322980000000        27.8155935213501       3.447109126381598E-002
   3.83683560000000        27.8369751982334       3.490633488029339E-002
   3.85044140000000        27.8588232662681       3.537003964162871E-002
   3.86404720000000        27.8811674894770       3.586522814657039E-002
   3.87765300000000        27.9040408442193       3.639536482374547E-002
   3.89125880000000        27.9274799954339       3.696443911068302E-002
   3.90486460000000        27.9515258637876       3.757706806238970E-002
   3.91847040000000        27.9762243052483       3.823862388343794E-002
   3.93207620000000        28.0016269307692       3.895539372520437E-002
   3.94568200000000        28.0277921020327       3.973478166695132E-002
   3.95928780000000        28.0547861504024       4.058556644029928E-002
   3.97289360000000        28.0826848815953       4.151823367260737E-002
   3.98649940000000        28.1115754499320       4.254540901071344E-002
   4.00010520000000        28.1415587161046       4.368242970181310E-002
   4.01371100000000        28.1727522454382       4.494810908871086E-002
   4.02731680000000        28.2052941662339       4.636577438674442E-002
   4.04092260000000        28.2393482005306       4.796469874557522E-002
   4.05452840000000        28.2751103198095       4.978211386427863E-002
   4.06813420000000        28.3128176947365       5.186609705324963E-002
   4.08174000000000        28.3527609508958       5.427980941336515E-002
   4.09534580000000        28.3953013000496       5.710788261802652E-002
   4.10895160000000        28.4408950509313       6.046633624095405E-002
   4.12255740000000        28.4901296229236       6.451851833085608E-002
   4.13616320000000        28.5437780988182       6.950177772548448E-002
   4.14976900000000        28.6028848139763       7.577425142414250E-002
   4.16337480000000        28.6689051938161       8.390168023921081E-002
   4.17698060000000        28.7439451092702       9.482979259168862E-002
   4.19058640000000        28.8311925529764       0.110256225475127     
   4.20419220000000        28.9357394787401       0.133520479337995     
   4.21779800000000        29.0662065362277       0.172032455092473     
   4.23140380000000        29.2377090349458       0.245108736585133     
   4.24500960000000        29.4716263211060       0.414742662682760     
   4.25861540000000        29.6906617337426       0.905356400003799     
   4.27222120000000        28.9858318523972        1.51450468328952     
   4.28582700000000        28.6440314361409       0.835436505480194     
   4.29943280000000        29.0290567761159       0.600672421053754     
   4.31303860000000        29.4648623051103       0.784359862456221     
   4.32664440000000        29.5454520098663        1.46427844682178     
   4.34025020000000        29.1525726635043        1.49896426363073     
   4.35385600000000        29.2178808895588        2.02995067186308     
   4.36746180000000        28.1238696270680        1.88915838723456     
   4.38106760000000        28.4283872207316        1.15345627775067     
   4.39467340000000        29.0888036673170        1.40247461621815     
   4.40827920000000        28.7630936978968        2.71538026821449     
   4.42188500000000        27.1107653918116        1.96100584084816     
   4.43549080000000        27.4508775716628       0.927574222907234     
   4.44909660000000        27.9944858075663       0.664159555055572     
   4.46270240000000        28.4638049110464       0.777396871216978     
   4.47630820000000        28.6341464467587        1.13071884265590     
   4.48991400000000        28.8087977589671        1.67811387044060     
   4.50351980000000        27.5174836214459        2.32585375525179     
   4.51712560000000        27.0290863404003        1.07447891254148     
   4.53073140000000        27.4284813325130       0.533937855222979     
   4.54433720000000        27.7691728982624       0.350807706397531     
   4.55794300000000        28.0406347486045       0.285597777470427     
   4.57154880000000        28.2826196505021       0.286607374486829     
   4.58515460000000        28.5076415767277       0.385900704652635     
   4.59876040000000        28.5363148666932       0.623435107160525     
   4.61236620000000        28.3673148369007       0.506583112906053     
   4.62597200000000        28.5558976051043       0.335498335305906     
   4.63957780000000        28.7905433320848       0.330466864681156     
   4.65318360000000        29.0158153525423       0.368941821499480     
   4.66678940000000        29.3287350498032       0.508073993510122     
   4.68039520000000        29.6099497902850       0.980961943277013     
   4.69400100000000        29.1306113135663        1.42553396957572     
   4.70760680000000        29.1665875115444        1.16506452670884     
   4.72121260000000        29.5491196454241        1.55646785630861     
   4.73481840000000        28.8373612969710        2.49060570986772     
   4.74842420000000        27.9904342902808        1.67919159246833     
   4.76203000000000        28.4508410909726        1.29171090235787     
   4.77563580000000        28.5932014690265        1.70887522407733     
   4.78924160000000        28.1003053100042        1.87722374299530     
   4.80284740000000        27.4954544349359        1.36835301343037     
   4.81645320000000        27.8019990595676       0.739543074707024     
   4.83005900000000        28.2118636297748       0.656684416609805     
   4.84366480000000        28.3301577368063       0.818087322236337     
   4.85727060000000        28.2169658843726       0.651841351161276     
   4.87087640000000        28.4852440175818       0.444134344901543     
   4.88448220000000        28.8067014666988       0.458806953399619     
   4.89808800000000        29.1146566113523       0.640172350063845     
   4.91169380000000        29.1187081874803        1.10586311083703     
   4.92529960000000        28.8802535516410        1.00127353552486     
   4.93890540000000        29.0818142710855       0.961721702893131     
   4.95251120000000        29.2749924171808        1.31111781530706     
   4.96611700000000        28.9837717692810        1.56841463252695     
   4.97972280000000        28.9415812373016        1.56973341696412     
   4.99332860000000        28.6397059369841        1.79179518030562     
   5.00693440000000        28.5200561599930        1.82032928746513     
   5.02054020000000        27.8903391818092        1.65414379465933     
   5.03414600000000        27.8286714414850        1.20398353158121     
   5.04775180000000        27.9128409369252       0.763039466671643     
   5.06135760000000        28.1721376014592       0.558212601466568     
   5.07496340000000        28.3760253042180       0.448245226273654     
   5.08856920000000        28.6086795374941       0.374822380180733     
   5.10217500000000        28.7941480880881       0.395060339662265     
   5.11578080000000        28.9742660989948       0.403160227112848     
   5.12938660000000        29.1559903652983       0.429955643231855     
   5.14299240000000        29.3830737685111       0.559615613379359     
   5.15659820000000        29.5188985863330       0.880317147185405     
   5.17020400000000        29.0933941080328        1.12357436964988     
   5.18380980000000        29.0378837209114       0.649183525766937     
   5.19741560000000        29.3894194570917       0.515214230770494     
   5.21102140000000        29.6710463014934       0.679082971578266     
   5.22462720000000        29.6451091761247       0.750005079437146     
   5.23823300000000        29.9402088863823       0.664006886736494     
   5.25183880000000        30.3253197078378       0.887149421264859     
   5.26544460000000        30.5702765456405        1.31820604758701     
   5.27905040000000        30.4329991857286        2.02249402263882     
   5.29265620000000        29.8712706184006        1.88488954614013     
   5.30626200000000        29.9935548698093        1.71362663506540     
   5.31986780000000        30.4931002745232        1.75309261432034     
   5.33347360000000        30.8489594754811        2.65813558794268     
   5.34707940000000        30.4866214571753        3.35350685771435     
   5.36068520000000        29.2551341806295        4.42195363246344     
   5.37429100000000        27.7548738405636        3.07324896982652     
   5.38789680000000        28.3705659589822        1.99262826895481     
   5.40150260000000        29.1692518074246        1.82032892078002     
   5.41510840000000        29.8275994516707        2.47310977695114     
   5.42871420000000        29.4857648608675        3.76436221624255     
   5.44232000000000        28.0524873650562        3.72015262579497     
   5.45592580000000        27.6875150637459        2.83517057865332     
   5.46953160000000        27.9659469542778        2.32250541053356     
   5.48313740000000        28.5496419846902        2.27713037052320     
   5.49674320000000        28.9611598811960        3.26602520038594     
   5.51034900000000        27.1585596436667        4.11630869713250     
   5.52395480000000        26.2312740048339        2.66616797285877     
   5.53756060000000        26.6784877605465        1.97779567183997     
   5.55116640000000        26.6011167987349        1.67502450864043     
   5.56477220000000        26.6681745650003        1.30974961551221     
   5.57837800000000        26.7786971160313       0.823779383051600     
   5.59198380000000        27.1388121048988       0.484759264638027     
   5.60558960000000        27.4791857323508       0.347612090053810     
   5.61919540000000        27.7573265089373       0.296112691917763     
   5.63280120000000        27.9720198440598       0.288835046426056     
   5.64640700000000        28.1682822119663       0.274655823179348     
   5.66001280000000        28.3422850701548       0.316126809936100     
   5.67361860000000        28.4773184277791       0.317987879229826     
   5.68722440000000        28.6932238088654       0.354781888358674     
   5.70083020000000        28.8810836919546       0.556999590450812     
   5.71443600000000        28.8747227472721       0.870797831364225     
   5.72804180000000        28.5312288324706       0.930430989844537     
   5.74164760000000        28.4782981644231       0.704113289642358     
   5.75525340000000        28.4429821974978       0.703332652997557     
   5.76885920000000        28.4291803801441       0.421306483389496     
   5.78246500000000        28.6411505821795       0.283222452747021     
   5.79607080000000        28.8475162571278       0.288218526112116     
   5.80967660000000        28.9500081909542       0.446657832449765     
   5.82328240000000        28.7794872447587       0.408310306756982     
   5.83688820000000        28.8783798601285       0.227278741361997     
   5.85049400000000        29.0262033121297       0.164620478320736     
   5.86409980000000        29.1582711180833       0.141746527750990     
   5.87770560000000        29.2804808259419       0.133477175554030     
   5.89131140000000        29.3996867433901       0.133528568407059     
   5.90491720000000        29.5212980116561       0.142501443842670     
   5.91852300000000        29.6462313956297       0.169772140237510     
   5.93212880000000        29.7461616906002       0.208423931958394     
   5.94573460000000        29.8802376352383       0.228640966825572     
   5.95934040000000        30.0272205201491       0.344900588453790     
   5.97294620000000        29.9934001973648       0.435998086638942     
   5.98655200000000        30.1388108757486       0.369958230218285     
   6.00015780000000        30.4132563761917       0.513919204710606     
   6.01376360000000        30.5050192847821        1.07162186973675     
   6.02736940000000        29.6846585173648        1.14470459361811     
   6.04097520000000        29.7156759556362       0.549714986135474     
   6.05458100000000        29.9941487026650       0.357011788657219     
   6.06818680000000        30.2499236784629       0.289363630286954     
   6.08179260000000        30.5034248197217       0.278417378601493     
   6.09539840000000        30.7694838020477       0.301385212408165     
   6.10900420000000        31.0716676953263       0.356855089467102     
   6.12261000000000        31.4412196223790       0.462125802543424     
   6.13621580000000        31.9273341121491       0.669496621453441     
   6.14982160000000        32.6020580681721        1.14381232372468     
   6.16342740000000        33.3301009250889        2.44109384038569     
   6.17703320000000        32.4628482562566        4.68672173773558     
   6.19063900000000        29.9110602945207        4.82254657121250     
   6.20424480000000        28.8723499586794        3.25183086632178     
   6.21785060000000        29.7425841448626        2.21569256090832     
   6.23145640000000        30.6254980971785        2.83330664868656     
   6.24506220000000        30.2707222200391        4.20829902028166     
   6.25866800000000        28.5195107631874        4.62481704505440     
   6.27227380000000        26.9401155505227        3.38448513555907     
   6.28587960000000        27.0089030321790        1.68216071264087     
   6.29948540000000        27.7577590725662       0.903725581154207     
   6.31309120000000        28.3762764752542       0.630855923396985     
   6.32669700000000        28.8788689144821       0.572443425876964     
   6.34030280000000        29.2704512248082       0.738232128304338     
   6.35390860000000        29.3044948873885       0.924942226372615     
   6.36751440000000        29.2941402823999        1.07645882788029     
   6.38112020000000        29.0959854010177       0.763331549807510     
   6.39472600000000        29.4246071146298       0.503712035156245     
   6.40833180000000        29.8084651382298       0.518001383677319     
   6.42193760000000        30.1403040599462       0.835277091130529     
   6.43554340000000        29.7975308464084        1.27311095232918     
   6.44914920000000        29.6593077860698       0.965942757321403     
   6.46275500000000        29.6406542728899       0.808426752715755     
   6.47636080000000        29.9372395460329       0.589133652289053     
   6.48996660000000        30.3580768155800       0.725617110619317     
   6.50357240000000        30.4712788248709        1.36050578668532     
   6.51717820000000        29.8588207559814        1.32826989871691     
   6.53078400000000        30.0991526929024        1.29044418491958     
   6.54438980000000        29.4652284563845        1.64648509534525     
   6.55799560000000        29.2275086258254       0.826368051424185     
   6.57160140000000        29.5873977148463       0.474792936038252     
   6.58520720000000        29.9096733491278       0.409465606423079     
   6.59881300000000        30.1089645323967       0.499220111412233     
   6.61241880000000        30.1058716029446       0.525635513882642     
   6.62602460000000        30.2163530270578       0.408163361691447     
   6.63963040000000        30.4530868055373       0.387348504364288     
   6.65323620000000        30.6205022912635       0.548800855310490     
   6.66684200000000        30.6921445193221       0.587911002265567     
   6.68044780000000        30.9285276226138       0.897865454678827     
   6.69405360000000        30.3290588515350        1.36992506559414     
   6.70765940000000        29.9946573332578       0.742379157577051     
   6.72126520000000        30.2219192717381       0.402177216625278     
   6.73487100000000        30.4765674854523       0.302782912416323     
   6.74847680000000        30.6731028275139       0.347842857791907     
   6.76208260000000        30.6463472826241       0.400898846567983     
   6.77568840000000        30.7171532997949       0.245275271141236     
   6.78929420000000        30.8751279959360       0.178820663725217     
   6.80290000000000        31.0210161364376       0.154238299314158     
   6.81650580000000        31.1560507754175       0.143708055900341     
   6.83011160000000        31.2856016821757       0.139377904513987     
   6.84371740000000        31.4132974592774       0.138569889982779     
   6.85732320000000        31.5417096989055       0.140244829207967     
   6.87092900000000        31.6729367340342       0.144029893081367     
   6.88453480000000        31.8089561812357       0.149911510596167     
   6.89814060000000        31.9518794948093       0.158151323040223     
   6.91174640000000        32.1041989987619       0.169313766852103     
   6.92535220000000        32.2691026932443       0.184399568619753     
   6.93895800000000        32.4509562293865       0.205156502447774     
   6.95256380000000        32.6561281307908       0.234790696495679     
   6.96616960000000        32.8944814320176       0.279777298991474     
   6.97977540000000        33.1816408302066       0.355318920819107     
   6.99338120000000        33.5337096057912       0.500944008437756     
   7.00698700000000        33.9621577929347       0.765563874687712     
   7.02059280000000        34.4889732084424        1.45737285509036     
   7.03419860000000        33.8625575963872        2.74077815844784     
   7.04780440000000        33.1541194211227        1.95130029653196     
   7.06141020000000        34.0356391665221        1.94684108785307     
   7.07501600000000        34.1606470495574        3.48648727911345     
   7.08862180000000        32.7316355589006        3.54714128434220     
   7.10222760000000        31.9784914124447        3.34572425039753     
   7.11583340000000        32.0964152574670        2.31813126498758     
   7.12943920000000        32.3992803052489        2.60353613024175     
   7.14304500000000        32.1296289212087        2.01186375198651     
   7.15665080000000        32.8717188374211        1.88295417961630     
   7.17025660000000        33.2282973879148        2.05850104419114     
   7.18386240000000        33.9560117765939        2.88524013773537     
   7.19746820000000        32.7380994485408        3.97134702742053     
   7.21107400000000        32.0057128685401        3.66803727656551     
   7.22467980000000        31.5064923811534        2.46059551459927     
   7.23828560000000        32.5872070507846        1.95799607286239     
   7.25189140000000        33.3645237800890        3.04914261816611     
   7.26549720000000        31.5312361563685        3.72057513376454     
   7.27910300000000        31.3130533287307        1.93298990609196     
   7.29270880000000        32.2992639175089        1.27340708365458     
   7.30631460000000        33.2450836083860        1.30701531692286     
   7.31992040000000        33.8901968818636        1.67218262436516     
   7.33352620000000        34.7152250210867        2.30055582785598     
   7.34713200000000        34.3750063885532        3.76824019189217     
   7.36073780000000        33.5501427181038        3.30327220069729     
   7.37434360000000        34.4465045734499        3.57977623620628     
   7.38794940000000        33.6256784031225        4.61896156299591     
   7.40155520000000        32.7995801742300        3.96654530936620     
   7.41516100000000        33.2522282797530        3.69667483827983     
   7.42876680000000        33.4173857081441        3.18979356032887     
   7.44237260000000        34.4184421285753        3.27508865969891     
   7.45597840000000        35.5619724819905        4.46180563314533     
   7.46958420000000        34.4502454683740        5.96621988569206     
   7.48319000000000        34.8091283947504        5.83550199510760     
   7.49679580000000        33.8581818117371        7.89405168881283     
   7.51040160000000        32.2202077494053        7.40873892181388     
   7.52400740000000        31.8591759228818        7.25678048227598     
   7.53761320000000        31.4997344496520        6.79826659674254     
   7.55121900000000        32.0148324556465        7.68236270094369     
   7.56482480000000        28.3847532637668        8.32092306416955     
   7.57843060000000        28.3916954330532        4.93530162299364     
   7.59203640000000        29.8115490135883        4.33814235334932     
   7.60564220000000        30.9510408959774        5.54140196196408     
   7.61924800000000        28.0419098874805        6.06550296535165     
   7.63285380000000        28.3207060764346        3.26576077098672     
   7.64645960000000        29.8084495205441        2.74185305808201     
   7.66006540000000        30.8353511209854        2.86855617284969     
   7.67367120000000        31.2774769148305        3.68742116515061     
   7.68727700000000        31.6905069769690        4.08388863906489     
   7.70088280000000        31.7161163635658        5.54079485525247     
   7.71448860000000        29.0992284025774        6.55834292783379     
   7.72809440000000        27.8148701451096        3.71060946520370     
   7.74170020000000        29.3062098595588        2.22079412116741     
   7.75530600000000        30.9245621269732        2.18655917009165     
   7.76891180000000        32.2677656571503        3.60948078731313     
   7.78251760000000        30.4105171107277        5.87895507048258     
   7.79612340000000        28.9421696121653        3.63691005110913     
   7.80972920000000        30.0867297122749        2.88691242255127     
   7.82333500000000        30.8830366976565        2.85017016766571     
   7.83694080000000        31.5573782795264        4.04705702350026     
   7.85054660000000        30.8486025180280        4.23401037299940     
   7.86415240000000        31.0953056092484        5.70362010653382     
   7.87775820000000        27.8047374686614        5.38847624168068     
   7.89136400000000        28.2775740387376        2.91149714695395     
   7.90496980000000        29.5057397211884        2.87647498825175     
   7.91857560000000        28.8952563003905        3.13363165489410     
   7.93218140000000        29.3198640903922        2.03936535383751     
   7.94578720000000        30.3098237627578        2.30301254273800     
   7.95939300000000        29.8839114021241        2.97721304459548     
   7.97299880000000        29.5147511950753        2.15564692189698     
   7.98660460000000        30.4118232524413        1.69358473153116     
   8.00021040000000        31.3556360109677        2.29449426994451     
   8.01381620000000        30.9647755654098        3.91708774111778     
   8.02742200000000        29.1559670345887        3.33038852069752     
   8.04102780000000        29.4057581804902        1.82962115301955     
   8.05463360000000        30.4579648393512        1.44652730359426     
   8.06823940000000        31.3758284026740        1.97261423157408     
   8.08184520000000        31.4557806034347        2.81617430280654     
   8.09545100000000        31.1122449331236        4.33622925167905     
   8.10905680000000        28.5131218685223        3.51846070427322     
   8.12266260000000        28.9079011658771        1.79502067256084     
   8.13626840000000        29.7386781195379        1.20615323528876     
   8.14987420000000        30.5121138678783        1.26898793392347     
   8.16348000000000        30.7275777111069        1.88981571440083     
   8.17708580000000        30.0209777739391        1.79688494341540     
   8.19069160000000        30.2816015117838       0.995449744196639     
   8.20429740000000        30.9196419943975       0.753533178639470     
   8.21790320000000        31.5600711559707       0.809378294330303     
   8.23150900000000        32.2343112901078        1.16231302869757     
   8.24511480000000        32.7892286819934        2.28032218179422     
   8.25872060000000        31.1269816725797        3.57084598000067     
   8.27232640000000        30.4138648294419        1.97011233234292     
   8.28593220000000        31.1893154453246        1.52423814970333     
   8.29953800000000        31.4668792820336        2.03257094410319     
   8.31314380000000        31.0808916879929        1.88510277821680     
   8.32674960000000        31.1536365211416        1.49929602104539     
   8.34035540000000        31.6712750254209        1.23844738785309     
   8.35396120000000        32.1243895448995        1.44903308297394     
   8.36756700000000        32.7488699761272        1.80224788963134     
   8.38117280000000        32.5881471844652        3.33228634989562     
   8.39477860000000        31.1072910196880        2.79861358606631     
   8.40838440000000        31.3858797322443        2.34311488989224     
   8.42199020000000        31.8356614985740        2.21258372918106     
   8.43559600000000        31.8211468579452        3.50918985703249     
   8.44920180000000        29.9770093602437        2.77645800522816     
   8.46280760000000        30.5357066821360        1.54086654351029     
   8.47641340000000        31.4027656874593        1.51972535101383     
   8.49001920000000        31.5141284871754        2.24978055380727     
   8.50362500000000        30.8771062591631        2.43882030567478     
   8.51723080000000        30.3669588564299        1.66046932224608     
   8.53083660000000        30.7216133600187        1.15651901193366     
   8.54444240000000        31.0347084428442       0.840966235450172     
   8.55804820000000        31.5065546587348       0.651492602458322     
   8.57165400000000        32.0116313544599       0.678115062561439     
   8.58525980000000        32.5897777679231       0.930335617252170     
   8.59886560000000        33.1098575831838        1.85853259736684     
   8.61247140000000        31.7424284164478        3.12225527521894     
   8.62607720000000        30.9146840665669        1.86016495227672     
   8.63968300000000        31.1061752829783        1.34235000054178     
   8.65328880000000        31.4759127336748        1.06209446278320     
   8.66689460000000        31.5120122173984        1.02243877669592     
   8.68050040000000        31.7984967285866       0.727125493927005     
   8.69410620000000        32.2147890126393       0.720396293972811     
   8.70771200000000        32.6257559921937        1.08257542304213     
   8.72131780000000        32.1672719397823        1.63758472602027     
   8.73492360000000        31.9214842370485        1.14571087503406     
   8.74852940000000        32.2135534657184       0.904632546383244     
   8.76213520000000        32.5052248398170        1.04669617368963     
   8.77574100000000        32.5330738210211        1.34308598004375     
   8.78934680000000        32.1604954188850        1.63275164769844     
   8.80295260000000        31.7821507082965       0.999925805493528     
   8.81655840000000        32.1754182608334       0.608710215843077     
   8.83016420000000        32.5764844606236       0.586768588461780     
   8.84377000000000        32.9108853288112       0.747234528809408     
   8.85737580000000        33.0470170275878        1.24290984656607     
   8.87098160000000        32.3775819495171        1.37579910848577     
   8.88458740000000        32.4293765229298       0.881052862989476     
   8.89819320000000        32.6614136042161       0.732421190815848     
   8.91179900000000        33.0131110801014       0.842595924318013     
   8.92540480000000        32.9288839595341        1.28470462553860     
   8.93901060000000        32.6322027996483        1.18141822232607     
   8.95261640000000        32.3414308817535        1.07339169974861     
   8.96622220000000        32.4113501640828       0.577729318729099     
   8.97982800000000        32.7302101739547       0.413410208313114     
   8.99343380000000        32.9814133144786       0.485159281988234     
   9.00703960000000        32.9597571619684       0.614125723213241     
   9.02064540000000        32.8862880171502       0.449588726705834     
   9.03425120000000        33.0406836729723       0.300090929614383     
   9.04785700000000        33.2180898454794       0.230887675247406     
   9.06146280000000        33.3998013022226       0.223717707423936     
   9.07506860000000        33.5774755179098       0.282916510134960     
   9.08867440000000        33.6285091037560       0.467737364210723     
   9.10228020000000        33.5038376985876       0.396597682313874     
   9.11588600000000        33.6108129762867       0.264031179445459     
   9.12949180000000        33.7823410993990       0.237397818777798     
   9.14309760000000        33.9161167696248       0.325819016287774     
   9.15670340000000        33.8773473568727       0.354711929006821     
   9.17030920000000        33.9682742299767       0.298360408109869     
   9.18391500000000        34.0263884691082       0.316393604841993     
   9.19752080000000        34.1146967298237       0.271253820030909     
   9.21112660000000        34.1793072178789       0.321547473003567     
   9.22473240000000        34.2130224832770       0.240748672790268     
   9.23833820000000        34.3643940049400       0.199508441588282     
   9.25194400000000        34.5338271090335       0.231455039674196     
   9.26554980000000        34.6933391968872       0.379436339864528     
   9.27915560000000        34.6035641083628       0.597684104503964     
   9.29276140000000        34.4448465309347       0.579074136631622     
   9.30636720000000        34.4453928660631       0.379620013036597     
   9.31997300000000        34.5754431570307       0.379461882597214     
   9.33357880000000        34.5224549473229       0.338602980980485     
   9.34718460000000        34.6106727033617       0.223071322139921     
   9.36079040000000        34.7233011339872       0.159990730091876     
   9.37439620000000        34.8433809606437       0.131154527309629     
   9.38800200000000        34.9556699653811       0.121306375828963     
   9.40160780000000        35.0646135453184       0.121967495518661     
   9.41521360000000        35.1764857633986       0.135927957116828     
   9.42881940000000        35.2944069275818       0.184454804220742     
   9.44242520000000        35.3456781861367       0.326294402566425     
   9.45603100000000        35.2079815028982       0.296512458010016     
   9.46963680000000        35.2837387426962       0.167822371954962     
   9.48324260000000        35.3957667210708       0.124648429683463     
   9.49684840000000        35.4976093600400       0.108954097189537     
   9.51045420000000        35.5925400760831       0.102790801347457     
   9.52406000000000        35.6837928624193       0.101609611375224     
   9.53766580000000        35.7732292861206       0.102282622569257     
   9.55127160000000        35.8661393609139       0.106037883131184     
   9.56487740000000        35.9642210908378       0.117718630494483     
   9.57848320000000        36.0692405796353       0.148910836688016     
   9.59208900000000        36.1497877215874       0.229082567447544     
   9.60569480000000        36.1661544116256       0.291761842351919     
   9.61930060000000        36.0960608855733       0.305417222280894     
   9.63290640000000        36.1353065065971       0.183541724442536     
   9.64651220000000        36.2458723407885       0.132688654143479     
   9.66011800000000        36.3490635073015       0.114844927949352     
   9.67372380000000        36.4477747868672       0.107632460482638     
   9.68732960000000        36.5445463550179       0.106863271504287     
   9.70093540000000        36.6418849861678       0.112356412045772     
   9.71454120000000        36.7366829993878       0.130960347227761     
   9.72814700000000        36.8066579238010       0.146262772868293     
   9.74175280000000        36.8890396276403       0.137197227909319     
   9.75535860000000        36.9973079222587       0.132057824480622     
   9.76896440000000        37.1197509865310       0.143634408464182     
   9.78257020000000        37.2592909182790       0.174090111461410     
   9.79617600000000        37.4287009104882       0.246584588017165     
   9.80978180000000        37.6239271455320       0.450533758913817     
   9.82338760000000        37.5257759798886       0.951021952210932     
   9.83699340000000        36.9500183950936       0.755239485891817     
   9.85059920000000        37.0701175352390       0.435165134566912     
   9.86420500000000        37.1949606522440       0.363903626369598     
   9.87781080000000        37.2920001402089       0.290965285037744     
   9.89141660000000        37.4110750498649       0.291723972598132     
   9.90502240000000        37.4501259427276       0.237664743451479     
   9.91862820000000        37.5804499565318       0.174378703655088     
   9.93223400000000        37.7185668347476       0.154545942015459     
   9.94583980000000        37.8521999765334       0.155260527967879     
   9.95944560000000        37.9847985051010       0.160914019496540     
   9.97305140000000        38.1321266219459       0.178024058861943     
   9.98665720000000        38.2991686199698       0.215623540121245     
   10.0002630000000        38.4898827253694       0.294288797042958     
   10.0138688000000        38.7430535994942       0.451283581567372     
   10.0274746000000        39.0113083205286       0.948391414029511     
   10.0410804000000        38.3273904167665        1.76661041309849     
   10.0546862000000        37.5967688242116        1.12522897610301     
   10.0682920000000        37.7367953860942       0.666570137203752     
   10.0818978000000        37.8305935198779       0.476809227541231     
   10.0955036000000        38.0072658583813       0.304848581806722     
   10.1091094000000        38.1797630193545       0.224788944956957     
   10.1227152000000        38.3345448415829       0.193744018147598     
   10.1363210000000        38.4537251549805       0.186051273140004     
   10.1499268000000        38.5543229167366       0.155383545644645     
   10.1635326000000        38.6730943792147       0.134964458415113     
   10.1771384000000        38.7816757872492       0.125403199813849     
   10.1907442000000        38.8887100896388       0.116365613168278     
   10.2043500000000        38.9934424612660       0.111754657602937     
   10.2179558000000        39.0954331615347       0.109149644577888     
   10.2315616000000        39.1957044802631       0.107649493116493     
   10.2451674000000        39.2950068836727       0.106920262690288     
   10.2587732000000        39.3939165554800       0.106829654916132     
   10.2723790000000        39.4928873041045       0.107296074504443     
   10.2859848000000        39.5925751691553       0.108302519817054     
   10.2995906000000        39.6935451512078       0.110304805582566     
   10.3131964000000        39.7955963770146       0.114115551872758     
   10.3268022000000        39.8983524570342       0.117304564707064     
   10.3404080000000        40.0071327482968       0.121707265418148     
   10.3540138000000        40.1206002618809       0.130405979043684     
   10.3676196000000        40.2427864134330       0.143668683614830     
   10.3812254000000        40.3797742664178       0.171455239998204     
   10.3948312000000        40.5309887772621       0.238966060794154     
   10.4084370000000        40.6713094613192       0.396718704571713     
   10.4220428000000        40.5211187265084       0.625207107516977     
   10.4356486000000        40.4500651793419       0.399470968159705     
   10.4492544000000        40.6578982599409       0.347311711016330     
   10.4628602000000        40.7831985178820       0.544152144286731     
   10.4764660000000        40.5099612578286       0.553830029474899     
   10.4900718000000        40.5824546340948       0.289163936371715     
   10.5036776000000        40.7565222688121       0.193865650353691     
   10.5172834000000        40.9105245536235       0.158749653427434     
   10.5308892000000        41.0487792079793       0.143169607891209     
   10.5444950000000        41.1783119227312       0.135564438003561     
   10.5581008000000        41.3032941323010       0.131918885442822     
   10.5717066000000        41.4262541654058       0.130606133795552     
   10.5853124000000        41.5489120824976       0.130926212653324     
   10.5989182000000        41.6726299394777       0.132623095967620     
   10.6125240000000        41.7986877092732       0.135725658720677     
   10.6261298000000        41.9285090241338       0.140539924209256     
   10.6397356000000        42.0639272568844       0.147781235121287     
   10.6533414000000        42.2076030914813       0.158979066435564     
   10.6669472000000        42.3637683162338       0.177681939739550     
   10.6805530000000        42.5392336415784       0.213673839436135     
   10.6941588000000        42.7378220657406       0.300373535336092     
   10.7077646000000        42.8529861060335       0.507271623455708     
   10.7213704000000        42.8228872094794       0.484023917181457     
   10.7349762000000        43.1011135888164       0.462488280105757     
   10.7485820000000        43.4756592008728       0.714028705065240     
   10.7621878000000        43.6114402656038        1.45525650564543     
   10.7757936000000        42.7098160181044        2.17960529111981     
   10.7893994000000        41.8243797212500        1.22272455304898     
   10.8030052000000        42.1526090549363       0.569764386329451     
   10.8166110000000        42.4943746885517       0.350431011893229     
   10.8302168000000        42.7600451664673       0.260618320693396     
   10.8438226000000        42.9788551071039       0.216818173040224     
   10.8574284000000        43.1705431326019       0.192930317462456     
   10.8710342000000        43.3460835327916       0.179032010354288     
   10.8846400000000        43.5118130314476       0.170745450803906     
   10.8982458000000        43.6716439158885       0.165921815087083     
   10.9118516000000        43.8281717020376       0.163429043473177     
   10.9254574000000        43.9832544011421       0.162654205473688     
   10.9390632000000        44.1383296381488       0.163305472285794     
   10.9526690000000        44.2944431786194       0.165339702428844     
   10.9662748000000        44.4524973185993       0.168140283223950     
   10.9798806000000        44.6144469958368       0.171984396573893     
   10.9934864000000        44.7811680998867       0.177395010301181     
   11.0070922000000        44.9540583522055       0.184569113811832     
   11.0206980000000        45.1349867529659       0.193979861189663     
   11.0343038000000        45.3264173211122       0.206421141991501     
   11.0479096000000        45.5317640226519       0.223195649497148     
   11.0615154000000        45.7559464947498       0.246504463062405     
   11.0751212000000        46.0064203449321       0.280250757501982     
   11.0887270000000        46.2950737090100       0.331924088758604     
   11.1023328000000        46.6418679859524       0.417491987315512     
   11.1159386000000        47.0809229081740       0.576402562963091     
   11.1295444000000        47.6525551020170       0.919224830635500     
   11.1431502000000        48.3585067484040        1.67761498891848     
   11.1567560000000        48.6255462605543        3.74798178740836     
   11.1703618000000        46.2460082564753        4.82707246336676     
   11.1839676000000        44.3181111212138        4.69260037436670     
   11.1975734000000        43.3043087141873        2.33391270000208     
   11.2111792000000        44.0960286544987        1.11390876489015     
   11.2247850000000        44.7847116763840       0.684729784167790     
   11.2383908000000        45.3007619966125       0.507901111439331     
   11.2519966000000        45.7151260437488       0.449963761987397     
   11.2656024000000        46.0021773463355       0.471531601003017     
   11.2792082000000        46.2472818822890       0.414011642078650     
   11.2928140000000        46.5234392875378       0.463030335360720     
   11.3064198000000        46.5822736798414       0.495396577123821     
   11.3200256000000        46.7730313341658       0.345514812455646     
   11.3336314000000        47.0394422063631       0.298610228262023     
   11.3472372000000        47.2893578889883       0.326532021282045     
   11.3608430000000        47.4172602614279       0.398180092026678     
   11.3744488000000        47.5468627647655       0.301866859498123     
   11.3880546000000        47.7719875473358       0.247635108398783     
   11.4016604000000        47.9941585050429       0.229471060811695     
   11.4152662000000        48.2100217656462       0.223504410380792     
   11.4288720000000        48.4238582169391       0.224221570933484     
   11.4424778000000        48.6378894229573       0.232082704111232     
   11.4560836000000        48.8558225067949       0.245868798086682     
   11.4696894000000        49.0875752578061       0.285674712051545     
   11.4832952000000        49.2883723086624       0.410571360745539     
   11.4969010000000        49.2728939463489       0.452719090221500     
   11.5105068000000        49.4372750870279       0.307833835634606     
   11.5241126000000        49.6741510846279       0.257590272129315     
   11.5377184000000        49.9030307777486       0.239750226351338     
   11.5513242000000        50.1279769609544       0.233164453582582     
   11.5649300000000        50.3509553463367       0.231357103205461     
   11.5785358000000        50.5746674802513       0.232338100643377     
   11.5921416000000        50.8004990146745       0.235768346659038     
   11.6057474000000        51.0295829944878       0.243309673506246     
   11.6193532000000        51.2562833112284       0.261317294520554     
   11.6329590000000        51.4633160209259       0.265490239468551     
   11.6465648000000        51.6965380833297       0.254163353237877     
   11.6601706000000        51.9397474689831       0.253240003413560     
   11.6737764000000        52.1864816227188       0.256096128644599     
   11.6873822000000        52.4373628369107       0.260450589954262     
   11.7009880000000        52.6931876516618       0.265684669204366     
   11.7145938000000        52.9546385137824       0.271629716163842     
   11.7281996000000        53.2223726197970       0.278285472168114     
   11.7418054000000        53.4971045875936       0.285766114735756     
   11.7554112000000        53.7796941433423       0.294342905997394     
   11.7690170000000        54.0712989453043       0.304625874572430     
   11.7826228000000        54.3736017815547       0.318258190675216     
   11.7962286000000        54.6885719085518       0.340607147349232     
   11.8098344000000        55.0070117652890       0.390269474223602     
   11.8234402000000        55.2608995094859       0.430039248221588     
   11.8370460000000        55.5746074438664       0.389306278894367     
   11.8506518000000        55.9373645632579       0.382982868632192     
   11.8642576000000        56.3138615897355       0.394130815829339     
   11.8778634000000        56.7072996694282       0.415209159211655     
   11.8914692000000        57.1246874205211       0.449263874269457     
   11.9050750000000        57.5745829173849       0.512548593927196     
   11.9186808000000        58.0484271778274       0.654790572377914     
   11.9322866000000        58.3903185643761       0.955074638734186     
   11.9458924000000        58.4243032102084       0.930722642030613     
   11.9594982000000        58.8869756889776       0.692774414754326     
   11.9731040000000        59.4802891923713       0.643486853973127     
   11.9867098000000        60.0963280241488       0.686086548773695     
   12.0003156000000        60.7093724327195       0.829812629666231     
   12.0139214000000        61.2272190431594        1.01332955387751     
   12.0275272000000        61.6230941361625        1.03542400153588     
   12.0411330000000        62.3112503244646       0.921248452964316     
   12.0547388000000        63.1349798523654       0.932278208795828     
   12.0683446000000        64.0506152006173        1.01801161002922     
   12.0819504000000        65.0917976087419        1.18871622261860     
   12.0955562000000        66.2950942624105        1.52690958596070     
   12.1091620000000        67.6706973086066        2.18400791755245     
   12.1227678000000        68.8629103019890        3.82357535097041     
   12.1363736000000        68.2620691726463        4.95779513802258     
   12.1499794000000        67.7694086869235        4.63894645839185     
   12.1635852000000        69.2693718143097        3.27333519309844     
   12.1771910000000        71.7847964366971        3.21826969097837     
   12.1907968000000        74.6181836860137        3.68708381207242     
   12.2044026000000        78.3894217867201        4.85348025105773     
   12.2180084000000        83.5573051004491        7.47460263686588     
   12.2316142000000        91.0010762428218        13.7810825279043     
   12.2452200000000        99.1682524846275        32.4476191548693     
   12.2588258000000        71.2642814469862        67.8228146508882     
   12.2724316000000        34.7621652516520        37.0773380482583     
   12.2860374000000        42.2043094392073        15.7132918678105     
   12.2996432000000        50.6106081095193        8.94226050043520     
   12.3132490000000        56.4968079343521        6.62323727413786     
   12.3268548000000        61.1752793896377        5.31660372419250     
   12.3404606000000        65.7899207361529        4.89352547568128     
   12.3540664000000        70.5247430165986        5.22904850017422     
   12.3676722000000        75.8809300776095        6.35869561892962     
   12.3812780000000        82.5899630559244        8.84214756529452     
   12.3948838000000        91.8361652205604        14.4668707989097     
   12.4084896000000        104.474355862501        29.7264441862112     
   12.4220954000000        102.355030497282        72.6973937720846     
   12.4357012000000        40.8603351312683        84.5265926534728     
   12.4493070000000        19.3266081622416        41.9882311615297     
   12.4629128000000        31.6987972031259        20.0010072081082     
   12.4765186000000        44.0058893464825        13.7480184616889     
   12.4901244000000        54.5463669213518        14.9606108305831     
   12.5037302000000        60.5229533681344        27.2584453208516     
   12.5173360000000        39.2477827635204        34.3670285701424     
   12.5309418000000        35.6592140830291        15.5207706638070     
   12.5445476000000        42.4609484272041        8.14042351463846     
   12.5581534000000        47.9748607859196        5.57616805151596     
   12.5717592000000        52.2519012057343        4.38310364438691     
   12.5853650000000        56.0575118773708        3.81828161908786     
   12.5989708000000        59.5593482829808        3.70135867645467     
   12.6125766000000        62.8872137640460        3.80396569492104     
   12.6261824000000        66.4260213853647        3.97853970695910     
   12.6397882000000        70.4601036668380        4.49414728341349     
   12.6533940000000        75.1909753370194        5.49565971338275     
   12.6669998000000        81.0973379546966        7.32107339662942     
   12.6806056000000        89.0110072940872        10.9023111070929     
   12.6942114000000        100.230196881148        19.1193133674836     
   12.7078172000000        113.068064473119        42.3246251219699     
   12.7214230000000        88.3305424533507        83.3654180058784     
   12.7350288000000        62.9132977902766        72.6250180345401     
   12.7486346000000        33.0392123400335        84.3062320425123     
   12.7622404000000        12.3326072042777        43.7024875769097     
   12.7758462000000        26.6540724993768        22.8359109200469     
   12.7894520000000        41.1608607508600        19.2274420442334     
   12.8030578000000        49.8549429539051        29.5943462650587     
   12.8166636000000        30.5904684515178        35.9481557797720     
   12.8302694000000        28.3215747051653        16.7866876275318     
   12.8438752000000        36.2388208576709        9.25922416009129     
   12.8574810000000        42.8535731108718        6.74900724338188     
   12.8710868000000        48.1894355540399        5.99673589412710     
   12.8846926000000        53.2632420533336        5.97192747471510     
   12.8982984000000        58.9013406547577        7.37525754573061     
   12.9119042000000        65.4445480532490        11.9597870005819     
   12.9255100000000        69.2076808813408        26.4982566029043     
   12.9391158000000        45.0022896178672        36.0675854984815     
   12.9527216000000        38.7621816760358        16.2380046439774     
   12.9663274000000        45.2360257878589        8.21603372579526     
   12.9799332000000        50.7808716652752        5.49227921649464     
   12.9935390000000        55.2950761044544        4.43657107704484     
   13.0071448000000        59.3255268309982        4.08285625095180     
   13.0207506000000        63.2335412861218        4.16973212673002     
   13.0343564000000        67.2240406466327        4.57450511995445     
   13.0479622000000        71.7851252388827        5.31473039352999     
   13.0615680000000        77.3362069007117        6.79360076269805     
   13.0751738000000        84.5755699986799        9.84015284746147     
   13.0887796000000        94.5511896222433        17.0424860306482     
   13.1023854000000        105.195134579497        37.9372677129599     
   13.1159912000000        76.9675012630787        73.1498056619007     
   13.1295970000000        49.9737822407873        43.2290520384548     
   13.1432028000000        65.4097318474867        31.2707035651911     
   13.1568086000000        79.7610183956416        44.0465308466220     
   13.1704144000000        58.5923336516604        76.7236475202764     
   13.1840202000000        27.1462798397326        46.5183866246079     
   13.1976260000000        40.2101191307924        27.6007130902729     
   13.2112318000000        56.0622788636924        26.8821422658891     
   13.2248376000000        67.7697439767830        47.7973294388225     
   13.2384434000000        28.3519968756957        69.9825242860697     
   13.2520492000000        12.7987772684119        32.4026296613642     
   13.2656550000000        24.9919646607033        16.3462364872003     
   13.2792608000000        35.8130346056478        11.6745437722054     
   13.2928666000000        45.2719749679385        11.9147042808781     
   13.3064724000000        53.8466872013612        19.1031847576642     
   13.3200782000000        45.7637994770606        36.6608207166160     
   13.3336840000000        27.7694691397124        22.8496416692334     
   13.3472898000000        33.0035397633751        10.7042518103185     
   13.3608956000000        39.2957462423285        6.72636860619130     
   13.3745014000000        43.8540269123488        5.60871384755100     
   13.3881072000000        47.1515265421938        4.67132513479672     
   13.4017130000000        50.2716785147633        4.22664619825853     
   13.4153188000000        53.2489192222563        3.61605923346705     
   13.4289246000000        56.5099002555365        3.41016232108001     
   13.4425304000000        59.8545288250401        3.54008991229207     
   13.4561362000000        63.4589668796454        3.96169447151459     
   13.4697420000000        67.5966627374018        4.80130455009784     
   13.4833478000000        72.6815268608918        6.43124207510174     
   13.4969536000000        79.4113868798793        9.85439977010349     
   13.5105594000000        88.4989669271579        18.4006273555559     
   13.5241652000000        94.9755153887419        43.0568724906637     
   13.5377710000000        52.9347858922071        68.1738695483868     
   13.5513768000000        34.4580632387783        31.8948498778397     
   13.5649826000000        45.8130040649393        16.5955399807178     
   13.5785884000000        56.9599670831518        13.1008819380473     
   13.5921942000000        68.1391416098402        15.7224080049060     
   13.6058000000000        79.9258065184890        29.0951156626789     
