       216
  0.0000000000000000D+00  0.0000000000000000D+00  0.0000000000000000D+00
  0.0000000000000000D+00  0.0000000000000000D+00  0.1004869295143477D+00
  0.0000000000000000D+00  0.0000000000000000D+00  0.2009738590286953D+00
  0.0000000000000000D+00  0.0000000000000000D+00  0.3014607885430430D+00
  0.0000000000000000D+00  0.0000000000000000D+00  0.4019477180573907D+00
  0.0000000000000000D+00  0.0000000000000000D+00  0.5024346475717383D+00
  0.0000000000000000D+00  0.1924500905708616D+00 -0.3349563930370549D-01
  0.0000000000000000D+00  0.1924500905708616D+00  0.6699129021064218D-01
  0.0000000000000000D+00  0.1924500905708616D+00  0.1674782197249898D+00
  0.0000000000000000D+00  0.1924500905708616D+00  0.2679651492393375D+00
  0.0000000000000000D+00  0.1924500905708616D+00  0.3684520787536852D+00
  0.0000000000000000D+00  0.1924500905708616D+00  0.4689390082680328D+00
  0.0000000000000000D+00  0.3849001811417233D+00 -0.6699127860741098D-01
  0.0000000000000000D+00  0.3849001811417233D+00  0.3349565090693668D-01
  0.0000000000000000D+00  0.3849001811417233D+00  0.1339825804212844D+00
  0.0000000000000000D+00  0.3849001811417233D+00  0.2344695099356320D+00
  0.0000000000000000D+00  0.3849001811417233D+00  0.3349564394499797D+00
  0.0000000000000000D+00  0.3849001811417233D+00  0.4354433689643273D+00
  0.0000000000000000D+00  0.5773502717125849D+00 -0.1004869179111165D+00
  0.0000000000000000D+00  0.5773502717125849D+00  0.1160323119531181D-07
  0.0000000000000000D+00  0.5773502717125849D+00  0.1004869411175789D+00
  0.0000000000000000D+00  0.5773502717125849D+00  0.2009738706319265D+00
  0.0000000000000000D+00  0.5773502717125849D+00  0.3014608001462742D+00
  0.0000000000000000D+00  0.5773502717125849D+00  0.4019477296606218D+00
  0.0000000000000000D+00  0.7698003622834465D+00 -0.1339825572148220D+00
  0.0000000000000000D+00  0.7698003622834465D+00 -0.3349562770047430D-01
  0.0000000000000000D+00  0.7698003622834465D+00  0.6699130181387336D-01
  0.0000000000000000D+00  0.7698003622834465D+00  0.1674782313282210D+00
  0.0000000000000000D+00  0.7698003622834465D+00  0.2679651608425687D+00
  0.0000000000000000D+00  0.7698003622834465D+00  0.3684520903569163D+00
  0.0000000000000000D+00  0.9622504528543081D+00 -0.1674781965185275D+00
  0.0000000000000000D+00  0.9622504528543081D+00 -0.6699126700417980D-01
  0.0000000000000000D+00  0.9622504528543081D+00  0.3349566251016786D-01
  0.0000000000000000D+00  0.9622504528543081D+00  0.1339825920245155D+00
  0.0000000000000000D+00  0.9622504528543081D+00  0.2344695215388632D+00
  0.0000000000000000D+00  0.9622504528543081D+00  0.3349564510532108D+00
  0.1666666666666667D+00 -0.9622504528543081D-01 -0.3349564510532110D-01
  0.1666666666666667D+00 -0.9622504528543081D-01  0.6699128440902657D-01
  0.1666666666666667D+00 -0.9622504528543081D-01  0.1674782139233742D+00
  0.1666666666666667D+00 -0.9622504528543081D-01  0.2679651434377219D+00
  0.1666666666666667D+00 -0.9622504528543081D-01  0.3684520729520696D+00
  0.1666666666666667D+00 -0.9622504528543081D-01  0.4689390024664172D+00
  0.1666666666666667D+00  0.9622504528543081D-01 -0.6699128440902659D-01
  0.1666666666666667D+00  0.9622504528543081D-01  0.3349564510532108D-01
  0.1666666666666667D+00  0.9622504528543081D-01  0.1339825746196687D+00
  0.1666666666666667D+00  0.9622504528543081D-01  0.2344695041340164D+00
  0.1666666666666667D+00  0.9622504528543081D-01  0.3349564336483641D+00
  0.1666666666666667D+00  0.9622504528543081D-01  0.4354433631627117D+00
  0.1666666666666667D+00  0.2886751358562925D+00 -0.1004869237127321D+00
  0.1666666666666667D+00  0.2886751358562925D+00  0.5801615590717013D-08
  0.1666666666666667D+00  0.2886751358562925D+00  0.1004869353159633D+00
  0.1666666666666667D+00  0.2886751358562925D+00  0.2009738648303109D+00
  0.1666666666666667D+00  0.2886751358562925D+00  0.3014607943446586D+00
  0.1666666666666667D+00  0.2886751358562925D+00  0.4019477238590062D+00
  0.1666666666666667D+00  0.4811252264271541D+00 -0.1339825630164376D+00
  0.1666666666666667D+00  0.4811252264271541D+00 -0.3349563350208991D-01
  0.1666666666666667D+00  0.4811252264271541D+00  0.6699129601225776D-01
  0.1666666666666667D+00  0.4811252264271541D+00  0.1674782255266054D+00
  0.1666666666666667D+00  0.4811252264271541D+00  0.2679651550409531D+00
  0.1666666666666667D+00  0.4811252264271541D+00  0.3684520845553007D+00
  0.1666666666666667D+00  0.6735753169980156D+00 -0.1674782023201431D+00
  0.1666666666666667D+00  0.6735753169980156D+00 -0.6699127280579541D-01
  0.1666666666666667D+00  0.6735753169980156D+00  0.3349565670855226D-01
  0.1666666666666667D+00  0.6735753169980156D+00  0.1339825862228999D+00
  0.1666666666666667D+00  0.6735753169980156D+00  0.2344695157372476D+00
  0.1666666666666667D+00  0.6735753169980156D+00  0.3349564452515952D+00
  0.1666666666666667D+00  0.8660254075688772D+00 -0.2009738416238486D+00
  0.1666666666666667D+00  0.8660254075688772D+00 -0.1004869121095009D+00
  0.1666666666666667D+00  0.8660254075688772D+00  0.1740484675827325D-07
  0.1666666666666667D+00  0.8660254075688772D+00  0.1004869469191944D+00
  0.1666666666666667D+00  0.8660254075688772D+00  0.2009738764335421D+00
  0.1666666666666667D+00  0.8660254075688772D+00  0.3014608059478897D+00
  0.3333333333333333D+00 -0.1924500905708616D+00 -0.6699129021064219D-01
  0.3333333333333333D+00 -0.1924500905708616D+00  0.3349563930370547D-01
  0.3333333333333333D+00 -0.1924500905708616D+00  0.1339825688180531D+00
  0.3333333333333333D+00 -0.1924500905708616D+00  0.2344694983324008D+00
  0.3333333333333333D+00 -0.1924500905708616D+00  0.3349564278467485D+00
  0.3333333333333333D+00 -0.1924500905708616D+00  0.4354433573610961D+00
  0.3333333333333333D+00  0.0000000000000000D+00 -0.1004869295143477D+00
  0.3333333333333333D+00  0.0000000000000000D+00 -0.1387778780781446D-16
  0.3333333333333333D+00  0.0000000000000000D+00  0.1004869295143477D+00
  0.3333333333333333D+00  0.0000000000000000D+00  0.2009738590286953D+00
  0.3333333333333333D+00  0.0000000000000000D+00  0.3014607885430430D+00
  0.3333333333333333D+00  0.0000000000000000D+00  0.4019477180573906D+00
  0.3333333333333333D+00  0.1924500905708616D+00 -0.1339825688180532D+00
  0.3333333333333333D+00  0.1924500905708616D+00 -0.3349563930370551D-01
  0.3333333333333333D+00  0.1924500905708616D+00  0.6699129021064215D-01
  0.3333333333333333D+00  0.1924500905708616D+00  0.1674782197249898D+00
  0.3333333333333333D+00  0.1924500905708616D+00  0.2679651492393375D+00
  0.3333333333333333D+00  0.1924500905708616D+00  0.3684520787536851D+00
  0.3333333333333333D+00  0.3849001811417233D+00 -0.1674782081217587D+00
  0.3333333333333333D+00  0.3849001811417233D+00 -0.6699127860741101D-01
  0.3333333333333333D+00  0.3849001811417233D+00  0.3349565090693665D-01
  0.3333333333333333D+00  0.3849001811417233D+00  0.1339825804212843D+00
  0.3333333333333333D+00  0.3849001811417233D+00  0.2344695099356320D+00
  0.3333333333333333D+00  0.3849001811417233D+00  0.3349564394499796D+00
  0.3333333333333333D+00  0.5773502717125849D+00 -0.2009738474254641D+00
  0.3333333333333333D+00  0.5773502717125849D+00 -0.1004869179111165D+00
  0.3333333333333333D+00  0.5773502717125849D+00  0.1160323118143403D-07
  0.3333333333333333D+00  0.5773502717125849D+00  0.1004869411175788D+00
  0.3333333333333333D+00  0.5773502717125849D+00  0.2009738706319265D+00
  0.3333333333333333D+00  0.5773502717125849D+00  0.3014608001462741D+00
  0.3333333333333333D+00  0.7698003622834465D+00 -0.2344694867291697D+00
  0.3333333333333333D+00  0.7698003622834465D+00 -0.1339825572148220D+00
  0.3333333333333333D+00  0.7698003622834465D+00 -0.3349562770047435D-01
  0.3333333333333333D+00  0.7698003622834465D+00  0.6699130181387331D-01
  0.3333333333333333D+00  0.7698003622834465D+00  0.1674782313282210D+00
  0.3333333333333333D+00  0.7698003622834465D+00  0.2679651608425686D+00
  0.5000000000000000D+00 -0.2886751358562925D+00 -0.1004869353159633D+00
  0.5000000000000000D+00 -0.2886751358562925D+00 -0.5801615618472589D-08
  0.5000000000000000D+00 -0.2886751358562925D+00  0.1004869237127320D+00
  0.5000000000000000D+00 -0.2886751358562925D+00  0.2009738532270797D+00
  0.5000000000000000D+00 -0.2886751358562925D+00  0.3014607827414274D+00
  0.5000000000000000D+00 -0.2886751358562925D+00  0.4019477122557750D+00
  0.5000000000000000D+00 -0.9622504528543083D-01 -0.1339825746196688D+00
  0.5000000000000000D+00 -0.9622504528543083D-01 -0.3349564510532112D-01
  0.5000000000000000D+00 -0.9622504528543083D-01  0.6699128440902655D-01
  0.5000000000000000D+00 -0.9622504528543083D-01  0.1674782139233742D+00
  0.5000000000000000D+00 -0.9622504528543083D-01  0.2679651434377219D+00
  0.5000000000000000D+00 -0.9622504528543083D-01  0.3684520729520695D+00
  0.5000000000000000D+00  0.9622504528543080D-01 -0.1674782139233743D+00
  0.5000000000000000D+00  0.9622504528543080D-01 -0.6699128440902659D-01
  0.5000000000000000D+00  0.9622504528543080D-01  0.3349564510532108D-01
  0.5000000000000000D+00  0.9622504528543080D-01  0.1339825746196687D+00
  0.5000000000000000D+00  0.9622504528543080D-01  0.2344695041340164D+00
  0.5000000000000000D+00  0.9622504528543080D-01  0.3349564336483640D+00
  0.5000000000000000D+00  0.2886751358562925D+00 -0.2009738532270798D+00
  0.5000000000000000D+00  0.2886751358562925D+00 -0.1004869237127321D+00
  0.5000000000000000D+00  0.2886751358562925D+00  0.5801615576839225D-08
  0.5000000000000000D+00  0.2886751358562925D+00  0.1004869353159632D+00
  0.5000000000000000D+00  0.2886751358562925D+00  0.2009738648303109D+00
  0.5000000000000000D+00  0.2886751358562925D+00  0.3014607943446586D+00
  0.5000000000000000D+00  0.4811252264271541D+00 -0.2344694925307853D+00
  0.5000000000000000D+00  0.4811252264271541D+00 -0.1339825630164376D+00
  0.5000000000000000D+00  0.4811252264271541D+00 -0.3349563350208992D-01
  0.5000000000000000D+00  0.4811252264271541D+00  0.6699129601225773D-01
  0.5000000000000000D+00  0.4811252264271541D+00  0.1674782255266054D+00
  0.5000000000000000D+00  0.4811252264271541D+00  0.2679651550409530D+00
  0.5000000000000000D+00  0.6735753169980156D+00 -0.2679651318344908D+00
  0.5000000000000000D+00  0.6735753169980156D+00 -0.1674782023201431D+00
  0.5000000000000000D+00  0.6735753169980156D+00 -0.6699127280579545D-01
  0.5000000000000000D+00  0.6735753169980156D+00  0.3349565670855220D-01
  0.5000000000000000D+00  0.6735753169980156D+00  0.1339825862228999D+00
  0.5000000000000000D+00  0.6735753169980156D+00  0.2344695157372475D+00
  0.6666666666666666D+00 -0.3849001811417233D+00 -0.1339825804212844D+00
  0.6666666666666666D+00 -0.3849001811417233D+00 -0.3349565090693672D-01
  0.6666666666666666D+00 -0.3849001811417233D+00  0.6699127860741094D-01
  0.6666666666666666D+00 -0.3849001811417233D+00  0.1674782081217586D+00
  0.6666666666666666D+00 -0.3849001811417233D+00  0.2679651376361063D+00
  0.6666666666666666D+00 -0.3849001811417233D+00  0.3684520671504539D+00
  0.6666666666666666D+00 -0.1924500905708616D+00 -0.1674782197249899D+00
  0.6666666666666666D+00 -0.1924500905708616D+00 -0.6699129021064222D-01
  0.6666666666666666D+00 -0.1924500905708616D+00  0.3349563930370544D-01
  0.6666666666666666D+00 -0.1924500905708616D+00  0.1339825688180531D+00
  0.6666666666666666D+00 -0.1924500905708616D+00  0.2344694983324008D+00
  0.6666666666666666D+00 -0.1924500905708616D+00  0.3349564278467484D+00
  0.6666666666666666D+00  0.0000000000000000D+00 -0.2009738590286954D+00
  0.6666666666666666D+00  0.0000000000000000D+00 -0.1004869295143477D+00
  0.6666666666666666D+00  0.0000000000000000D+00 -0.2775557561562891D-16
  0.6666666666666666D+00  0.0000000000000000D+00  0.1004869295143476D+00
  0.6666666666666666D+00  0.0000000000000000D+00  0.2009738590286953D+00
  0.6666666666666666D+00  0.0000000000000000D+00  0.3014607885430429D+00
  0.6666666666666666D+00  0.1924500905708617D+00 -0.2344694983324009D+00
  0.6666666666666666D+00  0.1924500905708617D+00 -0.1339825688180532D+00
  0.6666666666666666D+00  0.1924500905708617D+00 -0.3349563930370553D-01
  0.6666666666666666D+00  0.1924500905708617D+00  0.6699129021064212D-01
  0.6666666666666666D+00  0.1924500905708617D+00  0.1674782197249898D+00
  0.6666666666666666D+00  0.1924500905708617D+00  0.2679651492393375D+00
  0.6666666666666666D+00  0.3849001811417233D+00 -0.2679651376361064D+00
  0.6666666666666666D+00  0.3849001811417233D+00 -0.1674782081217587D+00
  0.6666666666666666D+00  0.3849001811417233D+00 -0.6699127860741103D-01
  0.6666666666666666D+00  0.3849001811417233D+00  0.3349565090693662D-01
  0.6666666666666666D+00  0.3849001811417233D+00  0.1339825804212843D+00
  0.6666666666666666D+00  0.3849001811417233D+00  0.2344695099356319D+00
  0.6666666666666666D+00  0.5773502717125849D+00 -0.3014607769398119D+00
  0.6666666666666666D+00  0.5773502717125849D+00 -0.2009738474254642D+00
  0.6666666666666666D+00  0.5773502717125849D+00 -0.1004869179111166D+00
  0.6666666666666666D+00  0.5773502717125849D+00  0.1160323109816730D-07
  0.6666666666666666D+00  0.5773502717125849D+00  0.1004869411175788D+00
  0.6666666666666666D+00  0.5773502717125849D+00  0.2009738706319264D+00
  0.8333333333333333D+00 -0.4811252264271541D+00 -0.1674782255266055D+00
  0.8333333333333333D+00 -0.4811252264271541D+00 -0.6699129601225783D-01
  0.8333333333333333D+00 -0.4811252264271541D+00  0.3349563350208984D-01
  0.8333333333333333D+00 -0.4811252264271541D+00  0.1339825630164375D+00
  0.8333333333333333D+00 -0.4811252264271541D+00  0.2344694925307852D+00
  0.8333333333333333D+00 -0.4811252264271541D+00  0.3349564220451328D+00
  0.8333333333333333D+00 -0.2886751358562925D+00 -0.2009738648303110D+00
  0.8333333333333333D+00 -0.2886751358562925D+00 -0.1004869353159633D+00
  0.8333333333333333D+00 -0.2886751358562925D+00 -0.5801615660105952D-08
  0.8333333333333333D+00 -0.2886751358562925D+00  0.1004869237127320D+00
  0.8333333333333333D+00 -0.2886751358562925D+00  0.2009738532270797D+00
  0.8333333333333333D+00 -0.2886751358562925D+00  0.3014607827414273D+00
  0.8333333333333333D+00 -0.9622504528543080D-01 -0.2344695041340165D+00
  0.8333333333333333D+00 -0.9622504528543080D-01 -0.1339825746196688D+00
  0.8333333333333333D+00 -0.9622504528543080D-01 -0.3349564510532113D-01
  0.8333333333333333D+00 -0.9622504528543080D-01  0.6699128440902652D-01
  0.8333333333333333D+00 -0.9622504528543080D-01  0.1674782139233742D+00
  0.8333333333333333D+00 -0.9622504528543080D-01  0.2679651434377218D+00
  0.8333333333333333D+00  0.9622504528543085D-01 -0.2679651434377219D+00
  0.8333333333333333D+00  0.9622504528543085D-01 -0.1674782139233743D+00
  0.8333333333333333D+00  0.9622504528543085D-01 -0.6699128440902660D-01
  0.8333333333333333D+00  0.9622504528543085D-01  0.3349564510532105D-01
  0.8333333333333333D+00  0.9622504528543085D-01  0.1339825746196687D+00
  0.8333333333333333D+00  0.9622504528543085D-01  0.2344695041340163D+00
  0.8333333333333333D+00  0.2886751358562925D+00 -0.3014607827414275D+00
  0.8333333333333333D+00  0.2886751358562925D+00 -0.2009738532270798D+00
  0.8333333333333333D+00  0.2886751358562925D+00 -0.1004869237127321D+00
  0.8333333333333333D+00  0.2886751358562925D+00  0.5801615521328074D-08
  0.8333333333333333D+00  0.2886751358562925D+00  0.1004869353159632D+00
  0.8333333333333333D+00  0.2886751358562925D+00  0.2009738648303108D+00
  0.8333333333333333D+00  0.4811252264271541D+00 -0.3349564220451330D+00
  0.8333333333333333D+00  0.4811252264271541D+00 -0.2344694925307853D+00
  0.8333333333333333D+00  0.4811252264271541D+00 -0.1339825630164377D+00
  0.8333333333333333D+00  0.4811252264271541D+00 -0.3349563350209001D-01
  0.8333333333333333D+00  0.4811252264271541D+00  0.6699129601225767D-01
  0.8333333333333333D+00  0.4811252264271541D+00  0.1674782255266053D+00
