% rows 2846 cols 3
-20.84744     0.0000     0.0000
-20.83203     0.0000     0.0000
-20.81661     0.0000     0.0000
-20.80120     0.0000     0.0000
-20.78579     0.0000     0.0000
-20.77037     0.0000     0.0000
-20.75496     0.0000     0.0000
-20.73955     0.0000     0.0000
-20.72413     0.0000     0.0000
-20.70872     0.0000     0.0000
-20.69331     0.0000     0.0000
-20.67789     0.0000     0.0000
-20.66248     0.0000     0.0000
-20.64707     0.0000     0.0000
-20.63165     0.0000     0.0000
-20.61624     0.0000     0.0000
-20.60083     0.0000     0.0000
-20.58541     0.0000     0.0000
-20.57000     0.0000     0.0000
-20.55459     0.0000     0.0000
-20.53917     0.0000     0.0000
-20.52376     0.0000     0.0000
-20.50835     0.0000     0.0000
-20.49293     0.0000     0.0000
-20.47752     0.0000     0.0000
-20.46211     0.0000     0.0000
-20.44669     0.0000     0.0000
-20.43128     0.0000     0.0000
-20.41587     0.0000     0.0000
-20.40045     0.0000     0.0000
-20.38504     0.0000     0.0000
-20.36963     0.0000     0.0000
-20.35421     0.0000     0.0000
-20.33880     0.0000     0.0000
-20.32339     0.0000     0.0000
-20.30797     0.0000     0.0000
-20.29256     0.0000     0.0000
-20.27715     0.0000     0.0000
-20.26173     0.0000     0.0000
-20.24632     0.0000     0.0000
-20.23091     0.0000     0.0000
-20.21549     0.0000     0.0000
-20.20008     0.0000     0.0000
-20.18467     0.0000     0.0000
-20.16925     0.0000     0.0000
-20.15384     0.0000     0.0000
-20.13843     0.0000     0.0000
-20.12301     0.0000     0.0000
-20.10760     0.0000     0.0000
-20.09219     0.0000     0.0000
-20.07677     0.0000     0.0000
-20.06136     0.0000     0.0000
-20.04595     0.0000     0.0000
-20.03053     0.0000     0.0000
-20.01512     0.0000     0.0000
-19.99971     0.0000     0.0000
-19.98429     0.0000     0.0000
-19.96888     0.0000     0.0000
-19.95347     0.0000     0.0000
-19.93805     0.0000     0.0000
-19.92264     0.0000     0.0000
-19.90723     0.0000     0.0000
-19.89181     0.0000     0.0000
-19.87640     0.0000     0.0000
-19.86099     0.0000     0.0000
-19.84557     0.0000     0.0000
-19.83016     0.0000     0.0000
-19.81475     0.0000     0.0000
-19.79933     0.0000     0.0000
-19.78392     0.0000     0.0000
-19.76851     0.0000     0.0000
-19.75309     0.0000     0.0000
-19.73768     0.0000     0.0000
-19.72227     0.0000     0.0000
-19.70685     0.0000     0.0000
-19.69144     0.0000     0.0000
-19.67603     0.0000     0.0000
-19.66061     0.0000     0.0000
-19.64520     0.0000     0.0000
-19.62979     0.0000     0.0000
-19.61437     0.0000     0.0000
-19.59896     0.0000     0.0000
-19.58355     0.0000     0.0000
-19.56813     0.0000     0.0000
-19.55272     0.0000     0.0000
-19.53731     0.0000     0.0000
-19.52189     0.0000     0.0000
-19.50648     0.0000     0.0000
-19.49107     0.0000     0.0000
-19.47565     0.0000     0.0000
-19.46024     0.0000     0.0000
-19.44483     0.0000     0.0000
-19.42941     0.0000     0.0000
-19.41400     0.0000     0.0000
-19.39859     0.0000     0.0000
-19.38317     0.0000     0.0000
-19.36776     0.0000     0.0000
-19.35235     0.0000     0.0000
-19.33693     0.0000     0.0000
-19.32152     0.0000     0.0000
-19.30611     0.0000     0.0000
-19.29069     0.0000     0.0000
-19.27528     0.0000     0.0000
-19.25987     0.0000     0.0000
-19.24445     0.0000     0.0000
-19.22904     0.0000     0.0000
-19.21363     0.0000     0.0000
-19.19821     0.0000     0.0000
-19.18280     0.0000     0.0000
-19.16739     0.0000     0.0000
-19.15197     0.0000     0.0000
-19.13656     0.0000     0.0000
-19.12115     0.0000     0.0000
-19.10573     0.0000     0.0000
-19.09032     0.0000     0.0000
-19.07491     0.0000     0.0000
-19.05949     0.0000     0.0000
-19.04408     0.0000     0.0000
-19.02867     0.0000     0.0000
-19.01325     0.0000     0.0000
-18.99784     0.0000     0.0000
-18.98243     0.0000     0.0000
-18.96701     0.0000     0.0000
-18.95160     0.0000     0.0000
-18.93619     0.0000     0.0000
-18.92077     0.0000     0.0000
-18.90536     0.0000     0.0000
-18.88995     0.0000     0.0000
-18.87453     0.0000     0.0000
-18.85912     0.0000     0.0000
-18.84371     0.0000     0.0000
-18.82829     0.0000     0.0000
-18.81288     0.0000     0.0000
-18.79747     0.0000     0.0000
-18.78205     0.0000     0.0000
-18.76664     0.0000     0.0000
-18.75123     0.0000     0.0000
-18.73581     0.0000     0.0000
-18.72040     0.0000     0.0000
-18.70499     0.0000     0.0000
-18.68957     0.0000     0.0000
-18.67416     0.0000     0.0000
-18.65875     0.0000     0.0000
-18.64333     0.0000     0.0000
-18.62792     0.0000     0.0000
-18.61251     0.0000     0.0000
-18.59709     0.0000     0.0000
-18.58168     0.0000     0.0000
-18.56627     0.0000     0.0000
-18.55085     0.0000     0.0000
-18.53544     0.0000     0.0000
-18.52003     0.0000     0.0000
-18.50461     0.0000     0.0000
-18.48920     0.0000     0.0000
-18.47379     0.0000     0.0000
-18.45837     0.0000     0.0000
-18.44296     0.0000     0.0000
-18.42755     0.0000     0.0000
-18.41213     0.0000     0.0000
-18.39672     0.0000     0.0000
-18.38131     0.0000     0.0000
-18.36589     0.0000     0.0000
-18.35048     0.0000     0.0000
-18.33507     0.0000     0.0000
-18.31965     0.0000     0.0000
-18.30424     0.0000     0.0000
-18.28883     0.0000     0.0000
-18.27341     0.0000     0.0000
-18.25800     0.0000     0.0000
-18.24259     0.0000     0.0000
-18.22717     0.0000     0.0000
-18.21176     0.0000     0.0000
-18.19635     0.0000     0.0000
-18.18093     0.0000     0.0000
-18.16552     0.0000     0.0000
-18.15011     0.0000     0.0000
-18.13469     0.0000     0.0000
-18.11928     0.0000     0.0000
-18.10387     0.0000     0.0000
-18.08845     0.0000     0.0000
-18.07304     0.0000     0.0000
-18.05763     0.0000     0.0000
-18.04221     0.0000     0.0000
-18.02680     0.0000     0.0000
-18.01139     0.0000     0.0000
-17.99597     0.0000     0.0000
-17.98056     0.0000     0.0000
-17.96515     0.0000     0.0000
-17.94973     0.0000     0.0000
-17.93432     0.0000     0.0000
-17.91891     0.0000     0.0000
-17.90349     0.0000     0.0000
-17.88808     0.0000     0.0000
-17.87267     0.0000     0.0000
-17.85725     0.0000     0.0000
-17.84184     0.0000     0.0000
-17.82643     0.0000     0.0000
-17.81101     0.0000     0.0000
-17.79560     0.0000     0.0000
-17.78019     0.0000     0.0000
-17.76477     0.0000     0.0000
-17.74936     0.0000     0.0000
-17.73395     0.0000     0.0000
-17.71853     0.0000     0.0000
-17.70312     0.0023     0.0000
-17.68771     0.0301     0.0002
-17.67229     0.1154     0.0009
-17.65688     0.2694     0.0020
-17.64147     0.4922     0.0037
-17.62605     0.7838     0.0059
-17.61064     1.0693     0.0081
-17.59523     1.1761     0.0091
-17.57981     1.1912     0.0094
-17.56440     1.2780     0.0102
-17.54899     1.3934     0.0113
-17.53357     1.5145     0.0124
-17.51816     1.6408     0.0135
-17.50275     1.7723     0.0147
-17.48733     1.9089     0.0159
-17.47192     2.0508     0.0172
-17.45651     2.1993     0.0186
-17.44109     2.3566     0.0201
-17.42568     2.5240     0.0218
-17.41027     2.7016     0.0236
-17.39485     2.9271     0.0260
-17.37944     3.3376     0.0302
-17.36403     3.8514     0.0352
-17.34861     4.2599     0.0391
-17.33320     4.5359     0.0419
-17.31779     4.6793     0.0434
-17.30237     4.6901     0.0437
-17.28696     4.5683     0.0427
-17.27155     4.3193     0.0406
-17.25613     4.1596     0.0393
-17.24072     4.2063     0.0401
-17.22531     4.2796     0.0411
-17.20989     4.2648     0.0412
-17.19448     4.1233     0.0400
-17.17907     4.7632     0.0464
-17.16365     4.7892     0.0468
-17.14824     3.6758     0.0359
-17.13283     2.9102     0.0285
-17.11741     2.1920     0.0215
-17.10200     1.5211     0.0149
-17.08659     0.8976     0.0088
-17.07117     0.3440     0.0034
-17.05576     0.0452     0.0004
-17.04035     0.0000     0.0000
-17.02493     0.0000     0.0000
-17.00952     0.0000     0.0000
-16.99411     0.0000     0.0000
-16.97869     0.0000     0.0000
-16.96328     0.0073     0.0001
-16.94787     0.2191     0.0021
-16.93245     0.7535     0.0071
-16.91704     1.4623     0.0136
-16.90163     2.2696     0.0210
-16.88621     3.1756     0.0292
-16.87080     4.1800     0.0382
-16.85539     5.2831     0.0481
-16.83997     6.4758     0.0583
-16.82456     6.7027     0.0591
-16.80915     5.7772     0.0496
-16.79373     5.6366     0.0469
-16.77832     6.1814     0.0503
-16.76291     6.1877     0.0500
-16.74749     5.6026     0.0453
-16.73208     4.7758     0.0389
-16.71667     4.1735     0.0341
-16.70125     3.7620     0.0306
-16.68584     3.3973     0.0275
-16.67043     3.0785     0.0248
-16.65501     2.7944     0.0223
-16.63960     2.5400     0.0201
-16.62419     2.3218     0.0182
-16.60877     2.1418     0.0167
-16.59336     2.0002     0.0155
-16.57795     1.8908     0.0146
-16.56253     1.7974     0.0138
-16.54712     1.7085     0.0131
-16.53171     1.6230     0.0124
-16.51629     1.5409     0.0117
-16.50088     1.4623     0.0110
-16.48547     1.3871     0.0104
-16.47005     1.3153     0.0097
-16.45464     1.3032     0.0094
-16.43923     1.2793     0.0089
-16.42381     1.0361     0.0070
-16.40840     9.0189     0.0303
-16.39299    15.7980     0.0516
-16.37757    13.4199     0.0452
-16.36216    11.4920     0.0389
-16.34675     9.8339     0.0333
-16.33133     9.5790     0.0323
-16.31592    11.5263     0.0386
-16.30051    14.8699     0.0498
-16.28509    19.4105     0.0652
-16.26968    19.9390     0.0667
-16.25427    16.9239     0.0559
-16.23885    15.1479     0.0496
-16.22344    15.4437     0.0495
-16.20803    18.0154     0.0553
-16.19261    19.9915     0.0573
-16.17720    30.0165     0.0836
-16.16179    33.1389     0.0946
-16.14637    24.7642     0.0711
-16.13096    21.4534     0.0592
-16.11555    20.0789     0.0536
-16.10013    26.2203     0.0693
-16.08472    44.2674     0.1214
-16.06931    34.8941     0.0983
-16.05389    21.1081     0.0598
-16.03848    41.2566     0.1159
-16.02307    50.2941     0.1421
-16.00765    52.1125     0.1460
-15.99224    40.4397     0.1119
-15.97683    13.5995     0.0374
-15.96141     2.0141     0.0056
-15.94600     0.0000     0.0000
-15.93059     0.0000     0.0000
-15.91517     0.0000     0.0000
-15.89976     0.0000     0.0000
-15.88435     0.0000     0.0000
-15.86893     0.0000     0.0000
-15.85352     0.0000     0.0000
-15.83811     0.0000     0.0000
-15.82269     0.0000     0.0000
-15.80728     0.0000     0.0000
-15.79187     0.0000     0.0000
-15.77645     0.0000     0.0000
-15.76104     0.0000     0.0000
-15.74563     0.0000     0.0000
-15.73021     0.0000     0.0000
-15.71480     0.0000     0.0000
-15.69939     0.0000     0.0000
-15.68397     0.0000     0.0000
-15.66856     0.0000     0.0000
-15.65315     0.0000     0.0000
-15.63773     0.0000     0.0000
-15.62232     0.0000     0.0000
-15.60691     0.0000     0.0000
-15.59149     0.0000     0.0000
-15.57608     0.0000     0.0000
-15.56067     0.0000     0.0000
-15.54525     0.0000     0.0000
-15.52984     0.0000     0.0000
-15.51443     0.0000     0.0000
-15.49901     0.0000     0.0000
-15.48360     0.0000     0.0000
-15.46819     0.0000     0.0000
-15.45277     0.0000     0.0000
-15.43736     0.0000     0.0000
-15.42195     0.0000     0.0000
-15.40653     0.0000     0.0000
-15.39112     0.0000     0.0000
-15.37571     0.0000     0.0000
-15.36029     0.0000     0.0000
-15.34488     0.0000     0.0000
-15.32947     0.0000     0.0000
-15.31405     0.0000     0.0000
-15.29864     0.0000     0.0000
-15.28323     0.0000     0.0000
-15.26781     0.0000     0.0000
-15.25240     0.0000     0.0000
-15.23699     0.0000     0.0000
-15.22157     0.0000     0.0000
-15.20616     0.0000     0.0000
-15.19075     0.0000     0.0000
-15.17533     0.0000     0.0000
-15.15992     0.0000     0.0000
-15.14451     0.0000     0.0000
-15.12909     0.0000     0.0000
-15.11368     0.0000     0.0000
-15.09827     0.0000     0.0000
-15.08285     0.0000     0.0000
-15.06744     0.0000     0.0000
-15.05203     0.0000     0.0000
-15.03661     0.0000     0.0000
-15.02120     0.0000     0.0000
-15.00579     0.0000     0.0000
-14.99037     0.0000     0.0000
-14.97496     0.0000     0.0000
-14.95955     0.0000     0.0000
-14.94413     0.0000     0.0000
-14.92872     0.0000     0.0000
-14.91331     0.0000     0.0000
-14.89789     0.0000     0.0000
-14.88248     0.0000     0.0000
-14.86707     0.0000     0.0000
-14.85165     0.0000     0.0000
-14.83624     0.0000     0.0000
-14.82083     0.0000     0.0000
-14.80541     0.0000     0.0000
-14.79000     0.0000     0.0000
-14.77459     0.0000     0.0000
-14.75917     0.0000     0.0000
-14.74376     0.0000     0.0000
-14.72835     0.0000     0.0000
-14.71293     0.0000     0.0000
-14.69752     0.0000     0.0000
-14.68211     0.0000     0.0000
-14.66669     0.0000     0.0000
-14.65128     0.0000     0.0000
-14.63587     0.0000     0.0000
-14.62045     0.0000     0.0000
-14.60504     0.0000     0.0000
-14.58963     0.0000     0.0000
-14.57421     0.0000     0.0000
-14.55880     0.0000     0.0000
-14.54339     0.0000     0.0000
-14.52797     0.0000     0.0000
-14.51256     0.0000     0.0000
-14.49715     0.0000     0.0000
-14.48173     0.0000     0.0000
-14.46632     0.0000     0.0000
-14.45091     0.0000     0.0000
-14.43549     0.0000     0.0000
-14.42008     0.0000     0.0000
-14.40467     0.0000     0.0000
-14.38925     0.0000     0.0000
-14.37384     0.0000     0.0000
-14.35843     0.0000     0.0000
-14.34301     0.0000     0.0000
-14.32760     0.0000     0.0000
-14.31219     0.0000     0.0000
-14.29677     0.0000     0.0000
-14.28136     0.0000     0.0000
-14.26595     0.0000     0.0000
-14.25053     0.0000     0.0000
-14.23512     0.0000     0.0000
-14.21971     0.0000     0.0000
-14.20429     0.0000     0.0000
-14.18888     0.0000     0.0000
-14.17347     0.0000     0.0000
-14.15805     0.0000     0.0000
-14.14264     0.0000     0.0000
-14.12723     0.0000     0.0000
-14.11181     0.0000     0.0000
-14.09640     0.0000     0.0000
-14.08099     0.0000     0.0000
-14.06557     0.0000     0.0000
-14.05016     0.0000     0.0000
-14.03475     0.0000     0.0000
-14.01933     0.0000     0.0000
-14.00392     0.0000     0.0000
-13.98851     0.0000     0.0000
-13.97309     0.0000     0.0000
-13.95768     0.0000     0.0000
-13.94227     0.0000     0.0000
-13.92685     0.0000     0.0000
-13.91144     0.0000     0.0000
-13.89603     0.0000     0.0000
-13.88061     0.0000     0.0000
-13.86520     0.0000     0.0000
-13.84979     0.0000     0.0000
-13.83437     0.0000     0.0000
-13.81896     0.0000     0.0000
-13.80355     0.0000     0.0000
-13.78813     0.0000     0.0000
-13.77272     0.0000     0.0000
-13.75731     0.0000     0.0000
-13.74189     0.0000     0.0000
-13.72648     0.0000     0.0000
-13.71107     0.0000     0.0000
-13.69565     0.0000     0.0000
-13.68024     0.0000     0.0000
-13.66483     0.0000     0.0000
-13.64941     0.0000     0.0000
-13.63400     0.0000     0.0000
-13.61859     0.0000     0.0000
-13.60317     0.0000     0.0000
-13.58776     0.0000     0.0000
-13.57235     0.0000     0.0000
-13.55693     0.0000     0.0000
-13.54152     0.0000     0.0000
-13.52611     0.0000     0.0000
-13.51069     0.0000     0.0000
-13.49528     0.0000     0.0000
-13.47987     0.0000     0.0000
-13.46445     0.0000     0.0000
-13.44904     0.0000     0.0000
-13.43363     0.0000     0.0000
-13.41821     0.0000     0.0000
-13.40280     0.0000     0.0000
-13.38739     0.0000     0.0000
-13.37197     0.0000     0.0000
-13.35656     0.0000     0.0000
-13.34115     0.0000     0.0000
-13.32573     0.0000     0.0000
-13.31032     0.0000     0.0000
-13.29491     0.0000     0.0000
-13.27949     0.0000     0.0000
-13.26408     0.0000     0.0000
-13.24867     0.0000     0.0000
-13.23325     0.0000     0.0000
-13.21784     0.0000     0.0000
-13.20243     0.0000     0.0000
-13.18701     0.0000     0.0000
-13.17160     0.0000     0.0000
-13.15619     0.0000     0.0000
-13.14077     0.0000     0.0000
-13.12536     0.0000     0.0000
-13.10995     0.0000     0.0000
-13.09453     0.0000     0.0000
-13.07912     0.0000     0.0000
-13.06371     0.0000     0.0000
-13.04829     0.0000     0.0000
-13.03288     0.0000     0.0000
-13.01747     0.0000     0.0000
-13.00205     0.0000     0.0000
-12.98664     0.0000     0.0000
-12.97123     0.0000     0.0000
-12.95581     0.0000     0.0000
-12.94040     0.0000     0.0000
-12.92499     0.0000     0.0000
-12.90957     0.0000     0.0000
-12.89416     0.0000     0.0000
-12.87875     0.0000     0.0000
-12.86333     0.0000     0.0000
-12.84792     0.0000     0.0000
-12.83251     0.0000     0.0000
-12.81709     0.0000     0.0000
-12.80168     0.0000     0.0000
-12.78627     0.0000     0.0000
-12.77085     0.0000     0.0000
-12.75544     0.0000     0.0000
-12.74003     0.0000     0.0000
-12.72461     0.0000     0.0000
-12.70920     0.0000     0.0000
-12.69379     0.0000     0.0000
-12.67837     0.0000     0.0000
-12.66296     0.0000     0.0000
-12.64755     0.0000     0.0000
-12.63213     0.0000     0.0000
-12.61672     0.0000     0.0000
-12.60131     0.0000     0.0000
-12.58589     0.0000     0.0000
-12.57048     0.0000     0.0000
-12.55507     0.0000     0.0000
-12.53965     0.0000     0.0000
-12.52424     0.0000     0.0000
-12.50883     0.0000     0.0000
-12.49341     0.0000     0.0000
-12.47800     0.0000     0.0000
-12.46259     0.0000     0.0000
-12.44717     0.0000     0.0000
-12.43176     0.0000     0.0000
-12.41635     0.0000     0.0000
-12.40093     0.0000     0.0000
-12.38552     0.0000     0.0000
-12.37011     0.0000     0.0000
-12.35469     0.0000     0.0000
-12.33928     0.0000     0.0000
-12.32387     0.0000     0.0000
-12.30845     0.0000     0.0000
-12.29304     0.0000     0.0000
-12.27763     0.0000     0.0000
-12.26221     0.0000     0.0000
-12.24680     0.0000     0.0000
-12.23139     0.0000     0.0000
-12.21597     0.0000     0.0000
-12.20056     0.0000     0.0000
-12.18515     0.0000     0.0000
-12.16973     0.0000     0.0000
-12.15432     0.0000     0.0000
-12.13891     0.0000     0.0000
-12.12349     0.0000     0.0000
-12.10808     0.0000     0.0000
-12.09267     0.0000     0.0000
-12.07725     0.0000     0.0000
-12.06184     0.0000     0.0000
-12.04643     0.0000     0.0000
-12.03101     0.0000     0.0000
-12.01560     0.0000     0.0000
-12.00019     0.0000     0.0000
-11.98477     0.0000     0.0000
-11.96936     0.0000     0.0000
-11.95395     0.0000     0.0000
-11.93853     0.0000     0.0000
-11.92312     0.0000     0.0000
-11.90771     0.0000     0.0000
-11.89229     0.0000     0.0000
-11.87688     0.0000     0.0000
-11.86147     0.0000     0.0000
-11.84605     0.0000     0.0000
-11.83064     0.0000     0.0000
-11.81523     0.0000     0.0000
-11.79981     0.0000     0.0000
-11.78440     0.0000     0.0000
-11.76899     0.0000     0.0000
-11.75357     0.0000     0.0000
-11.73816     0.0000     0.0000
-11.72275     0.0000     0.0000
-11.70733     0.0000     0.0000
-11.69192     0.0000     0.0000
-11.67651     0.0000     0.0000
-11.66109     0.0000     0.0000
-11.64568     0.0000     0.0000
-11.63027     0.0000     0.0000
-11.61485     0.0000     0.0000
-11.59944     0.0000     0.0000
-11.58403     0.0000     0.0000
-11.56861     0.0000     0.0000
-11.55320     0.0000     0.0000
-11.53779     0.0000     0.0000
-11.52237     0.0000     0.0000
-11.50696     0.0000     0.0000
-11.49155     0.0000     0.0000
-11.47613     0.0000     0.0000
-11.46072     0.0000     0.0000
-11.44531     0.0000     0.0000
-11.42989     0.0000     0.0000
-11.41448     0.0000     0.0000
-11.39907     0.0000     0.0000
-11.38365     0.0000     0.0000
-11.36824     0.0000     0.0000
-11.35283     0.0000     0.0000
-11.33741     0.0000     0.0000
-11.32200     0.0000     0.0000
-11.30659     0.0000     0.0000
-11.29117     0.0000     0.0000
-11.27576     0.0000     0.0000
-11.26035     0.0000     0.0000
-11.24493     0.0000     0.0000
-11.22952     0.0000     0.0000
-11.21411     0.0000     0.0000
-11.19869     0.0000     0.0000
-11.18328     0.0000     0.0000
-11.16787     0.0000     0.0000
-11.15245     0.0000     0.0000
-11.13704     0.0000     0.0000
-11.12163     0.0000     0.0000
-11.10621     0.0000     0.0000
-11.09080     0.0000     0.0000
-11.07539     0.0000     0.0000
-11.05997     0.0000     0.0000
-11.04456     0.0000     0.0000
-11.02915     0.0000     0.0000
-11.01373     0.0000     0.0000
-10.99832     0.0000     0.0000
-10.98291     0.0000     0.0000
-10.96749     0.0000     0.0000
-10.95208     0.0000     0.0000
-10.93667     0.0000     0.0000
-10.92125     0.0000     0.0000
-10.90584     0.0000     0.0000
-10.89043     0.0000     0.0000
-10.87501     0.0000     0.0000
-10.85960     0.0000     0.0000
-10.84419     0.0000     0.0000
-10.82877     0.0000     0.0000
-10.81336     0.0000     0.0000
-10.79795     0.0000     0.0000
-10.78253     0.0000     0.0000
-10.76712     0.0000     0.0000
-10.75171     0.0000     0.0000
-10.73629     0.0000     0.0000
-10.72088     0.0000     0.0000
-10.70547     0.0000     0.0000
-10.69005     0.0000     0.0000
-10.67464     0.0000     0.0000
-10.65923     0.0000     0.0000
-10.64381     0.0000     0.0000
-10.62840     0.0000     0.0000
-10.61299     0.0000     0.0000
-10.59757     0.0000     0.0000
-10.58216     0.0000     0.0000
-10.56675     0.0000     0.0000
-10.55133     0.0000     0.0000
-10.53592     0.0000     0.0000
-10.52051     0.0000     0.0000
-10.50509     0.0000     0.0000
-10.48968     0.0000     0.0000
-10.47427     0.0000     0.0000
-10.45885     0.0000     0.0000
-10.44344     0.0000     0.0000
-10.42803     0.0000     0.0000
-10.41261     0.0000     0.0000
-10.39720     0.0000     0.0000
-10.38179     0.0000     0.0000
-10.36637     0.0000     0.0000
-10.35096     0.0000     0.0000
-10.33555     0.0000     0.0000
-10.32013     0.0000     0.0000
-10.30472     0.0000     0.0000
-10.28931     0.0000     0.0000
-10.27389     0.0000     0.0000
-10.25848     0.0000     0.0000
-10.24307     0.0000     0.0000
-10.22765     0.0000     0.0000
-10.21224     0.0000     0.0000
-10.19683     0.0000     0.0000
-10.18141     0.0000     0.0000
-10.16600     0.0000     0.0000
-10.15059     0.0000     0.0000
-10.13517     0.0000     0.0000
-10.11976     0.0000     0.0000
-10.10435     0.0000     0.0000
-10.08893     0.0000     0.0000
-10.07352     0.0000     0.0000
-10.05811     0.0000     0.0000
-10.04269     0.0000     0.0000
-10.02728     0.0000     0.0000
-10.01187     0.0000     0.0000
 -9.99645     0.0000     0.0000
 -9.98104     0.0000     0.0000
 -9.96563     0.0000     0.0000
 -9.95021     0.0000     0.0000
 -9.93480     0.0000     0.0000
 -9.91939     0.0000     0.0000
 -9.90397     0.0000     0.0000
 -9.88856     0.0000     0.0000
 -9.87315     0.0000     0.0000
 -9.85773     0.0000     0.0000
 -9.84232     0.0000     0.0000
 -9.82691     0.0000     0.0000
 -9.81149     0.0000     0.0000
 -9.79608     0.0000     0.0000
 -9.78067     0.0000     0.0000
 -9.76525     0.0000     0.0000
 -9.74984     0.0000     0.0000
 -9.73443     0.0000     0.0000
 -9.71901     0.0000     0.0000
 -9.70360     0.0000     0.0000
 -9.68819     0.0000     0.0000
 -9.67277     0.0000     0.0000
 -9.65736     0.0000     0.0000
 -9.64195     0.0000     0.0000
 -9.62653     0.0000     0.0000
 -9.61112     0.0000     0.0000
 -9.59571     0.0000     0.0000
 -9.58029     0.0000     0.0000
 -9.56488     0.0000     0.0000
 -9.54947     0.0000     0.0000
 -9.53405     0.0000     0.0000
 -9.51864     0.0000     0.0000
 -9.50323     0.0000     0.0000
 -9.48781     0.0000     0.0000
 -9.47240     0.0000     0.0000
 -9.45699     0.0000     0.0000
 -9.44157     0.0000     0.0000
 -9.42616     0.0000     0.0000
 -9.41075     0.0000     0.0000
 -9.39533     0.0000     0.0000
 -9.37992     0.0000     0.0000
 -9.36451     0.0000     0.0000
 -9.34909     0.0000     0.0000
 -9.33368     0.0000     0.0000
 -9.31827     0.0000     0.0000
 -9.30285     0.0000     0.0000
 -9.28744     0.0000     0.0000
 -9.27203     0.0000     0.0000
 -9.25661     0.0000     0.0000
 -9.24120     0.0000     0.0000
 -9.22579     0.0000     0.0000
 -9.21037     0.0000     0.0000
 -9.19496     0.0000     0.0000
 -9.17955     0.0000     0.0000
 -9.16413     0.0000     0.0000
 -9.14872     0.0000     0.0000
 -9.13331     0.0000     0.0000
 -9.11789     0.0000     0.0000
 -9.10248     0.0000     0.0000
 -9.08707     0.0000     0.0000
 -9.07165     0.0000     0.0000
 -9.05624     0.0000     0.0000
 -9.04083     0.0000     0.0000
 -9.02541     0.0000     0.0000
 -9.01000     0.0000     0.0000
 -8.99459     0.0000     0.0000
 -8.97917     0.0000     0.0000
 -8.96376     0.0000     0.0000
 -8.94835     0.0000     0.0000
 -8.93293     0.0000     0.0000
 -8.91752     0.0000     0.0000
 -8.90211     0.0000     0.0000
 -8.88669     0.0000     0.0000
 -8.87128     0.0000     0.0000
 -8.85587     0.0000     0.0000
 -8.84045     0.0000     0.0000
 -8.82504     0.0000     0.0000
 -8.80963     0.0000     0.0000
 -8.79421     0.0000     0.0000
 -8.77880     0.0000     0.0000
 -8.76339     0.0000     0.0000
 -8.74797     0.0000     0.0000
 -8.73256     0.0000     0.0000
 -8.71715     0.0000     0.0000
 -8.70173     0.0000     0.0000
 -8.68632     0.0000     0.0000
 -8.67091     0.0000     0.0000
 -8.65549     0.0000     0.0000
 -8.64008     0.0000     0.0000
 -8.62467     0.0000     0.0000
 -8.60925     0.0000     0.0000
 -8.59384     0.0000     0.0000
 -8.57843     0.0000     0.0000
 -8.56301     0.0000     0.0000
 -8.54760     0.0000     0.0000
 -8.53219     0.0000     0.0000
 -8.51677     0.0000     0.0000
 -8.50136     0.0000     0.0000
 -8.48595     0.0000     0.0000
 -8.47053     0.0000     0.0000
 -8.45512     0.0000     0.0000
 -8.43971     0.0000     0.0000
 -8.42429     0.0000     0.0000
 -8.40888     0.0000     0.0000
 -8.39347     0.0000     0.0000
 -8.37805     0.0000     0.0000
 -8.36264     0.0000     0.0000
 -8.34723     0.0000     0.0000
 -8.33181     0.0000     0.0000
 -8.31640     0.0000     0.0000
 -8.30099     0.0000     0.0000
 -8.28557     0.0000     0.0000
 -8.27016     0.0000     0.0000
 -8.25475     0.0000     0.0000
 -8.23933     0.0000     0.0000
 -8.22392     0.0000     0.0000
 -8.20851     0.0000     0.0000
 -8.19309     0.0000     0.0000
 -8.17768     0.0000     0.0000
 -8.16227     0.0000     0.0000
 -8.14685     0.0000     0.0000
 -8.13144     0.0000     0.0000
 -8.11603     0.0000     0.0000
 -8.10061     0.0000     0.0000
 -8.08520     0.0000     0.0000
 -8.06979     0.0000     0.0000
 -8.05437     0.0000     0.0000
 -8.03896     0.0000     0.0000
 -8.02355     0.0000     0.0000
 -8.00813     0.0000     0.0000
 -7.99272     0.0000     0.0000
 -7.97731     0.0000     0.0000
 -7.96189     0.0000     0.0000
 -7.94648     0.0000     0.0000
 -7.93107     0.0000     0.0000
 -7.91565     0.0000     0.0000
 -7.90024     0.0000     0.0000
 -7.88483     0.0000     0.0000
 -7.86941     0.0000     0.0000
 -7.85400     0.0000     0.0000
 -7.83859     0.0000     0.0000
 -7.82317     0.0000     0.0000
 -7.80776     0.0000     0.0000
 -7.79235     0.0000     0.0000
 -7.77693     0.0000     0.0000
 -7.76152     0.0000     0.0000
 -7.74611     0.0000     0.0000
 -7.73069     0.0000     0.0000
 -7.71528     0.0000     0.0000
 -7.69987     0.0000     0.0000
 -7.68445     0.0000     0.0000
 -7.66904     0.0000     0.0000
 -7.65363     0.0000     0.0000
 -7.63821     0.0000     0.0000
 -7.62280     0.0000     0.0000
 -7.60739     0.0000     0.0000
 -7.59197     0.0000     0.0000
 -7.57656     0.0000     0.0000
 -7.56115     0.0000     0.0000
 -7.54573     0.0000     0.0000
 -7.53032     0.0000     0.0000
 -7.51491     0.0000     0.0000
 -7.49949     0.0000     0.0000
 -7.48408     0.0000     0.0000
 -7.46867     0.0000     0.0000
 -7.45325     0.0000     0.0000
 -7.43784     0.0000     0.0000
 -7.42243     0.0000     0.0000
 -7.40701     0.0000     0.0000
 -7.39160     0.0000     0.0000
 -7.37619     0.0000     0.0000
 -7.36077     0.0000     0.0000
 -7.34536     0.0000     0.0000
 -7.32995     0.0000     0.0000
 -7.31453     0.0000     0.0000
 -7.29912     0.0000     0.0000
 -7.28371     0.0000     0.0000
 -7.26829     0.0000     0.0000
 -7.25288     0.0000     0.0000
 -7.23747     0.0000     0.0000
 -7.22205     0.0000     0.0000
 -7.20664     0.0000     0.0000
 -7.19123     0.0000     0.0000
 -7.17581     0.0000     0.0000
 -7.16040     0.0000     0.0000
 -7.14499     0.0000     0.0000
 -7.12957     0.0000     0.0000
 -7.11416     0.0000     0.0000
 -7.09875     0.0000     0.0000
 -7.08333     0.0000     0.0000
 -7.06792     0.0000     0.0000
 -7.05251     0.0000     0.0000
 -7.03709     0.0000     0.0000
 -7.02168     0.0000     0.0000
 -7.00627     0.0000     0.0000
 -6.99085     0.0000     0.0000
 -6.97544     0.0000     0.0000
 -6.96003     0.0000     0.0000
 -6.94461     0.0000     0.0000
 -6.92920     0.0000     0.0000
 -6.91379     0.0000     0.0000
 -6.89837     0.0000     0.0000
 -6.88296     0.0000     0.0000
 -6.86755     0.0000     0.0000
 -6.85213     0.0000     0.0000
 -6.83672     0.0000     0.0000
 -6.82131     0.0000     0.0000
 -6.80589     0.0000     0.0000
 -6.79048     0.0000     0.0000
 -6.77507     0.0000     0.0000
 -6.75965     0.0000     0.0000
 -6.74424     0.0000     0.0000
 -6.72883     0.0000     0.0000
 -6.71341     0.0000     0.0000
 -6.69800     0.0000     0.0000
 -6.68259     0.0000     0.0000
 -6.66717     0.0000     0.0000
 -6.65176     0.0000     0.0000
 -6.63635     0.0000     0.0000
 -6.62093     0.0000     0.0000
 -6.60552     0.0000     0.0000
 -6.59011     0.0000     0.0000
 -6.57469     0.0000     0.0000
 -6.55928     0.0000     0.0000
 -6.54387     0.0000     0.0000
 -6.52845     0.0000     0.0000
 -6.51304     0.0000     0.0000
 -6.49763     0.0000     0.0000
 -6.48221     0.0000     0.0000
 -6.46680     0.0000     0.0000
 -6.45139     0.0000     0.0000
 -6.43597     0.0000     0.0000
 -6.42056     0.0000     0.0000
 -6.40515     0.0000     0.0000
 -6.38973     0.0000     0.0000
 -6.37432     0.0000     0.0000
 -6.35891     0.0000     0.0000
 -6.34349     0.0000     0.0000
 -6.32808     0.0000     0.0000
 -6.31267     0.0000     0.0000
 -6.29725     0.0000     0.0000
 -6.28184     0.0000     0.0000
 -6.26643     0.0000     0.0000
 -6.25101     0.0000     0.0000
 -6.23560     0.0000     0.0000
 -6.22019     0.0000     0.0000
 -6.20477     0.0000     0.0000
 -6.18936     0.0000     0.0000
 -6.17395     0.0000     0.0000
 -6.15853     0.0000     0.0000
 -6.14312     0.0000     0.0000
 -6.12771     0.0000     0.0000
 -6.11229     0.0000     0.0000
 -6.09688     0.0000     0.0000
 -6.08147     0.0000     0.0000
 -6.06605     0.0000     0.0000
 -6.05064     0.0000     0.0000
 -6.03523     0.0000     0.0000
 -6.01981     0.0000     0.0000
 -6.00440     0.0000     0.0000
 -5.98899     0.0000     0.0000
 -5.97357     0.0000     0.0000
 -5.95816     0.0000     0.0000
 -5.94275     0.0000     0.0000
 -5.92733     0.0000     0.0000
 -5.91192     0.0000     0.0000
 -5.89651     0.0000     0.0000
 -5.88109     0.0000     0.0000
 -5.86568     0.0000     0.0000
 -5.85027     0.0000     0.0000
 -5.83485     0.0000     0.0000
 -5.81944     0.0000     0.0000
 -5.80403     0.0000     0.0000
 -5.78861     0.0000     0.0000
 -5.77320     0.0000     0.0000
 -5.75779     0.0000     0.0000
 -5.74237     0.0000     0.0000
 -5.72696     0.0000     0.0000
 -5.71155     0.0001     0.0001
 -5.69613     0.0031     0.0014
 -5.68072     0.0141     0.0066
 -5.66531     0.0359     0.0168
 -5.64989     0.0687     0.0322
 -5.63448     0.1124     0.0527
 -5.61907     0.1671     0.0783
 -5.60365     0.2327     0.1091
 -5.58824     0.3092     0.1450
 -5.57283     0.3967     0.1860
 -5.55741     0.4952     0.2321
 -5.54200     0.5810     0.2723
 -5.52659     0.6199     0.2906
 -5.51117     0.6345     0.2976
 -5.49576     0.6687     0.3151
 -5.48035     0.7408     0.3535
 -5.46493     0.8570     0.4168
 -5.44952     1.0142     0.5034
 -5.43411     1.2104     0.6125
 -5.41869     1.4458     0.7439
 -5.40328     1.7202     0.8978
 -5.38787     2.0283     1.0711
 -5.37245     2.2852     1.2155
 -5.35704     2.4528     1.3091
 -5.34163     2.5984     1.3897
 -5.32621     2.7476     1.4718
 -5.31080     2.9006     1.5555
 -5.29539     3.0589     1.6416
 -5.27997     3.2301     1.7348
 -5.26456     3.4238     1.8410
 -5.24915     3.6411     1.9608
 -5.23373     3.8649     2.0840
 -5.21832     4.0760     2.1998
 -5.20291     4.2851     2.3150
 -5.18749     4.5447     2.4547
 -5.17208     4.8657     2.6234
 -5.15667     5.1985     2.7981
 -5.14125     5.5095     2.9630
 -5.12584     5.7920     3.1160
 -5.11043     6.1165     3.3009
 -5.09501     6.5082     3.5330
 -5.07960     6.9042     3.7723
 -5.06419     7.2810     4.0041
 -5.04877     7.6191     4.2164
 -5.03336     7.8819     4.3866
 -5.01795     8.0511     4.5037
 -5.00253     8.1261     4.5673
 -4.98712     8.1498     4.5944
 -4.97171     8.1157     4.5741
 -4.95629     7.9837     4.4894
 -4.94088     7.8403     4.3993
 -4.92547     7.7724     4.3595
 -4.91005     7.7319     4.3392
 -4.89464     7.6735     4.3072
 -4.87923     7.5950     4.2625
 -4.86381     7.8959     4.3967
 -4.84840     8.0920     4.4782
 -4.83299     7.7474     4.2964
 -4.81757     7.3854     4.1055
 -4.80216     7.0579     3.9344
 -4.78675     7.4129     4.1836
 -4.77133     7.3433     4.1705
 -4.75592     6.5832     3.7288
 -4.74051     6.2393     3.5403
 -4.72509     5.9085     3.3587
 -4.70968     5.5800     3.1773
 -4.69427     5.2662     3.0031
 -4.67885     5.0126     2.8604
 -4.66344     4.8989     2.7874
 -4.64803     4.8988     2.7702
 -4.63261     4.9267     2.7673
 -4.61720     4.9706     2.7727
 -4.60179     5.1730     2.8620
 -4.58637     5.8730     3.2150
 -4.57096     6.6912     3.6299
 -4.55555     7.0806     3.8213
 -4.54013     7.1644     3.8552
 -4.52472     7.3351     3.9363
 -4.50931     7.1812     3.8586
 -4.49389     6.6321     3.5961
 -4.47848     7.4244     4.1265
 -4.46307     9.1757     5.2772
 -4.44765     9.4443     5.6097
 -4.43224     8.3491     5.1015
 -4.41683     7.7039     4.8202
 -4.40141     8.4088     5.3065
 -4.38600    10.2380     6.4052
 -4.37059    12.3123     7.6154
 -4.35517    13.8308     8.4813
 -4.33976    13.2352     8.0775
 -4.32435    11.3749     6.9671
 -4.30893    11.2717     6.9107
 -4.29352    12.3010     7.4824
 -4.27811    12.8715     7.7744
 -4.26269    13.5232     8.0927
 -4.24728    14.5577     8.6069
 -4.23187    15.2526     8.9214
 -4.21645    14.5992     8.5021
 -4.20104    13.2405     7.7267
 -4.18563    13.5769     7.8967
 -4.17021    14.6027     8.4185
 -4.15480    14.2748     8.1789
 -4.13939    13.5110     7.7353
 -4.12397    14.0888     8.0284
 -4.10856    11.3818     6.4312
 -4.09315     6.3567     3.5789
 -4.07773     4.2037     2.3832
 -4.06232     2.9120     1.6653
 -4.04691     1.8349     1.0581
 -4.03149     0.9145     0.5321
 -4.01608     0.2526     0.1481
 -4.00067     0.0058     0.0034
 -3.98525     1.1965     0.6213
 -3.96984     6.4921     3.3854
 -3.95443    13.2160     6.9376
 -3.93901    15.0769     7.9840
 -3.92360    12.0494     6.3536
 -3.90819    10.8316     5.4627
 -3.89277    18.4974     9.0069
 -3.87736    20.0488     9.6373
 -3.86195    13.5171     6.3383
 -3.84653    11.3878     5.2446
 -3.83112     9.9779     4.5561
 -3.81571     8.8275     3.9985
 -3.80029     8.0415     3.6118
 -3.78488     7.2613     3.2314
 -3.76947     6.4630     2.8456
 -3.75405     5.7017     2.4801
 -3.73864     4.9832     2.1261
 -3.72323     4.4396     1.8550
 -3.70781     4.1084     1.6998
 -3.69240     3.9756     1.6505
 -3.67699     4.3404     1.8577
 -3.66157     5.1183     2.2773
 -3.64616     6.0202     2.7596
 -3.63075     7.1890     3.3677
 -3.61533     6.7498     3.1798
 -3.59992     5.5571     2.6143
 -3.58451     5.2866     2.5090
 -3.56909     4.9299     2.3882
 -3.55368     4.8720     2.4264
 -3.53827     5.0216     2.5505
 -3.52285     4.9898     2.5639
 -3.50744     4.7796     2.4849
 -3.49203     4.7838     2.5103
 -3.47661     5.0896     2.6844
 -3.46120     5.4745     2.9001
 -3.44579     6.0796     3.2558
 -3.43037     5.7829     3.0853
 -3.41496     5.1203     2.6918
 -3.39955     5.1913     2.7304
 -3.38413     5.7056     3.0497
 -3.36872     7.0447     3.8742
 -3.35331     8.9389     5.0122
 -3.33789     9.6492     5.4135
 -3.32248     8.8812     4.9591
 -3.30707     8.4692     4.7320
 -3.29165     8.5003     4.7425
 -3.27624     8.4457     4.7024
 -3.26083     8.2551     4.5868
 -3.24541     7.9449     4.4038
 -3.23000     7.5830     4.1886
 -3.21459     7.3325     4.0380
 -3.19917     7.2686     3.9956
 -3.18376     7.2578     3.9833
 -3.16835     7.2223     3.9584
 -3.15293     7.1448     3.9117
 -3.13752     7.0251     3.8430
 -3.12211     6.8633     3.7524
 -3.10669     6.6594     3.6398
 -3.09128     6.4144     3.5060
 -3.07587     6.1405     3.3581
 -3.06045     5.8452     3.1995
 -3.04504     5.5221     3.0249
 -3.02963     5.1684     2.8324
 -3.01421     4.7848     2.6221
 -2.99880     4.4681     2.4446
 -2.98339     4.5509     2.4701
 -2.96797     4.9909     2.6785
 -2.95256     5.4693     2.9091
 -2.93715     5.9496     3.1439
 -2.92173     6.4282     3.3826
 -2.90632     7.1810     3.7696
 -2.89091     8.3989     4.4020
 -2.87549     9.7088     5.0831
 -2.86008    10.8014     5.6529
 -2.84467    11.6524     6.0992
 -2.82925    12.1322     6.3508
 -2.81384    13.3777     7.0353
 -2.79843    15.0645     7.9493
 -2.78301    12.7704     6.7308
 -2.76760     8.7848     4.6247
 -2.75219     6.8666     3.6038
 -2.73677     5.4035     2.8149
 -2.72136     4.1434     2.1371
 -2.70595     4.6789     2.6619
 -2.69053    12.2210     7.8351
 -2.67512    20.7771    13.3116
 -2.65971    27.8750    17.2214
 -2.64429    25.2667    15.1792
 -2.62888    16.4420     9.3470
 -2.61347    20.7358    11.5539
 -2.59805    25.8037    14.4552
 -2.58264    24.8681    13.7026
 -2.56723    24.3589    12.8623
 -2.55181    21.7913    11.5851
 -2.53640    20.4560    11.9044
 -2.52099    21.9124    13.2339
 -2.50557    18.8652    11.2876
 -2.49016    12.2035     7.0823
 -2.47475     8.3710     4.6398
 -2.45933     8.4543     4.5768
 -2.44392    10.4314     5.6070
 -2.42851    12.0017     6.4120
 -2.41309    12.0541     6.3009
 -2.39768    12.3886     6.3112
 -2.38227    13.2619     6.6644
 -2.36685    17.3301     8.8762
 -2.35144    21.8449    11.3272
 -2.33603    23.7361    12.3095
 -2.32061    24.1693    12.7548
 -2.30520    24.1789    12.8686
 -2.28979    20.6212    11.1058
 -2.27437    14.0012     7.8096
 -2.25896    10.2602     5.7697
 -2.24355     8.3405     4.6627
 -2.22813     7.4037     4.1055
 -2.21272    10.9584     6.3671
 -2.19731    20.4818    12.2496
 -2.18189    24.4528    14.3324
 -2.16648    18.1177    10.3218
 -2.15107    11.0136     6.4405
 -2.13565     6.8930     4.3971
 -2.12024     4.5061     3.1158
 -2.10483     3.5302     2.4846
 -2.08941     3.1086     2.1918
 -2.07400     3.6769     2.4554
 -2.05859     7.2897     4.4608
 -2.04317    11.5555     6.8654
 -2.02776    13.3857     7.8915
 -2.01235    14.2220     8.3866
 -1.99693    14.5099     8.6088
 -1.98152    14.0803     8.4667
 -1.96611    13.9967     8.6817
 -1.95069    12.7206     8.2181
 -1.93528    11.4538     7.5644
 -1.91987    11.0172     7.2869
 -1.90445    10.2672     6.8165
 -1.88904     9.7824     6.4792
 -1.87363     9.4554     6.2993
 -1.85821     9.8064     6.6245
 -1.84280    10.4273     7.1260
 -1.82739    10.8253     7.4366
 -1.81197    10.6282     7.2798
 -1.79656     9.8656     6.6825
 -1.78115     8.8252     5.8861
 -1.76573     7.6285     4.9929
 -1.75032     6.9207     4.4301
 -1.73491     7.5789     4.8069
 -1.71949     8.3561     5.3138
 -1.70408     7.8154     4.9986
 -1.68867     7.0015     4.4473
 -1.67325     9.2787     5.6668
 -1.65784    11.0591     6.4797
 -1.64243    10.7658     6.0334
 -1.62701     9.4550     5.2173
 -1.61160     7.4677     4.0615
 -1.59619     7.5450     3.8801
 -1.58077     7.4981     3.6918
 -1.56536     7.2290     3.5105
 -1.54995     7.5282     3.5899
 -1.53453     7.8822     3.6940
 -1.51912     8.2715     3.8096
 -1.50371     8.6960     3.9366
 -1.48829     9.1504     4.0735
 -1.47288     9.6004     4.2074
 -1.45747     9.9960     4.2995
 -1.44205    10.3812     4.3379
 -1.42664    10.7598     4.3426
 -1.41123    11.0166     4.3295
 -1.39581    11.1632     4.3096
 -1.38040    10.9290     4.1484
 -1.36499     9.9584     3.6895
 -1.34957     9.1700     3.2911
 -1.33416     8.7653     3.0867
 -1.31875     7.7719     2.7121
 -1.30333     6.3635     2.1935
 -1.28792     5.2728     1.7920
 -1.27251     5.0198     1.6759
 -1.25709     5.7208     1.8782
 -1.24168     7.0384     2.2956
 -1.22627     8.4163     2.7424
 -1.21085     9.5540     3.1159
 -1.19544    10.6226     3.4667
 -1.18003    11.7037     3.7820
 -1.16461    12.5693     3.9894
 -1.14920    12.1595     3.8121
 -1.13379    12.5894     3.8999
 -1.11837    28.2785     8.7523
 -1.10296    46.6095    13.5133
 -1.08755    39.4019    10.6584
 -1.07213    25.8224     6.8349
 -1.05672    21.6562     5.7453
 -1.04131    16.5198     4.6094
 -1.02589    12.2328     3.7534
 -1.01048    11.5567     3.7542
 -0.99507    10.9631     3.5519
 -0.97965     9.5423     2.9463
 -0.96424     9.1423     2.7685
 -0.94883     9.8316     3.0564
 -0.93341    11.0362     3.4725
 -0.91800    17.9626     5.1102
 -0.90259    28.3491     7.2582
 -0.88717    33.3138     8.1281
 -0.87176    34.4773     8.3473
 -0.85635    34.1379     8.2805
 -0.84093    32.7084     8.1620
 -0.82552    30.4354     7.9496
 -0.81011    25.7370     7.1412
 -0.79469    21.9075     6.4794
 -0.77928    20.8173     6.3962
 -0.76387    19.3068     6.2082
 -0.74845    16.7477     5.4635
 -0.73304    17.0874     5.5977
 -0.71763    20.4815     6.9983
 -0.70221    22.8770     8.1888
 -0.68680    24.4848     8.9783
 -0.67139    23.0292     8.5203
 -0.65597    18.7498     6.9798
 -0.64056    15.3439     5.6637
 -0.62515    12.1051     4.3544
 -0.60973     9.1932     3.0961
 -0.59432     7.2923     2.3537
 -0.57891     6.9853     2.3148
 -0.56349     7.9569     2.7077
 -0.54808    10.7616     3.8592
 -0.53267    16.0086     5.9328
 -0.51725    19.3928     7.2504
 -0.50184    19.2426     7.3251
 -0.48643    16.4736     6.4926
 -0.47101    13.6425     5.5056
 -0.45560    13.6394     5.5252
 -0.44019    15.0315     6.1540
 -0.42477    17.8039     7.3347
 -0.40936    21.5322     8.9109
 -0.39395    24.8142    10.3046
 -0.37853    26.4876    11.0070
 -0.36312    25.2036    10.4461
 -0.34771    21.2653     8.7404
 -0.33229    18.9672     7.7049
 -0.31688    20.0015     8.1106
 -0.30147    22.6406     9.2973
 -0.28605    27.9467    11.6693
 -0.27064    30.3116    13.1973
 -0.25523    29.9887    13.8408
 -0.23981    30.3337    14.7715
 -0.22440    25.4020    13.0919
 -0.20899    16.1339     8.9490
 -0.19357    11.5323     6.7869
 -0.17816    11.9090     6.8506
 -0.16275    12.2202     6.8972
 -0.14733    12.5702     6.9737
 -0.13192    13.0254     7.1099
 -0.11651    16.1516     8.4499
 -0.10109    17.8604     9.0976
 -0.08568    15.3409     7.7872
 -0.07027    13.6945     6.9420
 -0.05485    13.6008     6.8797
 -0.03944    13.8397     6.8974
 -0.02403    14.3634     6.9379
 -0.00861    14.5584     6.7997
  0.00680     7.1368     3.2787
  0.02221     0.0000     0.0000
  0.03763     0.0000     0.0000
  0.05304     0.0000     0.0000
  0.06845     0.0000     0.0000
  0.08387     0.0000     0.0000
  0.09928     0.0000     0.0000
  0.11469     0.0000     0.0000
  0.13011     0.0000     0.0000
  0.14552     0.0000     0.0000
  0.16093     0.0000     0.0000
  0.17635     0.0000     0.0000
  0.19176     0.0000     0.0000
  0.20717     0.0000     0.0000
  0.22259     0.0000     0.0000
  0.23800     0.0000     0.0000
  0.25341     0.0000     0.0000
  0.26883     0.0000     0.0000
  0.28424     0.0000     0.0000
  0.29965     0.0000     0.0000
  0.31507     0.0000     0.0000
  0.33048     0.0000     0.0000
  0.34589     0.0000     0.0000
  0.36131     0.0000     0.0000
  0.37672     0.0000     0.0000
  0.39213     0.0000     0.0000
  0.40755     0.0000     0.0000
  0.42296     0.0000     0.0000
  0.43837     0.0000     0.0000
  0.45379     0.0000     0.0000
  0.46920     0.0000     0.0000
  0.48461     0.0000     0.0000
  0.50003     0.0000     0.0000
  0.51544     0.0000     0.0000
  0.53085     0.0000     0.0000
  0.54627     0.0000     0.0000
  0.56168     0.0000     0.0000
  0.57709     0.0000     0.0000
  0.59251     0.0000     0.0000
  0.60792     0.0000     0.0000
  0.62333     0.0000     0.0000
  0.63875     0.0000     0.0000
  0.65416     0.0000     0.0000
  0.66957     0.0000     0.0000
  0.68499     0.0000     0.0000
  0.70040     0.0000     0.0000
  0.71581     0.0000     0.0000
  0.73123     0.0000     0.0000
  0.74664     0.0000     0.0000
  0.76205     0.0000     0.0000
  0.77747     0.0000     0.0000
  0.79288     0.0000     0.0000
  0.80829     0.0000     0.0000
  0.82371     0.0000     0.0000
  0.83912     0.0000     0.0000
  0.85453     0.0000     0.0000
  0.86995     0.0000     0.0000
  0.88536     0.0000     0.0000
  0.90077     0.0000     0.0000
  0.91619     0.0000     0.0000
  0.93160     0.0000     0.0000
  0.94701     0.0000     0.0000
  0.96243     0.0000     0.0000
  0.97784     0.0000     0.0000
  0.99325     0.0000     0.0000
  1.00867     0.0000     0.0000
  1.02408     0.0000     0.0000
  1.03949     0.0000     0.0000
  1.05491     0.0000     0.0000
  1.07032     0.0000     0.0000
  1.08573     0.0000     0.0000
  1.10115     0.0000     0.0000
  1.11656     0.0000     0.0000
  1.13197     0.0000     0.0000
  1.14739     0.0000     0.0000
  1.16280     0.0000     0.0000
  1.17821     0.0000     0.0000
  1.19363     0.0000     0.0000
  1.20904     0.0000     0.0000
  1.22445     0.0000     0.0000
  1.23987     0.0000     0.0000
  1.25528     0.0000     0.0000
  1.27069     0.0000     0.0000
  1.28611     0.0000     0.0000
  1.30152     0.0000     0.0000
  1.31693     0.0000     0.0000
  1.33235     0.0000     0.0000
  1.34776     0.0000     0.0000
  1.36317     0.0000     0.0000
  1.37859     0.0000     0.0000
  1.39400     0.0000     0.0000
  1.40941     0.0000     0.0000
  1.42483     0.0000     0.0000
  1.44024     0.0000     0.0000
  1.45565     0.0000     0.0000
  1.47107     0.0000     0.0000
  1.48648     0.0000     0.0000
  1.50189     0.0000     0.0000
  1.51731     0.0000     0.0000
  1.53272     0.0000     0.0000
  1.54813     0.0000     0.0000
  1.56355     0.0000     0.0000
  1.57896     0.0000     0.0000
  1.59437     0.0000     0.0000
  1.60979     0.0000     0.0000
  1.62520     0.0000     0.0000
  1.64061     0.0000     0.0000
  1.65603     0.0000     0.0000
  1.67144     0.0000     0.0000
  1.68685     0.0000     0.0000
  1.70227     0.0000     0.0000
  1.71768     0.0000     0.0000
  1.73309     0.0000     0.0000
  1.74851     0.0000     0.0000
  1.76392     0.0000     0.0000
  1.77933     0.0000     0.0000
  1.79475     0.0000     0.0000
  1.81016     0.0000     0.0000
  1.82557     0.0000     0.0000
  1.84099     0.0000     0.0000
  1.85640     0.0000     0.0000
  1.87181     0.0000     0.0000
  1.88723     0.0000     0.0000
  1.90264     0.0000     0.0000
  1.91805     0.0000     0.0000
  1.93347     0.0000     0.0000
  1.94888     0.0000     0.0000
  1.96429     0.0000     0.0000
  1.97971     0.0000     0.0000
  1.99512     0.0000     0.0000
  2.01053     0.0000     0.0000
  2.02595     0.0000     0.0000
  2.04136     0.0000     0.0000
  2.05677     0.0000     0.0000
  2.07219     0.0000     0.0000
  2.08760     0.0000     0.0000
  2.10301     0.0000     0.0000
  2.11843     0.0000     0.0000
  2.13384     0.0000     0.0000
  2.14925     0.0000     0.0000
  2.16467     0.0000     0.0000
  2.18008     0.0000     0.0000
  2.19549     0.0000     0.0000
  2.21091     0.0000     0.0000
  2.22632     0.0000     0.0000
  2.24173     0.0000     0.0000
  2.25715     0.0000     0.0000
  2.27256     0.0000     0.0000
  2.28797     0.0000     0.0000
  2.30339     0.0000     0.0000
  2.31880     0.0000     0.0000
  2.33421     0.0000     0.0000
  2.34963     0.0000     0.0000
  2.36504     0.0000     0.0000
  2.38045     0.0000     0.0000
  2.39587     0.0000     0.0000
  2.41128     0.0000     0.0000
  2.42669     0.0000     0.0000
  2.44211     0.0000     0.0000
  2.45752     0.0000     0.0000
  2.47293     0.0000     0.0000
  2.48835     0.0000     0.0000
  2.50376     0.0000     0.0000
  2.51917     0.0000     0.0000
  2.53459     0.0000     0.0000
  2.55000     0.0000     0.0000
  2.56541     0.0000     0.0000
  2.58083     0.0000     0.0000
  2.59624     0.0000     0.0000
  2.61165     0.0000     0.0000
  2.62707     0.0000     0.0000
  2.64248     0.0000     0.0000
  2.65789     0.0000     0.0000
  2.67331     0.0000     0.0000
  2.68872     0.0052     0.0006
  2.70413     0.1619     0.0196
  2.71955     0.5549     0.0680
  2.73496     1.0692     0.1328
  2.75037     1.6459     0.2071
  2.76579     2.6567     0.3431
  2.78120     4.6101     0.6208
  2.79661     6.3602     0.8812
  2.81203     8.3536     1.1801
  2.82744    10.0434     1.4444
  2.84285     9.9588     1.4685
  2.85827    10.2202     1.5449
  2.87368    11.3539     1.7471
  2.88909    12.4311     1.9437
  2.90451    13.2374     2.1054
  2.91992    13.7261     2.2288
  2.93533    14.4352     2.4013
  2.95075    16.2749     2.7644
  2.96616    18.9313     3.2479
  2.98157    23.4858     4.0490
  2.99699    26.9191     4.7433
  3.01240    35.9395     6.4733
  3.02781    40.9489     7.4744
  3.04323    34.6270     6.4745
  3.05864    30.0067     5.7507
  3.07405    27.2112     5.3403
  3.08947    22.9936     4.6210
  3.10488    18.7125     3.8604
  3.12029    17.6942     3.7009
  3.13571    17.3318     3.6648
  3.15112    16.9486     3.6213
  3.16653    17.2327     3.7200
  3.18195    17.8241     3.9002
  3.19736    26.0752     5.8875
  3.21277    35.1368     8.2022
  3.22819    36.3053     8.8120
  3.24360    37.0053     9.2532
  3.25901    39.4177    10.0640
  3.27443    35.4134     9.1463
  3.28984    28.1369     7.3320
  3.30525    27.7860     7.4255
  3.32067    30.3471     8.5488
  3.33608    34.4109    10.2504
  3.35149    37.5841    11.6667
  3.36691    36.1382    11.5151
  3.38232    28.8774     9.2812
  3.39773    19.8498     6.3825
  3.41315    13.2572     4.2863
  3.42856     9.1837     2.9991
  3.44397     6.2510     2.0565
  3.45939     3.5240     1.1615
  3.47480     1.4227     0.4700
  3.49021     0.2993     0.0994
  3.50563     0.0103     0.0035
  3.52104     0.0000     0.0000
  3.53645     0.0000     0.0000
  3.55187     0.0000     0.0000
  3.56728     0.0000     0.0000
  3.58269     0.0000     0.0000
  3.59811     0.0000     0.0000
  3.61352     0.0000     0.0000
  3.62893     0.0000     0.0000
  3.64435     0.0000     0.0000
  3.65976     0.0000     0.0000
  3.67517     0.0000     0.0000
  3.69059     0.0000     0.0000
  3.70600     0.0000     0.0000
  3.72141     0.0000     0.0000
  3.73683     0.0000     0.0000
  3.75224     0.0000     0.0000
  3.76765     0.0000     0.0000
  3.78307     0.0000     0.0000
  3.79848     0.0000     0.0000
  3.81389     0.0000     0.0000
  3.82931     0.0000     0.0000
  3.84472     0.0000     0.0000
  3.86013     0.0000     0.0000
  3.87555     0.0000     0.0000
  3.89096     0.0000     0.0000
  3.90637     0.0000     0.0000
  3.92179     0.0000     0.0000
  3.93720     0.0000     0.0000
  3.95261     0.0000     0.0000
  3.96803     0.0000     0.0000
  3.98344     0.0000     0.0000
  3.99885     0.0000     0.0000
  4.01427     0.0000     0.0000
  4.02968     0.0000     0.0000
  4.04509     0.0000     0.0000
  4.06051     0.0000     0.0000
  4.07592     0.0000     0.0000
  4.09133     0.0000     0.0000
  4.10675     0.0000     0.0000
  4.12216     0.0000     0.0000
  4.13757     0.0000     0.0000
  4.15299     0.0000     0.0000
  4.16840     0.0000     0.0000
  4.18381     0.0000     0.0000
  4.19923     0.0000     0.0000
  4.21464     0.0000     0.0000
  4.23005     0.0000     0.0000
  4.24547     0.0000     0.0000
  4.26088     0.0000     0.0000
  4.27629     0.0000     0.0000
  4.29171     0.0000     0.0000
  4.30712     0.0000     0.0000
  4.32253     0.0000     0.0000
  4.33795     0.0000     0.0000
  4.35336     0.0000     0.0000
  4.36877     0.0000     0.0000
  4.38419     0.0000     0.0000
  4.39960     0.0000     0.0000
  4.41501     0.0000     0.0000
  4.43043     0.0000     0.0000
  4.44584     0.0000     0.0000
  4.46125     0.0000     0.0000
  4.47667     0.0000     0.0000
  4.49208     0.0000     0.0000
  4.50749     0.0000     0.0000
  4.52291     0.0000     0.0000
  4.53832     0.0000     0.0000
  4.55373     0.0000     0.0000
  4.56915     0.0000     0.0000
  4.58456     0.0000     0.0000
  4.59997     0.0000     0.0000
  4.61539     0.0000     0.0000
  4.63080     0.0000     0.0000
  4.64621     0.0000     0.0000
  4.66163     0.0000     0.0000
  4.67704     0.0000     0.0000
  4.69245     0.0000     0.0000
  4.70787     0.0000     0.0000
  4.72328     0.0000     0.0000
  4.73869     0.0000     0.0000
  4.75411     0.0000     0.0000
  4.76952     0.0000     0.0000
  4.78493     0.0000     0.0000
  4.80035     0.0000     0.0000
  4.81576     0.0000     0.0000
  4.83117     0.0000     0.0000
  4.84659     0.0000     0.0000
  4.86200     0.0000     0.0000
  4.87741     0.0000     0.0000
  4.89283     0.0000     0.0000
  4.90824     0.0000     0.0000
  4.92365     0.0000     0.0000
  4.93907     0.0000     0.0000
  4.95448     0.0000     0.0000
  4.96989     0.0000     0.0000
  4.98531     0.0000     0.0000
  5.00072     0.0000     0.0000
  5.01613     0.0000     0.0000
  5.03155     0.0000     0.0000
  5.04696     0.0000     0.0000
  5.06237     0.0000     0.0000
  5.07779     0.0000     0.0000
  5.09320     0.0000     0.0000
  5.10861     0.0000     0.0000
  5.12403     0.0000     0.0000
  5.13944     0.0000     0.0000
  5.15485     0.0000     0.0000
  5.17027     0.0000     0.0000
  5.18568     0.0000     0.0000
  5.20109     0.0000     0.0000
  5.21651     0.0000     0.0000
  5.23192     0.0000     0.0000
  5.24733     0.0000     0.0000
  5.26275     0.0000     0.0000
  5.27816     0.0000     0.0000
  5.29357     0.0000     0.0000
  5.30899     0.0000     0.0000
  5.32440     0.0000     0.0000
  5.33981     0.0000     0.0000
  5.35523     0.0000     0.0000
  5.37064     0.0000     0.0000
  5.38605     0.0000     0.0000
  5.40147     0.0000     0.0000
  5.41688     0.0000     0.0000
  5.43229     0.0000     0.0000
  5.44771     0.0000     0.0000
  5.46312     0.0000     0.0000
  5.47853     0.0000     0.0000
  5.49395     0.0000     0.0000
  5.50936     0.0000     0.0000
  5.52477     0.0000     0.0000
  5.54019     0.0000     0.0000
  5.55560     0.0000     0.0000
  5.57101     0.0000     0.0000
  5.58643     0.0000     0.0000
  5.60184     0.0000     0.0000
  5.61725     0.0000     0.0000
  5.63267     0.0000     0.0000
  5.64808     0.0000     0.0000
  5.66349     0.0000     0.0000
  5.67891     0.0000     0.0000
  5.69432     0.0000     0.0000
  5.70973     0.0000     0.0000
  5.72515     0.0000     0.0000
  5.74056     0.0000     0.0000
  5.75597     0.0000     0.0000
  5.77139     0.0000     0.0000
  5.78680     0.0000     0.0000
  5.80221     0.0000     0.0000
  5.81763     0.0000     0.0000
  5.83304     0.0000     0.0000
  5.84845     0.0000     0.0000
  5.86387     0.0000     0.0000
  5.87928     0.0000     0.0000
  5.89469     0.0000     0.0000
  5.91011     0.0000     0.0000
  5.92552     0.0000     0.0000
  5.94093     0.0000     0.0000
  5.95635     0.0000     0.0000
  5.97176     0.0000     0.0000
  5.98717     0.0000     0.0000
  6.00259     0.0000     0.0000
  6.01800     0.0000     0.0000
  6.03341     0.0000     0.0000
  6.04883     0.0000     0.0000
  6.06424     0.0000     0.0000
  6.07965     0.0000     0.0000
  6.09507     0.0000     0.0000
  6.11048     0.0000     0.0000
  6.12589     0.0000     0.0000
  6.14131     0.0000     0.0000
  6.15672     0.0000     0.0000
  6.17213     0.0000     0.0000
  6.18755     0.0000     0.0000
  6.20296     0.0000     0.0000
  6.21837     0.0000     0.0000
  6.23379     0.0000     0.0000
  6.24920     0.0000     0.0000
  6.26461     0.0000     0.0000
  6.28003     0.0000     0.0000
  6.29544     0.0000     0.0000
  6.31085     0.0000     0.0000
  6.32627     0.0000     0.0000
  6.34168     0.0000     0.0000
  6.35709     0.0000     0.0000
  6.37251     0.0000     0.0000
  6.38792     0.0000     0.0000
  6.40333     0.0000     0.0000
  6.41875     0.0000     0.0000
  6.43416     0.0000     0.0000
  6.44957     0.0000     0.0000
  6.46499     0.0000     0.0000
  6.48040     0.0000     0.0000
  6.49581     0.0000     0.0000
  6.51123     0.0000     0.0000
  6.52664     0.0000     0.0000
  6.54205     0.0000     0.0000
  6.55747     0.0000     0.0000
  6.57288     0.0000     0.0000
  6.58829     0.0000     0.0000
  6.60371     0.0003     0.0000
  6.61912     0.0010     0.0001
  6.63453     0.0022     0.0002
  6.64995     0.0040     0.0003
  6.66536     0.0063     0.0004
  6.68077     0.0091     0.0006
  6.69619     0.0124     0.0009
  6.71160     0.0163     0.0012
  6.72701     0.0206     0.0015
  6.74243     0.0255     0.0018
  6.75784     0.0309     0.0022
  6.77325     0.0369     0.0026
  6.78867     0.0433     0.0031
  6.80408     0.0503     0.0036
  6.81949     0.0578     0.0041
  6.83491     0.0658     0.0047
  6.85032     0.0744     0.0053
  6.86573     0.0835     0.0060
  6.88115     0.0931     0.0066
  6.89656     0.1032     0.0074
  6.91197     0.1138     0.0081
  6.92739     0.1250     0.0089
  6.94280     0.1367     0.0098
  6.95821     0.1489     0.0106
  6.97363     0.1616     0.0115
  6.98904     0.1748     0.0125
  7.00445     0.1880     0.0135
  7.01987     0.1957     0.0147
  7.03528     0.1975     0.0160
  7.05069     0.1986     0.0174
  7.06611     0.2002     0.0187
  7.08152     0.2022     0.0200
  7.09693     0.2047     0.0213
  7.11235     0.2076     0.0226
  7.12776     0.2110     0.0238
  7.14317     0.2148     0.0250
  7.15859     0.2191     0.0262
  7.17400     0.2238     0.0274
  7.18941     0.2289     0.0285
  7.20483     0.2343     0.0297
  7.22024     0.2397     0.0308
  7.23565     0.2453     0.0320
  7.25107     0.2509     0.0332
  7.26648     0.2566     0.0343
  7.28189     0.2623     0.0355
  7.29731     0.2681     0.0368
  7.31272     0.2740     0.0380
  7.32813     0.2800     0.0392
  7.34355     0.2860     0.0405
  7.35896     0.2921     0.0417
  7.37437     0.2983     0.0430
  7.38979     0.3045     0.0443
  7.40520     0.3108     0.0456
  7.42061     0.3172     0.0469
  7.43603     0.3237     0.0482
  7.45144     0.3302     0.0496
  7.46685     0.3368     0.0509
  7.48227     0.3435     0.0523
  7.49768     0.3502     0.0537
  7.51309     0.3571     0.0550
  7.52851     0.3639     0.0564
  7.54392     0.3709     0.0578
  7.55933     0.3779     0.0593
  7.57475     0.3850     0.0607
  7.59016     0.3922     0.0622
  7.60557     0.3994     0.0636
  7.62099     0.4068     0.0651
  7.63640     0.4142     0.0667
  7.65181     0.4218     0.0684
  7.66723     0.4296     0.0702
  7.68264     0.4376     0.0721
  7.69805     0.4457     0.0742
  7.71347     0.4539     0.0764
  7.72888     0.4623     0.0787
  7.74429     0.4709     0.0811
  7.75971     0.4796     0.0836
  7.77512     0.4885     0.0862
  7.79053     0.4976     0.0890
  7.80595     0.5068     0.0919
  7.82136     0.5162     0.0949
  7.83677     0.5274     0.0983
  7.85219     0.5445     0.1029
  7.86760     0.5659     0.1084
  7.88301     0.5875     0.1138
  7.89843     0.6090     0.1192
  7.91384     0.6306     0.1246
  7.92925     0.6522     0.1300
  7.94467     0.6737     0.1353
  7.96008     0.6953     0.1406
  7.97549     0.7169     0.1458
  7.99091     0.7381     0.1508
  8.00632     0.7581     0.1555
  8.02173     0.7766     0.1599
  8.03715     0.7936     0.1640
  8.05256     0.8092     0.1679
  8.06797     0.8233     0.1714
  8.08339     0.8359     0.1747
  8.09880     0.8471     0.1778
  8.11421     0.8567     0.1805
  8.12963     0.8649     0.1830
  8.14504     0.8716     0.1852
  8.16045     0.8768     0.1871
  8.17587     0.8806     0.1887
  8.19128     0.8829     0.1901
  8.20669     0.8837     0.1912
  8.22211     0.8830     0.1920
  8.23752     0.8808     0.1925
  8.25293     0.8772     0.1928
  8.26835     0.8721     0.1928
  8.28376     0.8655     0.1925
  8.29917     0.8574     0.1919
  8.31459     0.8479     0.1910
  8.33000     0.8369     0.1899
  8.34541     0.8244     0.1885
  8.36083     0.8104     0.1868
  8.37624     0.7949     0.1849
  8.39165     0.7784     0.1828
  8.40707     0.7684     0.1819
  8.42248     0.7675     0.1829
  8.43789     0.7690     0.1843
  8.45331     0.7712     0.1856
  8.46872     0.7748     0.1869
  8.48413     0.7797     0.1883
  8.49955     0.7860     0.1897
  8.51496     0.7937     0.1910
  8.53037     0.8028     0.1924
  8.54579     0.8132     0.1938
  8.56120     0.8251     0.1952
  8.57661     0.8383     0.1966
  8.59203     0.8530     0.1981
  8.60744     0.8696     0.1995
  8.62285     0.8884     0.2011
  8.63827     0.9097     0.2029
  8.65368     0.9305     0.2046
  8.66909     0.9431     0.2062
  8.68451     0.9520     0.2081
  8.69992     0.9680     0.2113
  8.71533     0.9931     0.2162
  8.73075     1.0310     0.2236
  8.74616     1.0896     0.2354
  8.76157     1.1619     0.2501
  8.77699     1.2347     0.2648
  8.79240     1.3073     0.2794
  8.80781     1.7522     0.3997
  8.82323     1.9411     0.4473
  8.83864     1.7468     0.3856
  8.85405     1.7981     0.3935
  8.86947     1.8501     0.4015
  8.88488     1.9030     0.4096
  8.90029     1.9567     0.4178
  8.91571     2.0111     0.4260
  8.93112     2.0664     0.4344
  8.94653     2.1224     0.4429
  8.96195     2.1795     0.4515
  8.97736     2.2382     0.4606
  8.99277     2.3004     0.4705
  9.00819     2.3768     0.4836
  9.02360     2.4660     0.4998
  9.03901     2.5541     0.5162
  9.05443     2.6388     0.5334
  9.06984     2.7176     0.5538
  9.08525     2.7785     0.5738
  9.10067     2.8126     0.5884
  9.11608     2.8194     0.5972
  9.13149     2.7990     0.6002
  9.14691     2.6221     0.5808
  9.16232     2.3609     0.5487
  9.17773     2.2314     0.5315
  9.19315     2.1804     0.5225
  9.20856     2.1359     0.5139
  9.22397     2.0946     0.5057
  9.23939     2.0565     0.4979
  9.25480     2.0214     0.4904
  9.27021     1.9886     0.4832
  9.28563     1.9573     0.4763
  9.30104     1.9272     0.4696
  9.31645     1.9001     0.4638
  9.33187     1.8856     0.4615
  9.34728     1.8828     0.4625
  9.36269     1.8823     0.4642
  9.37811     1.8829     0.4661
  9.39352     1.8845     0.4682
  9.40893     1.8872     0.4706
  9.42435     1.8908     0.4732
  9.43976     1.8956     0.4760
  9.45517     1.9014     0.4791
  9.47059     1.9082     0.4825
  9.48600     1.9161     0.4861
  9.50141     1.9250     0.4899
  9.51683     1.9349     0.4939
  9.53224     1.9459     0.4982
  9.54765     1.9580     0.5028
  9.56307     1.9711     0.5075
  9.57848     1.9852     0.5126
  9.59389     2.0004     0.5178
  9.60931     2.0166     0.5233
  9.62472     2.0342     0.5292
  9.64013     2.4396     0.6748
  9.65555     3.4716     1.0429
  9.67096     4.3552     1.3455
  9.68637     3.3492     0.9892
  9.70179     2.0692     0.5466
  9.71720     2.0198     0.5290
  9.73261     1.9760     0.5132
  9.74803     1.9378     0.4992
  9.76344     4.9791     1.4193
  9.77885     6.0374     1.7358
  9.79427     4.1649     1.1629
  9.80968     4.2245     1.1805
  9.82509     4.0504     1.1306
  9.84051     3.8460     1.0722
  9.85592     3.6553     1.0179
  9.87133     3.4789     0.9678
  9.88675     3.3272     0.9255
  9.90216     3.2021     0.8916
  9.91757     3.0908     0.8619
  9.93299     2.9885     0.8348
  9.94840     2.8951     0.8103
  9.96381     2.8108     0.7883
  9.97923     2.7354     0.7689
  9.99464     2.7171     0.7676
 10.01005     2.7761     0.7908
 10.02547     2.8272     0.8116
 10.04088     2.8114     0.8110
 10.05629     2.7242     0.7876
 10.07171     2.5646     0.7408
 10.08712     2.3376     0.6721
 10.10253     2.0382     0.5801
 10.11795     1.6848     0.4709
 10.13336     1.4940     0.4127
 10.14877     1.5196     0.4227
 10.16419     1.5854     0.4454
 10.17960     1.6598     0.4708
 10.19501     1.7621     0.5053
 10.21043     1.8863     0.5476
 10.22584     2.0061     0.5891
 10.24125     2.1084     0.6243
 10.25667     2.1949     0.6539
 10.27208     2.2719     0.6808
 10.28749     2.3395     0.7048
 10.30291     2.3975     0.7261
 10.31832     3.1380     0.9973
 10.33373     4.3029     1.4108
 10.34915     4.4423     1.4538
 10.36456     3.6635     1.1875
 10.37997     2.9184     0.9382
 10.39539     2.6468     0.8480
 10.41080     2.6556     0.8505
 10.42621     2.6527     0.8491
 10.44163     2.6343     0.8428
 10.45704     2.6006     0.8315
 10.47245     2.5517     0.8153
 10.48787     2.4905     0.7952
 10.50328     2.4178     0.7715
 10.51869     2.3311     0.7433
 10.53411     2.2297     0.7103
 10.54952     2.1135     0.6726
 10.56493     1.9826     0.6301
 10.58035     1.8369     0.5829
 10.59576     1.6765     0.5310
 10.61117     1.5013     0.4744
 10.62659     1.3114     0.4130
 10.64200     1.1345     0.3559
 10.65741     1.0595     0.3324
 10.67283     1.0719     0.3375
 10.68824     1.0898     0.3444
 10.70365     1.1084     0.3517
 10.71907     1.1295     0.3600
 10.73448     1.1537     0.3695
 10.74989     1.1810     0.3800
 10.76531     1.2112     0.3916
 10.78072     1.2444     0.4044
 10.79613     1.2807     0.4182
 10.81155     1.3199     0.4330
 10.82696     1.3621     0.4490
 10.84237     1.4074     0.4660
 10.85779     1.4556     0.4842
 10.87320     1.5068     0.5034
 10.88861     1.5611     0.5237
 10.90403     1.6183     0.5450
 10.91944     1.6785     0.5675
 10.93485     1.7418     0.5910
 10.95027     1.8080     0.6157
 10.96568     1.8772     0.6414
 10.98109     1.9666     0.6719
 10.99651     2.1431     0.7225
 11.01192     2.4281     0.7990
 11.02733     2.7902     0.8953
 11.04275     3.4212     1.0816
 11.05816     3.7716     1.1587
 11.07357     3.9477     1.1689
 11.08899     3.6282     1.0927
 11.10440     3.0098     0.9331
 11.11981     2.8827     0.8845
 11.13523     2.6692     0.8057
 11.15064     2.3722     0.6979
 11.16605     2.1449     0.6172
 11.18147     2.0971     0.6039
 11.19688     2.1138     0.6161
 11.21229     2.1197     0.6263
 11.22771     2.1150     0.6346
 11.24312     2.0019     0.6122
 11.25853     1.7005     0.5326
 11.27395     1.4884     0.4735
 11.28936     1.4569     0.4642
 11.30477     1.4306     0.4562
 11.32019     1.4032     0.4479
 11.33560     1.3746     0.4392
 11.35101     1.3449     0.4301
 11.36643     1.3140     0.4207
 11.38184     1.2880     0.4123
 11.39725     1.3323     0.4216
 11.41267     1.4510     0.4494
 11.42808     1.5674     0.4763
 11.44349     1.6611     0.4974
 11.45891     1.7320     0.5126
 11.47432     1.7802     0.5219
 11.48973     1.8057     0.5252
 11.50515     1.8085     0.5227
 11.52056     1.7885     0.5142
 11.53597     1.7458     0.4999
 11.55139     1.6803     0.4796
 11.56680     1.5943     0.4540
 11.58221     1.5380     0.4366
 11.59763     1.5389     0.4345
 11.61304     1.5572     0.4371
 11.62845     1.5741     0.4395
 11.64387     1.5898     0.4415
 11.65928     1.6041     0.4431
 11.67469     1.6172     0.4445
 11.69011     1.6289     0.4456
 11.70552     1.6395     0.4463
 11.72093     1.6496     0.4469
 11.73635     1.6602     0.4473
 11.75176     1.6714     0.4477
 11.76717     1.6834     0.4480
 11.78259     1.6961     0.4482
 11.79800     1.7095     0.4483
 11.81341     1.7236     0.4483
 11.82883     1.7425     0.4492
 11.84424     1.8885     0.4773
 11.85965     2.1963     0.5404
 11.87507     2.5183     0.6074
 11.89048     2.7908     0.6646
 11.90589     3.0139     0.7120
 11.92131     3.4974     0.8186
 11.93672     3.7607     0.8827
 11.95213     3.6509     0.8643
 11.96755     3.6510     0.8657
 11.98296     3.6373     0.8638
 11.99837     3.7010     0.8748
 12.01379     3.8706     0.9008
 12.02920     4.1001     0.9284
 12.04461     4.2967     0.9502
 12.06003     4.4225     0.9668
 12.07544     4.5422     0.9833
 12.09085     4.6811     1.0011
 12.10627     4.8733     1.0228
 12.12168     5.1602     1.0511
 12.13709     5.3351     1.0663
 12.15251     5.2575     1.0567
 12.16792     5.0933     1.0393
 12.18333     4.9316     1.0228
 12.19875     4.7725     1.0072
 12.21416     5.2302     1.2211
 12.22957     5.4724     1.3608
 12.24499     4.8114     1.1924
 12.26040     4.0768     1.0243
 12.27581     3.4160     0.8792
 12.29123     2.8659     0.7578
 12.30664     2.3896     0.6496
 12.32205     2.0281     0.5688
 12.33747     1.7872     0.5175
 12.35288     1.6117     0.4776
 12.36829     1.4672     0.4410
 12.38371     1.3351     0.4062
 12.39912     1.2093     0.3725
 12.41453     1.0898     0.3399
 12.42995     0.9764     0.3084
 12.44536     0.8693     0.2781
 12.46077     0.7684     0.2490
 12.47619     0.6738     0.2209
 12.49160     0.5854     0.1940
 12.50701     0.5032     0.1683
 12.52243     0.4273     0.1437
 12.53784     0.3632     0.1223
 12.55325     0.3188     0.1075
 12.56867     0.2863     0.0969
 12.58408     0.2555     0.0868
 12.59949     0.2263     0.0772
 12.61491     0.1988     0.0681
 12.63032     0.1729     0.0595
 12.64573     0.1485     0.0514
 12.66115     0.1258     0.0438
 12.67656     0.1047     0.0367
 12.69197     0.2588     0.0977
 12.70739     1.9516     0.7565
 12.72280     3.8428     1.4056
 12.73821     3.8753     1.2925
 12.75363     3.9264     1.2318
 12.76904     4.7610     1.4665
 12.78445     7.4540     2.3017
 12.79987    14.4202     4.1379
 12.81528    19.9244     5.3668
 12.83069    20.7491     5.5008
 12.84611    19.2247     5.1881
 12.86152    19.4703     5.7458
 12.87693    23.7017     7.5872
 12.89235    20.9099     6.8078
 12.90776    10.4925     3.3079
 12.92317     5.0710     1.4484
 12.93859     4.6760     1.3054
 12.95400     4.3320     1.1809
 12.96941     4.0388     1.0747
 12.98483     3.7965     0.9868
 13.00024     3.6075     0.9182
 13.01565     3.4834     0.8736
 13.03107     3.4315     0.8628
 13.04648     3.4103     0.8753
 13.06189     3.3368     0.8636
 13.07731     3.2199     0.8263
 13.09272     3.1119     0.7925
 13.10813     3.0127     0.7624
 13.12355     2.9268     0.7378
 13.13896     2.8599     0.7211
 13.15437     2.8007     0.7084
 13.16979     2.7363     0.6946
 13.18520     2.6665     0.6796
 13.20061     2.5911     0.6633
 13.21603     2.5998     0.6654
 13.23144     4.7034     1.2715
 13.24685     5.4079     1.4718
 13.26227     2.3389     0.6180
 13.27768     0.6638     0.1736
 13.29309     0.7252     0.1972
 13.30851     0.7961     0.2232
 13.32392     0.9235     0.2622
 13.33933     1.0818     0.3097
 13.35475     1.2559     0.3628
 13.37016     1.4457     0.4213
 13.38557     1.6513     0.4855
 13.40099     1.8725     0.5551
 13.41640     2.1095     0.6303
 13.43181     2.3701     0.7138
 13.44723     2.7365     0.8319
 13.46264     3.3411     1.0256
 13.47805     4.3048     1.3351
 13.49347     5.6575     1.7716
 13.50888     7.3840     2.3279
 13.52429     9.0317     2.8452
 13.53971     8.7297     2.7474
 13.55512     7.0201     2.2321
 13.57053     7.9566     2.6465
 13.58595     9.7551     3.3381
 13.60136    10.7480     3.7024
 13.61677    15.0203     5.1761
 13.63219    19.0888     6.7758
 13.64760    20.1461     7.4168
 13.66301    18.5528     6.9213
 13.67843    12.5403     4.6735
 13.69384     7.6211     2.8068
 13.70925     6.3667     2.3537
 13.72467     5.7636     2.1395
 13.74008     5.3320     1.9767
 13.75549     5.0298     1.8511
 13.77091     4.7794     1.7360
 13.78632     4.5374     1.6186
 13.80173     4.3020     1.5010
 13.81715     4.2581     1.4504
 13.83256     5.5515     1.8559
 13.84797     8.9713     3.0019
 13.86339    11.1801     3.7694
 13.87880     9.9756     3.2893
 13.89421     8.4331     2.6599
 13.90963     7.6193     2.3585
 13.92504     6.4680     1.9673
 13.94045     5.6904     1.6190
 13.95587     5.1411     1.3994
 13.97128     4.3937     1.2373
 13.98669     3.7980     1.1017
 14.00211     3.2568     0.9780
 14.01752     2.7692     0.8663
 14.03293     2.3309     0.7657
 14.04835     2.0306     0.7124
 14.06376     3.5954     1.3914
 14.07917     4.9024     1.9672
 14.09459     4.5181     1.8399
 14.11000     4.4779     1.8065
 14.12541     4.4259     1.7581
 14.14083     4.2911     1.6734
 14.15624     4.0695     1.5535
 14.17165     3.7606     1.3986
 14.18707     3.3964     1.2201
 14.20248     3.1859     1.0929
 14.21789     3.2068     1.0462
 14.23331     3.2915     1.0248
 14.24872     3.5561     1.0562
 14.26413     4.1278     1.1738
 14.27955     4.5793     1.2648
 14.29496     4.5387     1.2311
 14.31037     4.2133     1.1270
 14.32579     3.9729     1.0500
 14.34120     3.8942     1.0202
 14.35661     3.9069     1.0187
 14.37203     4.0902     1.0559
 14.38744     3.3579     0.8618
 14.40285     1.2374     0.3188
 14.41827     0.0000     0.0000
 14.43368     0.0000     0.0000
 14.44909     0.0000     0.0000
 14.46451     0.0092     0.0055
 14.47992     0.0790     0.0472
 14.49533     0.2633     0.1574
 14.51075     0.5836     0.3481
 14.52616     1.2631     0.7228
 14.54157     2.0555     1.1174
 14.55699     2.4787     1.2740
 14.57240     2.6808     1.3031
 14.58781     2.8375     1.3139
 14.60323     2.9417     1.3012
 14.61864     3.0462     1.2700
 14.63405     3.2850     1.2630
 14.64947     3.6407     1.2920
 14.66488     4.0285     1.3417
 14.68029     4.3990     1.4061
 14.69571     4.6225     1.4440
 14.71112     4.6155     1.4206
 14.72653     4.4603     1.3452
 14.74195     4.2501     1.2404
 14.75736     3.9093     1.1104
 14.77277     3.8285     1.0827
 14.78819     3.6232     1.0310
 14.80360     3.0551     0.8748
 14.81901     2.6349     0.7610
 14.83443     2.2544     0.6571
 14.84984     4.2881     1.2269
 14.86525     5.3582     1.5214
 14.88067     4.1380     1.1748
 14.89608     3.9916     1.1324
 14.91149     3.8574     1.0923
 14.92691     3.7591     1.0623
 14.94232     3.8928     1.1108
 14.95773     3.5349     1.0064
 14.97315     2.8983     0.8098
 14.98856     2.7360     0.7629
 15.00397     2.6189     0.7314
 15.01939     2.4751     0.6925
 15.03480     2.3478     0.6580
 15.05021     2.2735     0.6377
 15.06563     2.2248     0.6243
 15.08104     2.1806     0.6120
 15.09645     2.1408     0.6007
 15.11187     2.1053     0.5905
 15.12728     2.0742     0.5813
 15.14269     2.0401     0.5711
 15.15811     1.9912     0.5570
 15.17352     1.9226     0.5376
 15.18893     1.8344     0.5132
 15.20435     2.5753     0.6065
 15.21976     3.4908     0.7337
 15.23517     3.8536     0.7913
 15.25059     4.2374     0.8522
 15.26600     4.4249     0.8826
 15.28141     4.3881     0.8760
 15.29683     3.9308     0.7985
 15.31224     3.2212     0.6793
 15.32765     2.7817     0.6074
 15.34307     2.6600     0.5885
 15.35848     2.6370     0.5848
 15.37389     2.6135     0.5806
 15.38931     2.5878     0.5757
 15.40472     2.5598     0.5701
 15.42013     2.5295     0.5637
 15.43555     2.4970     0.5566
 15.45096     2.4622     0.5488
 15.46637     2.4251     0.5402
 15.48179     2.4153     0.5359
 15.49720     2.6192     0.5672
 15.51261     3.0931     0.6431
 15.52803     3.7146     0.7423
 15.54344     4.4851     0.8646
 15.55885     5.2004     0.9733
 15.57427     4.9667     0.9317
 15.58968     4.4759     0.8488
 15.60509     4.4994     0.8406
 15.62051     4.4637     0.8191
 15.63592     4.4499     0.7938
 15.65133     4.4696     0.7647
 15.66675     4.4668     0.7254
 15.68216     4.4991     0.6899
 15.69757     4.5246     0.6635
 15.71299     4.5103     0.6420
 15.72840     4.5123     0.6248
 15.74381     4.5204     0.6071
 15.75923     4.5339     0.5888
 15.77464     4.5528     0.5698
 15.79005     4.5771     0.5502
 15.80547     4.6068     0.5300
 15.82088     4.6666     0.5115
 15.83629     4.9628     0.5152
 15.85171     5.7579     0.5668
 15.86712     6.8475     0.6547
 15.88253     7.0305     0.6840
 15.89795     6.6285     0.6509
 15.91336     8.3423     0.8137
 15.92877     8.9256     0.9190
 15.94419     8.0726     0.8954
 15.95960     9.3585     1.0761
 15.97501    10.6342     1.2562
 15.99043    10.4711     1.2517
 16.00584     8.4446     0.9905
 16.02125     6.3906     0.7139
 16.03667     5.9278     0.6487
 16.05208     5.7083     0.6173
 16.06749     5.2373     0.5539
 16.08291     4.9238     0.5076
 16.09832     4.8048     0.4822
 16.11373     4.8049     0.4721
 16.12915     4.9007     0.4754
 16.14456     5.0921     0.4922
 16.15997     5.3795     0.5224
 16.17539     6.0023     0.5973
 16.19080     5.8309     0.5768
 16.20621     5.5868     0.5373
 16.22163     6.4762     0.6236
 16.23704     7.9443     0.7665
 16.25245    10.1067     0.9755
 16.26787    12.2280     1.1764
 16.28328    13.0674     1.2382
 16.29869    12.0482     1.1046
 16.31411     9.6994     0.8847
 16.32952     7.6065     0.7126
 16.34493     6.3692     0.6049
 16.36035     5.4727     0.5352
 16.37576     5.2278     0.5225
 16.39117     5.4289     0.5437
 16.40659     5.5917     0.5587
 16.42200     5.6641     0.5634
 16.43741     5.6459     0.5577
 16.45283     5.5372     0.5417
 16.46824     5.3380     0.5154
 16.48365     5.0483     0.4787
 16.49907     4.6710     0.4323
 16.51448     4.2472     0.3826
 16.52989     3.8151     0.3346
 16.54531     3.5785     0.3015
 16.56072     2.9748     0.2384
 16.57613     2.2338     0.1699
 16.59155     1.9266     0.1423
 16.60696     1.6279     0.1176
 16.62237     1.3375     0.0957
 16.63779     1.0664     0.0772
 16.65320     1.3573     0.1045
 16.66861     3.2570     0.2928
 16.68403     5.1190     0.4903
 16.69944     5.6542     0.5544
 16.71485     5.7502     0.5702
 16.73027     5.4460     0.5415
 16.74568     4.8996     0.4858
 16.76109     4.2905     0.4236
 16.77651     3.6834     0.3624
 16.79192     3.3461     0.3284
 16.80733     3.3632     0.3299
 16.82275     3.5507     0.3489
 16.83816     3.8156     0.3762
 16.85357     4.0340     0.3993
 16.86899     4.1549     0.4129
 16.88440     4.1783     0.4171
 16.89981     4.1043     0.4119
 16.91523     3.9329     0.3972
 16.93064     3.6635     0.3731
 16.94605     3.2682     0.3373
 16.96147     2.8169     0.2979
 16.97688     2.7493     0.2975
 16.99229     3.1190     0.3413
 17.00771     3.6885     0.4082
 17.02312     4.4901     0.5031
 17.03853     5.4209     0.6157
 17.05395     6.3980     0.7374
 17.06936     7.4242     0.8681
 17.08477     8.4547     1.0034
 17.10019     8.5647     1.0346
 17.11560     6.5399     0.8129
 17.13101     3.8894     0.4963
 17.14643     2.8324     0.3601
 17.16184     2.8421     0.3600
 17.17725     3.0637     0.3848
 17.19267     3.3835     0.4219
 17.20808     3.6354     0.4526
 17.22349     3.8146     0.4762
 17.23891     3.9211     0.4929
 17.25432     3.9830     0.5056
 17.26973     4.1064     0.5256
 17.28515     4.3155     0.5548
 17.30056     4.5503     0.5859
 17.31597     4.8522     0.6255
 17.33139     4.7659     0.6240
 17.34680     4.5337     0.5998
 17.36221     4.9185     0.6534
 17.37763     5.8598     0.7442
 17.39304     6.7063     0.8410
 17.40845     7.4735     0.9731
 17.42387     8.1492     1.0711
 17.43928     8.0970     1.0642
 17.45469     7.3091     0.9504
 17.47011     6.2440     0.7977
 17.48552     5.5761     0.7060
 17.50093     5.2386     0.6654
 17.51635     4.8590     0.6207
 17.53176     4.4907     0.5771
 17.54717     4.3006     0.5557
 17.56259     4.2237     0.5490
 17.57800     4.1423     0.5422
 17.59341     4.0533     0.5350
 17.60883     3.9558     0.5271
 17.62424     3.8529     0.5190
 17.63965     3.7813     0.5139
 17.65507     3.8193     0.5210
 17.67048     3.9673     0.5411
 17.68589     4.1309     0.5634
 17.70131     4.2603     0.5820
 17.71672     4.3598     0.5977
 17.73213     4.5065     0.6224
 17.74755     4.8126     0.6738
 17.76296     5.0890     0.7219
 17.77837     5.1104     0.7296
 17.79379     4.9056     0.6992
 17.80920     4.4686     0.6301
 17.82461     3.7739     0.5192
 17.84003     3.0721     0.4055
 17.85544     2.8172     0.3623
 17.87085     2.8945     0.3724
 17.88627     2.9746     0.3832
 17.90168     3.0531     0.3940
 17.91709     3.1301     0.4048
 17.93251     3.2053     0.4156
 17.94792     3.4056     0.4496
 17.96333     3.1560     0.4178
 17.97875     2.7469     0.3581
 17.99416     2.7581     0.3600
 18.00957     2.7703     0.3619
 18.02499     2.7763     0.3629
 18.04040     2.7760     0.3630
 18.05581     2.7704     0.3624
 18.07123     2.7821     0.3643
 18.08664     2.8276     0.3711
 18.10205     2.8933     0.3809
 18.11747     2.9707     0.3922
 18.13288     3.0597     0.4048
 18.14829     3.1603     0.4188
 18.16371     3.2725     0.4343
 18.17912     3.3963     0.4511
 18.19453     3.5317     0.4693
 18.20995     3.6786     0.4889
 18.22536     4.0473     0.5387
 18.24077     3.7462     0.5029
 18.25619     3.1323     0.4255
 18.27160     3.0866     0.4207
 18.28701     3.0315     0.4148
 18.30243     2.9669     0.4076
 18.31784     2.8979     0.3998
 18.33325     2.8469     0.3945
 18.34867     2.8145     0.3917
 18.36408     2.7827     0.3891
 18.37949     2.7499     0.3864
 18.39491     2.7166     0.3838
 18.41032     2.6819     0.3810
 18.42573     2.6449     0.3781
 18.44115     2.6052     0.3748
 18.45656     2.5725     0.3726
 18.47197     2.5642     0.3742
 18.48739     2.5747     0.3783
 18.50280     2.5930     0.3831
 18.51821     2.6169     0.3885
 18.53363     2.6423     0.3939
 18.54904     2.6690     0.3994
 18.56445     2.6971     0.4050
 18.57987     2.7266     0.4106
 18.59528     2.7576     0.4164
 18.61069     2.7899     0.4222
 18.62611     2.8235     0.4281
 18.64152     2.8586     0.4341
 18.65693     2.8951     0.4402
 18.67235     2.9329     0.4463
 18.68776     2.9722     0.4526
 18.70317     3.0128     0.4589
 18.71859     3.0545     0.4652
 18.73400     3.0955     0.4711
 18.74941     3.1465     0.4779
 18.76483     3.3311     0.5006
 18.78024     3.6774     0.5420
 18.79565     4.0276     0.5834
 18.81107     4.3070     0.6161
 18.82648     4.5157     0.6400
 18.84189     4.6540     0.6552
 18.85731     4.7312     0.6640
 18.87272     4.7698     0.6712
 18.88813     4.7738     0.6776
 18.90355     4.6467     0.6689
 18.91896     4.3795     0.6425
 18.93437     4.0819     0.6109
 18.94979     3.7851     0.5766
 18.96520     3.7384     0.5829
 18.98061     3.4176     0.5388
 18.99603     2.9278     0.4626
 19.01144     2.7973     0.4471
 19.02685     2.6754     0.4326
 19.04227     2.5623     0.4190
 19.05768     2.4578     0.4063
 19.07309     2.3620     0.3946
 19.08851     2.2750     0.3839
 19.10392     2.1966     0.3741
 19.11933     2.1269     0.3652
 19.13475     2.0659     0.3574
 19.15016     2.0135     0.3504
 19.16557     1.9684     0.3443
 19.18099     1.9288     0.3389
 19.19640     1.8924     0.3341
 19.21181     1.8572     0.3295
 19.22723     1.8230     0.3252
 19.24264     1.7899     0.3211
 19.25805     1.7601     0.3178
 19.27347     1.7882     0.3299
 19.28888     1.9646     0.3815
 19.30429     2.1035     0.4237
 19.31971     2.0811     0.4233
 19.33512     2.0486     0.4196
 19.35053     2.3600     0.4395
 19.36595     2.3514     0.4142
 19.38136     1.9844     0.3551
 19.39677     1.9220     0.3313
 19.41219     1.8981     0.3174
 19.42760     1.9125     0.3134
 19.44301     1.9599     0.3179
 19.45843     2.0301     0.3285
 19.47384     2.0351     0.3224
 19.48925     1.8941     0.2781
 19.50467     1.8182     0.2504
 19.52008     1.8813     0.2586
 19.53549     1.9477     0.2676
 19.55091     2.0167     0.2772
 19.56632     2.0883     0.2874
 19.58173     2.1625     0.2982
 19.59715     2.2393     0.3096
 19.61256     2.3186     0.3215
 19.62797     2.4006     0.3340
 19.64339     2.4851     0.3471
 19.65880     2.7267     0.3810
 19.67421     3.3120     0.4600
 19.68963     3.8203     0.5281
 19.70504     3.7847     0.5241
 19.72045     3.2168     0.4495
 19.73587     2.3815     0.3406
 19.75128     1.7058     0.2544
 19.76669     1.3965     0.2151
 19.78211     1.3104     0.2033
 19.79752     1.2623     0.1966
 19.81293     1.2281     0.1922
 19.82835     1.2029     0.1893
 19.84376     1.1998     0.1904
 19.85917     1.2634     0.2040
 19.87459     1.3802     0.2271
 19.89000     1.5192     0.2537
 19.90541     1.7125     0.2887
 19.92083     1.9140     0.3243
 19.93624     2.0520     0.3484
 19.95165     2.1213     0.3600
 19.96707     2.1218     0.3592
 19.98248     2.0768     0.3503
 19.99789     2.0424     0.3439
 20.01331     2.0283     0.3415
 20.02872     2.0113     0.3385
 20.04413     1.9909     0.3348
 20.05955     1.9673     0.3305
 20.07496     1.9403     0.3255
 20.09037     1.9101     0.3199
 20.10579     1.8765     0.3136
 20.12120     1.8396     0.3067
 20.13661     1.7993     0.2991
 20.15203     1.7558     0.2908
 20.16744     1.7090     0.2819
 20.18285     1.6588     0.2723
 20.19827     1.6053     0.2621
 20.21368     1.5485     0.2512
 20.22909     1.4886     0.2397
 20.24451     1.4291     0.2281
 20.25992     1.3763     0.2177
 20.27533     1.3320     0.2087
 20.29075     1.2909     0.2002
 20.30616     1.2480     0.1913
 20.32157     1.2070     0.1828
 20.33699     1.1737     0.1755
 20.35240     1.1496     0.1698
 20.36781     1.1347     0.1657
 20.38323     1.1289     0.1632
 20.39864     1.1322     0.1622
 20.41405     1.1425     0.1624
 20.42947     1.1578     0.1634
 20.44488     1.1778     0.1650
 20.46029     1.2024     0.1672
 20.47571     1.2317     0.1701
 20.49112     1.2657     0.1736
 20.50653     1.3098     0.1783
 20.52195     1.3708     0.1849
 20.53736     1.4494     0.1936
 20.55277     1.5443     0.2043
 20.56819     1.6484     0.2161
 20.58360     1.7521     0.2279
 20.59901     2.1129     0.2815
 20.61443     2.1353     0.2796
 20.62984     1.8908     0.2344
 20.64525     1.9757     0.2434
 20.66067     2.0587     0.2521
 20.67608     2.1393     0.2605
 20.69149     2.2173     0.2687
 20.70691     2.2930     0.2765
 20.72232     2.3662     0.2840
 20.73773     2.4369     0.2912
 20.75315     2.5052     0.2981
 20.76856     2.5710     0.3047
 20.78397     2.6344     0.3110
 20.79939     2.6953     0.3170
 20.81480     2.7537     0.3227
 20.83021     2.8097     0.3281
 20.84563     2.8633     0.3332
 20.86104     2.9144     0.3380
 20.87645     2.9093     0.3364
 20.89187     2.7536     0.3182
 20.90728     2.5954     0.2999
 20.92269     2.5312     0.2922
 20.93811     2.4687     0.2847
 20.95352     2.4079     0.2774
 20.96893     2.3489     0.2704
 20.98435     2.2916     0.2635
 20.99976     2.2360     0.2568
 21.01517     2.1821     0.2503
 21.03059     2.1300     0.2441
 21.04600     2.0795     0.2380
 21.06141     2.2226     0.2453
 21.07683     2.0402     0.2255
 21.09224     1.5942     0.1848
 21.10765     1.4750     0.1713
 21.12307     1.4476     0.1679
 21.13848     1.4396     0.1667
 21.15389     1.4316     0.1654
 21.16931     1.4236     0.1642
 21.18472     1.4155     0.1630
 21.20013     1.4074     0.1617
 21.21555     1.3992     0.1605
 21.23096     1.3910     0.1593
 21.24637     1.3828     0.1581
 21.26179     1.3745     0.1569
 21.27720     1.3661     0.1557
 21.29261     1.3577     0.1545
 21.30803     1.3493     0.1534
 21.32344     1.3408     0.1522
 21.33885     1.3323     0.1510
 21.35427     1.3237     0.1499
 21.36968     1.3148     0.1487
 21.38509     1.3053     0.1475
 21.40051     1.2953     0.1462
 21.41592     1.2848     0.1449
 21.43133     1.2736     0.1436
 21.44675     1.2619     0.1422
 21.46216     1.2497     0.1408
 21.47757     1.2368     0.1393
 21.49299     1.2235     0.1378
 21.50840     1.2094     0.1363
 21.52381     1.1942     0.1347
 21.53923     1.1783     0.1331
 21.55464     1.1622     0.1315
 21.57005     1.1452     0.1298
 21.58547     1.1276     0.1279
 21.60088     1.1117     0.1261
 21.61629     1.0990     0.1245
 21.63171     1.0897     0.1232
 21.64712     1.0835     0.1222
 21.66253     1.0806     0.1215
 21.67795     1.0810     0.1210
 21.69336     1.0849     0.1209
 21.70877     1.1058     0.1223
 21.72419     1.1426     0.1250
 21.73960     1.1788     0.1274
 21.75501     1.2152     0.1296
 21.77043     1.2553     0.1321
 21.78584     1.2990     0.1349
 21.80125     1.3464     0.1381
 21.81667     1.3975     0.1415
 21.83208     1.4523     0.1453
 21.84749     1.5107     0.1494
 21.86291     1.5728     0.1538
 21.87832     1.6386     0.1585
 21.89373     1.7081     0.1635
 21.90915     1.7814     0.1686
 21.92456     1.8591     0.1739
 21.93997     1.9411     0.1791
 21.95539     2.0147     0.1833
 21.97080     2.0274     0.1826
 21.98621     1.9840     0.1775
 22.00163     1.9345     0.1721
 22.01704     1.8842     0.1667
 22.03245     1.8331     0.1613
 22.04787     1.7812     0.1560
 22.06328     1.7285     0.1507
 22.07869     1.6750     0.1455
 22.09411     1.6206     0.1403
 22.10952     1.5655     0.1351
 22.12493     1.5095     0.1300
 22.14035     1.4527     0.1249
 22.15576     1.3951     0.1199
 22.17117     1.3367     0.1148
 22.18659     1.5822     0.1320
 22.20200     1.5660     0.1302
 22.21741     1.2453     0.1067
 22.23283     1.1855     0.1022
 22.24824     1.1252     0.0979
 22.26365     1.0768     0.0943
 22.27907     1.0462     0.0918
 22.29448     1.0218     0.0897
 22.30989     0.9981     0.0877
 22.32531     0.9749     0.0857
 22.34072     0.9523     0.0838
 22.35613     0.9303     0.0819
 22.37155     0.9089     0.0800
 22.38696     0.8880     0.0783
 22.40237     0.8677     0.0765
 22.41779     1.1368     0.0965
 22.43320     1.1698     0.0988
 22.44861     0.9137     0.0795
 22.46403     0.8937     0.0778
 22.47944     0.8741     0.0761
 22.49485     0.8547     0.0744
 22.51027     0.8356     0.0728
 22.52568     0.8169     0.0712
 22.54109     0.7984     0.0696
 22.55651     0.7802     0.0680
 22.57192     0.7622     0.0664
 22.58733     0.7446     0.0649
 22.60275     0.7273     0.0634
 22.61816     0.7102     0.0619
 22.63357     0.6934     0.0605
 22.64899     0.6770     0.0590
 22.66440     0.6608     0.0576
 22.67981     0.6449     0.0562
 22.69523     0.6293     0.0549
 22.71064     0.6140     0.0535
 22.72605     0.5989     0.0522
 22.74147     0.5842     0.0509
 22.75688     0.5697     0.0496
 22.77229     0.5622     0.0488
 22.78771     0.6096     0.0519
 22.80312     0.7112     0.0587
 22.81853     0.8143     0.0656
 22.83395     0.9084     0.0718
 22.84936     0.9935     0.0774
 22.86477     1.0696     0.0824
 22.88019     1.1367     0.0867
 22.89560     1.1948     0.0904
 22.91101     1.2439     0.0935
 22.92643     1.2841     0.0959
 22.94184     1.3728     0.1003
 22.95725     1.5969     0.1109
 22.97267     1.8699     0.1238
 22.98808     2.0691     0.1333
 23.00349     2.1864     0.1388
