       125
  0.0000000000000000D+00  0.0000000000000000D+00  0.0000000000000000D+00
  0.0000000000000000D+00  0.0000000000000000D+00  0.2449489685566357D+00
  0.0000000000000000D+00  0.0000000000000000D+00  0.4898979371132715D+00
  0.0000000000000000D+00  0.0000000000000000D+00  0.7348469056699072D+00
  0.0000000000000000D+00  0.0000000000000000D+00  0.9797958742265429D+00
  0.0000000000000000D+00  0.2309401086850340D+00 -0.8164964675745502D-01
  0.0000000000000000D+00  0.2309401086850340D+00  0.1632993217991807D+00
  0.0000000000000000D+00  0.2309401086850340D+00  0.4082482903558164D+00
  0.0000000000000000D+00  0.2309401086850340D+00  0.6531972589124522D+00
  0.0000000000000000D+00  0.2309401086850340D+00  0.8981462274690879D+00
  0.0000000000000000D+00  0.4618802173700679D+00 -0.1632992935149100D+00
  0.0000000000000000D+00  0.4618802173700679D+00  0.8164967504172568D-01
  0.0000000000000000D+00  0.4618802173700679D+00  0.3265986435983614D+00
  0.0000000000000000D+00  0.4618802173700679D+00  0.5715476121549972D+00
  0.0000000000000000D+00  0.4618802173700679D+00  0.8164965807116329D+00
  0.0000000000000000D+00  0.6928203260551018D+00 -0.2449489402723651D+00
  0.0000000000000000D+00  0.6928203260551018D+00  0.2828427064782701D-07
  0.0000000000000000D+00  0.6928203260551018D+00  0.2449489968409064D+00
  0.0000000000000000D+00  0.6928203260551018D+00  0.4898979653975421D+00
  0.0000000000000000D+00  0.6928203260551018D+00  0.7348469339541779D+00
  0.0000000000000000D+00  0.9237604347401358D+00 -0.3265985870298201D+00
  0.0000000000000000D+00  0.9237604347401358D+00 -0.8164961847318436D-01
  0.0000000000000000D+00  0.9237604347401358D+00  0.1632993500834514D+00
  0.0000000000000000D+00  0.9237604347401358D+00  0.4082483186400871D+00
  0.0000000000000000D+00  0.9237604347401358D+00  0.6531972871967229D+00
  0.2000000000000000D+00 -0.1154700543425170D+00 -0.8164966089959037D-01
  0.2000000000000000D+00 -0.1154700543425170D+00  0.1632993076570454D+00
  0.2000000000000000D+00 -0.1154700543425170D+00  0.4082482762136811D+00
  0.2000000000000000D+00 -0.1154700543425170D+00  0.6531972447703168D+00
  0.2000000000000000D+00 -0.1154700543425170D+00  0.8981462133269525D+00
  0.2000000000000000D+00  0.1154700543425170D+00 -0.1632993076570454D+00
  0.2000000000000000D+00  0.1154700543425170D+00  0.8164966089959033D-01
  0.2000000000000000D+00  0.1154700543425170D+00  0.3265986294562261D+00
  0.2000000000000000D+00  0.1154700543425170D+00  0.5715475980128618D+00
  0.2000000000000000D+00  0.1154700543425170D+00  0.8164965665694975D+00
  0.2000000000000000D+00  0.3464101630275509D+00 -0.2449489544145004D+00
  0.2000000000000000D+00  0.3464101630275509D+00  0.1414213529615793D-07
  0.2000000000000000D+00  0.3464101630275509D+00  0.2449489826987710D+00
  0.2000000000000000D+00  0.3464101630275509D+00  0.4898979512554067D+00
  0.2000000000000000D+00  0.3464101630275509D+00  0.7348469198120424D+00
  0.2000000000000000D+00  0.5773502717125848D+00 -0.3265986011719554D+00
  0.2000000000000000D+00  0.5773502717125848D+00 -0.8164963261531971D-01
  0.2000000000000000D+00  0.5773502717125848D+00  0.1632993359413160D+00
  0.2000000000000000D+00  0.5773502717125848D+00  0.4082483044979517D+00
  0.2000000000000000D+00  0.5773502717125848D+00  0.6531972730545874D+00
  0.2000000000000000D+00  0.8082903803976188D+00 -0.4082482479294104D+00
  0.2000000000000000D+00  0.8082903803976188D+00 -0.1632992793727747D+00
  0.2000000000000000D+00  0.8082903803976188D+00  0.8164968918386101D-01
  0.2000000000000000D+00  0.8082903803976188D+00  0.3265986577404967D+00
  0.2000000000000000D+00  0.8082903803976188D+00  0.5715476262971324D+00
  0.4000000000000000D+00 -0.2309401086850340D+00 -0.1632993217991807D+00
  0.4000000000000000D+00 -0.2309401086850340D+00  0.8164964675745498D-01
  0.4000000000000000D+00 -0.2309401086850340D+00  0.3265986153140907D+00
  0.4000000000000000D+00 -0.2309401086850340D+00  0.5715475838707265D+00
  0.4000000000000000D+00 -0.2309401086850340D+00  0.8164965524273622D+00
  0.4000000000000000D+00  0.0000000000000000D+00 -0.2449489685566358D+00
  0.4000000000000000D+00  0.0000000000000000D+00 -0.5551115123125783D-16
  0.4000000000000000D+00  0.0000000000000000D+00  0.2449489685566357D+00
  0.4000000000000000D+00  0.0000000000000000D+00  0.4898979371132714D+00
  0.4000000000000000D+00  0.0000000000000000D+00  0.7348469056699072D+00
  0.4000000000000000D+00  0.2309401086850340D+00 -0.3265986153140908D+00
  0.4000000000000000D+00  0.2309401086850340D+00 -0.8164964675745506D-01
  0.4000000000000000D+00  0.2309401086850340D+00  0.1632993217991807D+00
  0.4000000000000000D+00  0.2309401086850340D+00  0.4082482903558164D+00
  0.4000000000000000D+00  0.2309401086850340D+00  0.6531972589124522D+00
  0.4000000000000000D+00  0.4618802173700678D+00 -0.4082482620715459D+00
  0.4000000000000000D+00  0.4618802173700678D+00 -0.1632992935149101D+00
  0.4000000000000000D+00  0.4618802173700678D+00  0.8164967504172560D-01
  0.4000000000000000D+00  0.4618802173700678D+00  0.3265986435983613D+00
  0.4000000000000000D+00  0.4618802173700678D+00  0.5715476121549971D+00
  0.4000000000000000D+00  0.6928203260551018D+00 -0.4898979088290009D+00
  0.4000000000000000D+00  0.6928203260551018D+00 -0.2449489402723651D+00
  0.4000000000000000D+00  0.6928203260551018D+00  0.2828427059231586D-07
  0.4000000000000000D+00  0.6928203260551018D+00  0.2449489968409063D+00
  0.4000000000000000D+00  0.6928203260551018D+00  0.4898979653975420D+00
  0.6000000000000001D+00 -0.3464101630275509D+00 -0.2449489826987711D+00
  0.6000000000000001D+00 -0.3464101630275509D+00 -0.1414213540718023D-07
  0.6000000000000001D+00 -0.3464101630275509D+00  0.2449489544145003D+00
  0.6000000000000001D+00 -0.3464101630275509D+00  0.4898979229711360D+00
  0.6000000000000001D+00 -0.3464101630275509D+00  0.7348468915277717D+00
  0.6000000000000001D+00 -0.1154700543425169D+00 -0.3265986294562261D+00
  0.6000000000000001D+00 -0.1154700543425169D+00 -0.8164966089959041D-01
  0.6000000000000001D+00 -0.1154700543425169D+00  0.1632993076570453D+00
  0.6000000000000001D+00 -0.1154700543425169D+00  0.4082482762136810D+00
  0.6000000000000001D+00 -0.1154700543425169D+00  0.6531972447703167D+00
  0.6000000000000001D+00  0.1154700543425170D+00 -0.4082482762136812D+00
  0.6000000000000001D+00  0.1154700543425170D+00 -0.1632993076570455D+00
  0.6000000000000001D+00  0.1154700543425170D+00  0.8164966089959025D-01
  0.6000000000000001D+00  0.1154700543425170D+00  0.3265986294562260D+00
  0.6000000000000001D+00  0.1154700543425170D+00  0.5715475980128617D+00
  0.6000000000000001D+00  0.3464101630275509D+00 -0.4898979229711362D+00
  0.6000000000000001D+00  0.3464101630275509D+00 -0.2449489544145005D+00
  0.6000000000000001D+00  0.3464101630275509D+00  0.1414213524064678D-07
  0.6000000000000001D+00  0.3464101630275509D+00  0.2449489826987710D+00
  0.6000000000000001D+00  0.3464101630275509D+00  0.4898979512554067D+00
  0.6000000000000001D+00  0.5773502717125849D+00 -0.5715475697285912D+00
  0.6000000000000001D+00  0.5773502717125849D+00 -0.3265986011719555D+00
  0.6000000000000001D+00  0.5773502717125849D+00 -0.8164963261531977D-01
  0.6000000000000001D+00  0.5773502717125849D+00  0.1632993359413160D+00
  0.6000000000000001D+00  0.5773502717125849D+00  0.4082483044979517D+00
  0.8000000000000000D+00 -0.4618802173700679D+00 -0.3265986435983615D+00
  0.8000000000000000D+00 -0.4618802173700679D+00 -0.8164967504172577D-01
  0.8000000000000000D+00 -0.4618802173700679D+00  0.1632992935149100D+00
  0.8000000000000000D+00 -0.4618802173700679D+00  0.4082482620715457D+00
  0.8000000000000000D+00 -0.4618802173700679D+00  0.6531972306281815D+00
  0.8000000000000000D+00 -0.2309401086850340D+00 -0.4082482903558165D+00
  0.8000000000000000D+00 -0.2309401086850340D+00 -0.1632993217991808D+00
  0.8000000000000000D+00 -0.2309401086850340D+00  0.8164964675745495D-01
  0.8000000000000000D+00 -0.2309401086850340D+00  0.3265986153140907D+00
  0.8000000000000000D+00 -0.2309401086850340D+00  0.5715475838707265D+00
  0.8000000000000000D+00  0.0000000000000000D+00 -0.4898979371132716D+00
  0.8000000000000000D+00  0.0000000000000000D+00 -0.2449489685566358D+00
  0.8000000000000000D+00  0.0000000000000000D+00 -0.1110223024625157D-15
  0.8000000000000000D+00  0.0000000000000000D+00  0.2449489685566356D+00
  0.8000000000000000D+00  0.0000000000000000D+00  0.4898979371132713D+00
  0.8000000000000000D+00  0.2309401086850339D+00 -0.5715475838707266D+00
  0.8000000000000000D+00  0.2309401086850339D+00 -0.3265986153140908D+00
  0.8000000000000000D+00  0.2309401086850339D+00 -0.8164964675745512D-01
  0.8000000000000000D+00  0.2309401086850339D+00  0.1632993217991806D+00
  0.8000000000000000D+00  0.2309401086850339D+00  0.4082482903558163D+00
  0.8000000000000000D+00  0.4618802173700679D+00 -0.6531972306281816D+00
  0.8000000000000000D+00  0.4618802173700679D+00 -0.4082482620715459D+00
  0.8000000000000000D+00  0.4618802173700679D+00 -0.1632992935149101D+00
  0.8000000000000000D+00  0.4618802173700679D+00  0.8164967504172560D-01
  0.8000000000000000D+00  0.4618802173700679D+00  0.3265986435983613D+00
